INTERVALSTARTTIME_GMT,INTERVALENDTIME_GMT,LOAD_TYPE,OPR_DT,OPR_HR,OPR_INTERVAL,MARKET_RUN_ID,TAC_AREA_NAME,LABEL,XML_DATA_ITEM,POS,MW,EXECUTION_TYPE,GROUP
2019-12-02T06:00:00-00:00,2019-12-02T07:00:00-00:00,0,2019-12-01,23,0,ACTUAL,AZPS,Total Actual Hourly Integrated Load,SYS_FCST_ACT_MW,3.8,2693,ACTUAL,1
2019-12-01T14:00:00-00:00,2019-12-01T15:00:00-00:00,0,2019-12-01,7,0,ACTUAL,AZPS,Total Actual Hourly Integrated Load,SYS_FCST_ACT_MW,3.8,3051,ACTUAL,1
2019-12-01T18:00:00-00:00,2019-12-01T19:00:00-00:00,0,2019-12-01,11,0,ACTUAL,AZPS,Total Actual Hourly Integrated Load,SYS_FCST_ACT_MW,3.8,2352,ACTUAL,1
2019-12-02T07:00:00-00:00,2019-12-02T08:00:00-00:00,0,2019-12-01,24,0,ACTUAL,AZPS,Total Actual Hourly Integrated Load,SYS_FCST_ACT_MW,3.8,2601,ACTUAL,1
2019-12-01T20:00:00-00:00,2019-12-01T21:00:00-00:00,0,2019-12-01,13,0,ACTUAL,AZPS,Total Actual Hourly Integrated Load,SYS_FCST_ACT_MW,3.8,2226,ACTUAL,1
2019-12-02T03:00:00-00:00,2019-12-02T04:00:00-00:00,0,2019-12-01,20,0,ACTUAL,AZPS,Total Actual Hourly Integrated Load,SYS_FCST_ACT_MW,3.8,3138,ACTUAL,1
2019-12-01T11:00:00-00:00,2019-12-01T12:00:00-00:00,0,2019-12-01,4,0,ACTUAL,AZPS,Total Actual Hourly Integrated Load,SYS_FCST_ACT_MW,3.8,2715,ACTUAL,1
2019-12-01T15:00:00-00:00,2019-12-01T16:00:00-00:00,0,2019-12-01,8,0,ACTUAL,AZPS,Total Actual Hourly Integrated Load,SYS_FCST_ACT_MW,3.8,2947,ACTUAL,1
2019-12-02T00:00:00-00:00,2019-12-02T01:00:00-00:00,0,2019-12-01,17,0,ACTUAL,AZPS,Total Actual Hourly Integrated Load,SYS_FCST_ACT_MW,3.8,3024,ACTUAL,1
2019-12-01T22:00:00-00:00,2019-12-01T23:00:00-00:00,0,2019-12-01,15,0,ACTUAL,AZPS,Total Actual Hourly Integrated Load,SYS_FCST_ACT_MW,3.8,2392,ACTUAL,1
2019-12-02T01:00:00-00:00,2019-12-02T02:00:00-00:00,0,2019-12-01,18,0,ACTUAL,AZPS,Total Actual Hourly Integrated Load,SYS_FCST_ACT_MW,3.8,3201,ACTUAL,1
2019-12-02T05:00:00-00:00,2019-12-02T06:00:00-00:00,0,2019-12-01,22,0,ACTUAL,AZPS,Total Actual Hourly Integrated Load,SYS_FCST_ACT_MW,3.8,2861,ACTUAL,1
2019-12-01T13:00:00-00:00,2019-12-01T14:00:00-00:00,0,2019-12-01,6,0,ACTUAL,AZPS,Total Actual Hourly Integrated Load,SYS_FCST_ACT_MW,3.8,2978,ACTUAL,1
2019-12-01T23:00:00-00:00,2019-12-02T00:00:00-00:00,0,2019-12-01,16,0,ACTUAL,AZPS,Total Actual Hourly Integrated Load,SYS_FCST_ACT_MW,3.8,2661,ACTUAL,1
2019-12-02T04:00:00-00:00,2019-12-02T05:00:00-00:00,0,2019-12-01,21,0,ACTUAL,AZPS,Total Actual Hourly Integrated Load,SYS_FCST_ACT_MW,3.8,3038,ACTUAL,1
2019-12-01T12:00:00-00:00,2019-12-01T13:00:00-00:00,0,2019-12-01,5,0,ACTUAL,AZPS,Total Actual Hourly Integrated Load,SYS_FCST_ACT_MW,3.8,2827,ACTUAL,1
2019-12-01T19:00:00-00:00,2019-12-01T20:00:00-00:00,0,2019-12-01,12,0,ACTUAL,AZPS,Total Actual Hourly Integrated Load,SYS_FCST_ACT_MW,3.8,2264,ACTUAL,1
2019-12-01T21:00:00-00:00,2019-12-01T22:00:00-00:00,0,2019-12-01,14,0,ACTUAL,AZPS,Total Actual Hourly Integrated Load,SYS_FCST_ACT_MW,3.8,2262,ACTUAL,1
2019-12-01T09:00:00-00:00,2019-12-01T10:00:00-00:00,0,2019-12-01,2,0,ACTUAL,AZPS,Total Actual Hourly Integrated Load,SYS_FCST_ACT_MW,3.8,2665,ACTUAL,1
2019-12-01T16:00:00-00:00,2019-12-01T17:00:00-00:00,0,2019-12-01,9,0,ACTUAL,AZPS,Total Actual Hourly Integrated Load,SYS_FCST_ACT_MW,3.8,2715,ACTUAL,1
2019-12-01T17:00:00-00:00,2019-12-01T18:00:00-00:00,0,2019-12-01,10,0,ACTUAL,AZPS,Total Actual Hourly Integrated Load,SYS_FCST_ACT_MW,3.8,2505,ACTUAL,1
2019-12-02T02:00:00-00:00,2019-12-02T03:00:00-00:00,0,2019-12-01,19,0,ACTUAL,AZPS,Total Actual Hourly Integrated Load,SYS_FCST_ACT_MW,3.8,3180,ACTUAL,1
2019-12-01T10:00:00-00:00,2019-12-01T11:00:00-00:00,0,2019-12-01,3,0,ACTUAL,AZPS,Total Actual Hourly Integrated Load,SYS_FCST_ACT_MW,3.8,2668,ACTUAL,1
2019-12-01T08:00:00-00:00,2019-12-01T09:00:00-00:00,0,2019-12-01,1,0,ACTUAL,AZPS,Total Actual Hourly Integrated Load,SYS_FCST_ACT_MW,3.8,2689,ACTUAL,1
2019-12-02T02:00:00-00:00,2019-12-02T03:00:00-00:00,0,2019-12-01,19,0,ACTUAL,BANCSMUD,Total Actual Hourly Integrated Load,SYS_FCST_ACT_MW,3.8,1358,ACTUAL,2
2019-12-01T14:00:00-00:00,2019-12-01T15:00:00-00:00,0,2019-12-01,7,0,ACTUAL,BANCSMUD,Total Actual Hourly Integrated Load,SYS_FCST_ACT_MW,3.8,992,ACTUAL,2
2019-12-01T23:00:00-00:00,2019-12-02T00:00:00-00:00,0,2019-12-01,16,0,ACTUAL,BANCSMUD,Total Actual Hourly Integrated Load,SYS_FCST_ACT_MW,3.8,1284,ACTUAL,2
2019-12-01T21:00:00-00:00,2019-12-01T22:00:00-00:00,0,2019-12-01,14,0,ACTUAL,BANCSMUD,Total Actual Hourly Integrated Load,SYS_FCST_ACT_MW,3.8,1270,ACTUAL,2
2019-12-01T15:00:00-00:00,2019-12-01T16:00:00-00:00,0,2019-12-01,8,0,ACTUAL,BANCSMUD,Total Actual Hourly Integrated Load,SYS_FCST_ACT_MW,3.8,1041,ACTUAL,2
2019-12-02T06:00:00-00:00,2019-12-02T07:00:00-00:00,0,2019-12-01,23,0,ACTUAL,BANCSMUD,Total Actual Hourly Integrated Load,SYS_FCST_ACT_MW,3.8,1103,ACTUAL,2
2019-12-01T17:00:00-00:00,2019-12-01T18:00:00-00:00,0,2019-12-01,10,0,ACTUAL,BANCSMUD,Total Actual Hourly Integrated Load,SYS_FCST_ACT_MW,3.8,1174,ACTUAL,2
2019-12-01T16:00:00-00:00,2019-12-01T17:00:00-00:00,0,2019-12-01,9,0,ACTUAL,BANCSMUD,Total Actual Hourly Integrated Load,SYS_FCST_ACT_MW,3.8,1107,ACTUAL,2
2019-12-01T10:00:00-00:00,2019-12-01T11:00:00-00:00,0,2019-12-01,3,0,ACTUAL,BANCSMUD,Total Actual Hourly Integrated Load,SYS_FCST_ACT_MW,3.8,943,ACTUAL,2
2019-12-01T20:00:00-00:00,2019-12-01T21:00:00-00:00,0,2019-12-01,13,0,ACTUAL,BANCSMUD,Total Actual Hourly Integrated Load,SYS_FCST_ACT_MW,3.8,1262,ACTUAL,2
2019-12-02T03:00:00-00:00,2019-12-02T04:00:00-00:00,0,2019-12-01,20,0,ACTUAL,BANCSMUD,Total Actual Hourly Integrated Load,SYS_FCST_ACT_MW,3.8,1326,ACTUAL,2
2019-12-01T19:00:00-00:00,2019-12-01T20:00:00-00:00,0,2019-12-01,12,0,ACTUAL,BANCSMUD,Total Actual Hourly Integrated Load,SYS_FCST_ACT_MW,3.8,1245,ACTUAL,2
2019-12-02T01:00:00-00:00,2019-12-02T02:00:00-00:00,0,2019-12-01,18,0,ACTUAL,BANCSMUD,Total Actual Hourly Integrated Load,SYS_FCST_ACT_MW,3.8,1371,ACTUAL,2
2019-12-02T00:00:00-00:00,2019-12-02T01:00:00-00:00,0,2019-12-01,17,0,ACTUAL,BANCSMUD,Total Actual Hourly Integrated Load,SYS_FCST_ACT_MW,3.8,1326,ACTUAL,2
2019-12-02T05:00:00-00:00,2019-12-02T06:00:00-00:00,0,2019-12-01,22,0,ACTUAL,BANCSMUD,Total Actual Hourly Integrated Load,SYS_FCST_ACT_MW,3.8,1205,ACTUAL,2
2019-12-01T12:00:00-00:00,2019-12-01T13:00:00-00:00,0,2019-12-01,5,0,ACTUAL,BANCSMUD,Total Actual Hourly Integrated Load,SYS_FCST_ACT_MW,3.8,926,ACTUAL,2
2019-12-02T04:00:00-00:00,2019-12-02T05:00:00-00:00,0,2019-12-01,21,0,ACTUAL,BANCSMUD,Total Actual Hourly Integrated Load,SYS_FCST_ACT_MW,3.8,1280,ACTUAL,2
2019-12-02T07:00:00-00:00,2019-12-02T08:00:00-00:00,0,2019-12-01,24,0,ACTUAL,BANCSMUD,Total Actual Hourly Integrated Load,SYS_FCST_ACT_MW,3.8,1017,ACTUAL,2
2019-12-01T18:00:00-00:00,2019-12-01T19:00:00-00:00,0,2019-12-01,11,0,ACTUAL,BANCSMUD,Total Actual Hourly Integrated Load,SYS_FCST_ACT_MW,3.8,1214,ACTUAL,2
2019-12-01T22:00:00-00:00,2019-12-01T23:00:00-00:00,0,2019-12-01,15,0,ACTUAL,BANCSMUD,Total Actual Hourly Integrated Load,SYS_FCST_ACT_MW,3.8,1280,ACTUAL,2
2019-12-01T11:00:00-00:00,2019-12-01T12:00:00-00:00,0,2019-12-01,4,0,ACTUAL,BANCSMUD,Total Actual Hourly Integrated Load,SYS_FCST_ACT_MW,3.8,924,ACTUAL,2
2019-12-01T09:00:00-00:00,2019-12-01T10:00:00-00:00,0,2019-12-01,2,0,ACTUAL,BANCSMUD,Total Actual Hourly Integrated Load,SYS_FCST_ACT_MW,3.8,973,ACTUAL,2
2019-12-01T08:00:00-00:00,2019-12-01T09:00:00-00:00,0,2019-12-01,1,0,ACTUAL,BANCSMUD,Total Actual Hourly Integrated Load,SYS_FCST_ACT_MW,3.8,1021,ACTUAL,2
2019-12-01T13:00:00-00:00,2019-12-01T14:00:00-00:00,0,2019-12-01,6,0,ACTUAL,BANCSMUD,Total Actual Hourly Integrated Load,SYS_FCST_ACT_MW,3.8,951,ACTUAL,2
2019-12-01T15:00:00-00:00,2019-12-01T16:00:00-00:00,0,2019-12-01,8,0,ACTUAL,BCHA,Total Actual Hourly Integrated Load,SYS_FCST_ACT_MW,3.8,8553,ACTUAL,3
2019-12-01T18:00:00-00:00,2019-12-01T19:00:00-00:00,0,2019-12-01,11,0,ACTUAL,BCHA,Total Actual Hourly Integrated Load,SYS_FCST_ACT_MW,3.8,9300,ACTUAL,3
2019-12-01T13:00:00-00:00,2019-12-01T14:00:00-00:00,0,2019-12-01,6,0,ACTUAL,BCHA,Total Actual Hourly Integrated Load,SYS_FCST_ACT_MW,3.8,7857,ACTUAL,3
2019-12-02T05:00:00-00:00,2019-12-02T06:00:00-00:00,0,2019-12-01,22,0,ACTUAL,BCHA,Total Actual Hourly Integrated Load,SYS_FCST_ACT_MW,3.8,8963,ACTUAL,3
2019-12-01T10:00:00-00:00,2019-12-01T11:00:00-00:00,0,2019-12-01,3,0,ACTUAL,BCHA,Total Actual Hourly Integrated Load,SYS_FCST_ACT_MW,3.8,7656,ACTUAL,3
2019-12-02T06:00:00-00:00,2019-12-02T07:00:00-00:00,0,2019-12-01,23,0,ACTUAL,BCHA,Total Actual Hourly Integrated Load,SYS_FCST_ACT_MW,3.8,8436,ACTUAL,3
2019-12-02T02:00:00-00:00,2019-12-02T03:00:00-00:00,0,2019-12-01,19,0,ACTUAL,BCHA,Total Actual Hourly Integrated Load,SYS_FCST_ACT_MW,3.8,9775,ACTUAL,3
2019-12-01T12:00:00-00:00,2019-12-01T13:00:00-00:00,0,2019-12-01,5,0,ACTUAL,BCHA,Total Actual Hourly Integrated Load,SYS_FCST_ACT_MW,3.8,7695,ACTUAL,3
2019-12-01T11:00:00-00:00,2019-12-01T12:00:00-00:00,0,2019-12-01,4,0,ACTUAL,BCHA,Total Actual Hourly Integrated Load,SYS_FCST_ACT_MW,3.8,7650,ACTUAL,3
2019-12-02T04:00:00-00:00,2019-12-02T05:00:00-00:00,0,2019-12-01,21,0,ACTUAL,BCHA,Total Actual Hourly Integrated Load,SYS_FCST_ACT_MW,3.8,9353,ACTUAL,3
2019-12-01T14:00:00-00:00,2019-12-01T15:00:00-00:00,0,2019-12-01,7,0,ACTUAL,BCHA,Total Actual Hourly Integrated Load,SYS_FCST_ACT_MW,3.8,8138,ACTUAL,3
2019-12-01T08:00:00-00:00,2019-12-01T09:00:00-00:00,0,2019-12-01,1,0,ACTUAL,BCHA,Total Actual Hourly Integrated Load,SYS_FCST_ACT_MW,3.8,7890,ACTUAL,3
2019-12-02T07:00:00-00:00,2019-12-02T08:00:00-00:00,0,2019-12-01,24,0,ACTUAL,BCHA,Total Actual Hourly Integrated Load,SYS_FCST_ACT_MW,3.8,7844,ACTUAL,3
2019-12-02T03:00:00-00:00,2019-12-02T04:00:00-00:00,0,2019-12-01,20,0,ACTUAL,BCHA,Total Actual Hourly Integrated Load,SYS_FCST_ACT_MW,3.8,9578,ACTUAL,3
2019-12-01T22:00:00-00:00,2019-12-01T23:00:00-00:00,0,2019-12-01,15,0,ACTUAL,BCHA,Total Actual Hourly Integrated Load,SYS_FCST_ACT_MW,3.8,9064,ACTUAL,3
2019-12-01T19:00:00-00:00,2019-12-01T20:00:00-00:00,0,2019-12-01,12,0,ACTUAL,BCHA,Total Actual Hourly Integrated Load,SYS_FCST_ACT_MW,3.8,9324,ACTUAL,3
2019-12-01T17:00:00-00:00,2019-12-01T18:00:00-00:00,0,2019-12-01,10,0,ACTUAL,BCHA,Total Actual Hourly Integrated Load,SYS_FCST_ACT_MW,3.8,9216,ACTUAL,3
2019-12-02T00:00:00-00:00,2019-12-02T01:00:00-00:00,0,2019-12-01,17,0,ACTUAL,BCHA,Total Actual Hourly Integrated Load,SYS_FCST_ACT_MW,3.8,9728,ACTUAL,3
2019-12-01T16:00:00-00:00,2019-12-01T17:00:00-00:00,0,2019-12-01,9,0,ACTUAL,BCHA,Total Actual Hourly Integrated Load,SYS_FCST_ACT_MW,3.8,8944,ACTUAL,3
2019-12-02T01:00:00-00:00,2019-12-02T02:00:00-00:00,0,2019-12-01,18,0,ACTUAL,BCHA,Total Actual Hourly Integrated Load,SYS_FCST_ACT_MW,3.8,9918,ACTUAL,3
2019-12-01T21:00:00-00:00,2019-12-01T22:00:00-00:00,0,2019-12-01,14,0,ACTUAL,BCHA,Total Actual Hourly Integrated Load,SYS_FCST_ACT_MW,3.8,9141,ACTUAL,3
2019-12-01T20:00:00-00:00,2019-12-01T21:00:00-00:00,0,2019-12-01,13,0,ACTUAL,BCHA,Total Actual Hourly Integrated Load,SYS_FCST_ACT_MW,3.8,9267,ACTUAL,3
2019-12-01T23:00:00-00:00,2019-12-02T00:00:00-00:00,0,2019-12-01,16,0,ACTUAL,BCHA,Total Actual Hourly Integrated Load,SYS_FCST_ACT_MW,3.8,9305,ACTUAL,3
2019-12-01T09:00:00-00:00,2019-12-01T10:00:00-00:00,0,2019-12-01,2,0,ACTUAL,BCHA,Total Actual Hourly Integrated Load,SYS_FCST_ACT_MW,3.8,7734,ACTUAL,3
2019-12-01T16:00:00-00:00,2019-12-01T17:00:00-00:00,0,2019-12-01,9,0,ACTUAL,CA ISO-TAC,Total Actual Hourly Integrated Load,SYS_FCST_ACT_MW,3,21933,ACTUAL,4
2019-12-02T07:00:00-00:00,2019-12-02T08:00:00-00:00,0,2019-12-01,24,0,ACTUAL,CA ISO-TAC,Total Actual Hourly Integrated Load,SYS_FCST_ACT_MW,3,21576,ACTUAL,4
2019-12-02T02:00:00-00:00,2019-12-02T03:00:00-00:00,0,2019-12-01,19,0,ACTUAL,CA ISO-TAC,Total Actual Hourly Integrated Load,SYS_FCST_ACT_MW,3,27262,ACTUAL,4
2019-12-01T10:00:00-00:00,2019-12-01T11:00:00-00:00,0,2019-12-01,3,0,ACTUAL,CA ISO-TAC,Total Actual Hourly Integrated Load,SYS_FCST_ACT_MW,3,20264,ACTUAL,4
2019-12-01T12:00:00-00:00,2019-12-01T13:00:00-00:00,0,2019-12-01,5,0,ACTUAL,CA ISO-TAC,Total Actual Hourly Integrated Load,SYS_FCST_ACT_MW,3,19895,ACTUAL,4
2019-12-01T13:00:00-00:00,2019-12-01T14:00:00-00:00,0,2019-12-01,6,0,ACTUAL,CA ISO-TAC,Total Actual Hourly Integrated Load,SYS_FCST_ACT_MW,3,20238,ACTUAL,4
2019-12-01T19:00:00-00:00,2019-12-01T20:00:00-00:00,0,2019-12-01,12,0,ACTUAL,CA ISO-TAC,Total Actual Hourly Integrated Load,SYS_FCST_ACT_MW,3,22158,ACTUAL,4
2019-12-01T20:00:00-00:00,2019-12-01T21:00:00-00:00,0,2019-12-01,13,0,ACTUAL,CA ISO-TAC,Total Actual Hourly Integrated Load,SYS_FCST_ACT_MW,3,22207,ACTUAL,4
2019-12-01T11:00:00-00:00,2019-12-01T12:00:00-00:00,0,2019-12-01,4,0,ACTUAL,CA ISO-TAC,Total Actual Hourly Integrated Load,SYS_FCST_ACT_MW,3,19976,ACTUAL,4
2019-12-01T15:00:00-00:00,2019-12-01T16:00:00-00:00,0,2019-12-01,8,0,ACTUAL,CA ISO-TAC,Total Actual Hourly Integrated Load,SYS_FCST_ACT_MW,3,21387,ACTUAL,4
2019-12-01T23:00:00-00:00,2019-12-02T00:00:00-00:00,0,2019-12-01,16,0,ACTUAL,CA ISO-TAC,Total Actual Hourly Integrated Load,SYS_FCST_ACT_MW,3,23728,ACTUAL,4
2019-12-02T04:00:00-00:00,2019-12-02T05:00:00-00:00,0,2019-12-01,21,0,ACTUAL,CA ISO-TAC,Total Actual Hourly Integrated Load,SYS_FCST_ACT_MW,3,26146,ACTUAL,4
2019-12-02T03:00:00-00:00,2019-12-02T04:00:00-00:00,0,2019-12-01,20,0,ACTUAL,CA ISO-TAC,Total Actual Hourly Integrated Load,SYS_FCST_ACT_MW,3,26782,ACTUAL,4
2019-12-02T05:00:00-00:00,2019-12-02T06:00:00-00:00,0,2019-12-01,22,0,ACTUAL,CA ISO-TAC,Total Actual Hourly Integrated Load,SYS_FCST_ACT_MW,3,24929,ACTUAL,4
2019-12-01T14:00:00-00:00,2019-12-01T15:00:00-00:00,0,2019-12-01,7,0,ACTUAL,CA ISO-TAC,Total Actual Hourly Integrated Load,SYS_FCST_ACT_MW,3,20945,ACTUAL,4
2019-12-01T22:00:00-00:00,2019-12-01T23:00:00-00:00,0,2019-12-01,15,0,ACTUAL,CA ISO-TAC,Total Actual Hourly Integrated Load,SYS_FCST_ACT_MW,3,22735,ACTUAL,4
2019-12-02T00:00:00-00:00,2019-12-02T01:00:00-00:00,0,2019-12-01,17,0,ACTUAL,CA ISO-TAC,Total Actual Hourly Integrated Load,SYS_FCST_ACT_MW,3,25219,ACTUAL,4
2019-12-01T08:00:00-00:00,2019-12-01T09:00:00-00:00,0,2019-12-01,1,0,ACTUAL,CA ISO-TAC,Total Actual Hourly Integrated Load,SYS_FCST_ACT_MW,3,21386,ACTUAL,4
2019-12-01T09:00:00-00:00,2019-12-01T10:00:00-00:00,0,2019-12-01,2,0,ACTUAL,CA ISO-TAC,Total Actual Hourly Integrated Load,SYS_FCST_ACT_MW,3,20718,ACTUAL,4
2019-12-01T17:00:00-00:00,2019-12-01T18:00:00-00:00,0,2019-12-01,10,0,ACTUAL,CA ISO-TAC,Total Actual Hourly Integrated Load,SYS_FCST_ACT_MW,3,22079,ACTUAL,4
2019-12-01T18:00:00-00:00,2019-12-01T19:00:00-00:00,0,2019-12-01,11,0,ACTUAL,CA ISO-TAC,Total Actual Hourly Integrated Load,SYS_FCST_ACT_MW,3,22192,ACTUAL,4
2019-12-01T21:00:00-00:00,2019-12-01T22:00:00-00:00,0,2019-12-01,14,0,ACTUAL,CA ISO-TAC,Total Actual Hourly Integrated Load,SYS_FCST_ACT_MW,3,22349,ACTUAL,4
2019-12-02T06:00:00-00:00,2019-12-02T07:00:00-00:00,0,2019-12-01,23,0,ACTUAL,CA ISO-TAC,Total Actual Hourly Integrated Load,SYS_FCST_ACT_MW,3,23212,ACTUAL,4
2019-12-02T01:00:00-00:00,2019-12-02T02:00:00-00:00,0,2019-12-01,18,0,ACTUAL,CA ISO-TAC,Total Actual Hourly Integrated Load,SYS_FCST_ACT_MW,3,27048,ACTUAL,4
2019-12-01T10:00:00-00:00,2019-12-01T11:00:00-00:00,0,2019-12-01,3,0,ACTUAL,IPCO,Total Actual Hourly Integrated Load,SYS_FCST_ACT_MW,3.8,1859,ACTUAL,5
2019-12-02T03:00:00-00:00,2019-12-02T04:00:00-00:00,0,2019-12-01,20,0,ACTUAL,IPCO,Total Actual Hourly Integrated Load,SYS_FCST_ACT_MW,3.8,2161,ACTUAL,5
2019-12-02T06:00:00-00:00,2019-12-02T07:00:00-00:00,0,2019-12-01,23,0,ACTUAL,IPCO,Total Actual Hourly Integrated Load,SYS_FCST_ACT_MW,3.8,1812,ACTUAL,5
2019-12-01T15:00:00-00:00,2019-12-01T16:00:00-00:00,0,2019-12-01,8,0,ACTUAL,IPCO,Total Actual Hourly Integrated Load,SYS_FCST_ACT_MW,3.8,2123,ACTUAL,5
2019-12-01T21:00:00-00:00,2019-12-01T22:00:00-00:00,0,2019-12-01,14,0,ACTUAL,IPCO,Total Actual Hourly Integrated Load,SYS_FCST_ACT_MW,3.8,2127,ACTUAL,5
2019-12-01T17:00:00-00:00,2019-12-01T18:00:00-00:00,0,2019-12-01,10,0,ACTUAL,IPCO,Total Actual Hourly Integrated Load,SYS_FCST_ACT_MW,3.8,2178,ACTUAL,5
2019-12-01T22:00:00-00:00,2019-12-01T23:00:00-00:00,0,2019-12-01,15,0,ACTUAL,IPCO,Total Actual Hourly Integrated Load,SYS_FCST_ACT_MW,3.8,2127,ACTUAL,5
2019-12-02T01:00:00-00:00,2019-12-02T02:00:00-00:00,0,2019-12-01,18,0,ACTUAL,IPCO,Total Actual Hourly Integrated Load,SYS_FCST_ACT_MW,3.8,2242,ACTUAL,5
2019-12-01T08:00:00-00:00,2019-12-01T09:00:00-00:00,0,2019-12-01,1,0,ACTUAL,IPCO,Total Actual Hourly Integrated Load,SYS_FCST_ACT_MW,3.8,1869,ACTUAL,5
2019-12-01T11:00:00-00:00,2019-12-01T12:00:00-00:00,0,2019-12-01,4,0,ACTUAL,IPCO,Total Actual Hourly Integrated Load,SYS_FCST_ACT_MW,3.8,1873,ACTUAL,5
2019-12-01T16:00:00-00:00,2019-12-01T17:00:00-00:00,0,2019-12-01,9,0,ACTUAL,IPCO,Total Actual Hourly Integrated Load,SYS_FCST_ACT_MW,3.8,2163,ACTUAL,5
2019-12-02T04:00:00-00:00,2019-12-02T05:00:00-00:00,0,2019-12-01,21,0,ACTUAL,IPCO,Total Actual Hourly Integrated Load,SYS_FCST_ACT_MW,3.8,2063,ACTUAL,5
2019-12-01T13:00:00-00:00,2019-12-01T14:00:00-00:00,0,2019-12-01,6,0,ACTUAL,IPCO,Total Actual Hourly Integrated Load,SYS_FCST_ACT_MW,3.8,1971,ACTUAL,5
2019-12-01T14:00:00-00:00,2019-12-01T15:00:00-00:00,0,2019-12-01,7,0,ACTUAL,IPCO,Total Actual Hourly Integrated Load,SYS_FCST_ACT_MW,3.8,2050,ACTUAL,5
2019-12-01T20:00:00-00:00,2019-12-01T21:00:00-00:00,0,2019-12-01,13,0,ACTUAL,IPCO,Total Actual Hourly Integrated Load,SYS_FCST_ACT_MW,3.8,2146,ACTUAL,5
2019-12-02T07:00:00-00:00,2019-12-02T08:00:00-00:00,0,2019-12-01,24,0,ACTUAL,IPCO,Total Actual Hourly Integrated Load,SYS_FCST_ACT_MW,3.8,1745,ACTUAL,5
2019-12-01T18:00:00-00:00,2019-12-01T19:00:00-00:00,0,2019-12-01,11,0,ACTUAL,IPCO,Total Actual Hourly Integrated Load,SYS_FCST_ACT_MW,3.8,2170,ACTUAL,5
2019-12-01T19:00:00-00:00,2019-12-01T20:00:00-00:00,0,2019-12-01,12,0,ACTUAL,IPCO,Total Actual Hourly Integrated Load,SYS_FCST_ACT_MW,3.8,2169,ACTUAL,5
2019-12-02T02:00:00-00:00,2019-12-02T03:00:00-00:00,0,2019-12-01,19,0,ACTUAL,IPCO,Total Actual Hourly Integrated Load,SYS_FCST_ACT_MW,3.8,2216,ACTUAL,5
2019-12-01T09:00:00-00:00,2019-12-01T10:00:00-00:00,0,2019-12-01,2,0,ACTUAL,IPCO,Total Actual Hourly Integrated Load,SYS_FCST_ACT_MW,3.8,1857,ACTUAL,5
2019-12-01T12:00:00-00:00,2019-12-01T13:00:00-00:00,0,2019-12-01,5,0,ACTUAL,IPCO,Total Actual Hourly Integrated Load,SYS_FCST_ACT_MW,3.8,1908,ACTUAL,5
2019-12-01T23:00:00-00:00,2019-12-02T00:00:00-00:00,0,2019-12-01,16,0,ACTUAL,IPCO,Total Actual Hourly Integrated Load,SYS_FCST_ACT_MW,3.8,2160,ACTUAL,5
2019-12-02T00:00:00-00:00,2019-12-02T01:00:00-00:00,0,2019-12-01,17,0,ACTUAL,IPCO,Total Actual Hourly Integrated Load,SYS_FCST_ACT_MW,3.8,2246,ACTUAL,5
2019-12-02T05:00:00-00:00,2019-12-02T06:00:00-00:00,0,2019-12-01,22,0,ACTUAL,IPCO,Total Actual Hourly Integrated Load,SYS_FCST_ACT_MW,3.8,1926,ACTUAL,5
2019-12-02T05:00:00-00:00,2019-12-02T06:00:00-00:00,0,2019-12-01,22,0,ACTUAL,MWD-TAC,Total Actual Hourly Integrated Load,SYS_FCST_ACT_MW,3.3,33,ACTUAL,6
2019-12-01T13:00:00-00:00,2019-12-01T14:00:00-00:00,0,2019-12-01,6,0,ACTUAL,MWD-TAC,Total Actual Hourly Integrated Load,SYS_FCST_ACT_MW,3.3,40,ACTUAL,6
2019-12-02T00:00:00-00:00,2019-12-02T01:00:00-00:00,0,2019-12-01,17,0,ACTUAL,MWD-TAC,Total Actual Hourly Integrated Load,SYS_FCST_ACT_MW,3.3,34,ACTUAL,6
2019-12-01T17:00:00-00:00,2019-12-01T18:00:00-00:00,0,2019-12-01,10,0,ACTUAL,MWD-TAC,Total Actual Hourly Integrated Load,SYS_FCST_ACT_MW,3.3,41,ACTUAL,6
2019-12-01T18:00:00-00:00,2019-12-01T19:00:00-00:00,0,2019-12-01,11,0,ACTUAL,MWD-TAC,Total Actual Hourly Integrated Load,SYS_FCST_ACT_MW,3.3,39,ACTUAL,6
2019-12-02T04:00:00-00:00,2019-12-02T05:00:00-00:00,0,2019-12-01,21,0,ACTUAL,MWD-TAC,Total Actual Hourly Integrated Load,SYS_FCST_ACT_MW,3.3,35,ACTUAL,6
2019-12-01T15:00:00-00:00,2019-12-01T16:00:00-00:00,0,2019-12-01,8,0,ACTUAL,MWD-TAC,Total Actual Hourly Integrated Load,SYS_FCST_ACT_MW,3.3,40,ACTUAL,6
2019-12-02T07:00:00-00:00,2019-12-02T08:00:00-00:00,0,2019-12-01,24,0,ACTUAL,MWD-TAC,Total Actual Hourly Integrated Load,SYS_FCST_ACT_MW,3.3,36,ACTUAL,6
2019-12-02T02:00:00-00:00,2019-12-02T03:00:00-00:00,0,2019-12-01,19,0,ACTUAL,MWD-TAC,Total Actual Hourly Integrated Load,SYS_FCST_ACT_MW,3.3,35,ACTUAL,6
2019-12-01T11:00:00-00:00,2019-12-01T12:00:00-00:00,0,2019-12-01,4,0,ACTUAL,MWD-TAC,Total Actual Hourly Integrated Load,SYS_FCST_ACT_MW,3.3,40,ACTUAL,6
2019-12-01T12:00:00-00:00,2019-12-01T13:00:00-00:00,0,2019-12-01,5,0,ACTUAL,MWD-TAC,Total Actual Hourly Integrated Load,SYS_FCST_ACT_MW,3.3,44,ACTUAL,6
2019-12-01T23:00:00-00:00,2019-12-02T00:00:00-00:00,0,2019-12-01,16,0,ACTUAL,MWD-TAC,Total Actual Hourly Integrated Load,SYS_FCST_ACT_MW,3.3,40,ACTUAL,6
2019-12-02T06:00:00-00:00,2019-12-02T07:00:00-00:00,0,2019-12-01,23,0,ACTUAL,MWD-TAC,Total Actual Hourly Integrated Load,SYS_FCST_ACT_MW,3.3,35,ACTUAL,6
2019-12-01T19:00:00-00:00,2019-12-01T20:00:00-00:00,0,2019-12-01,12,0,ACTUAL,MWD-TAC,Total Actual Hourly Integrated Load,SYS_FCST_ACT_MW,3.3,39,ACTUAL,6
2019-12-02T01:00:00-00:00,2019-12-02T02:00:00-00:00,0,2019-12-01,18,0,ACTUAL,MWD-TAC,Total Actual Hourly Integrated Load,SYS_FCST_ACT_MW,3.3,36,ACTUAL,6
2019-12-02T03:00:00-00:00,2019-12-02T04:00:00-00:00,0,2019-12-01,20,0,ACTUAL,MWD-TAC,Total Actual Hourly Integrated Load,SYS_FCST_ACT_MW,3.3,35,ACTUAL,6
2019-12-01T09:00:00-00:00,2019-12-01T10:00:00-00:00,0,2019-12-01,2,0,ACTUAL,MWD-TAC,Total Actual Hourly Integrated Load,SYS_FCST_ACT_MW,3.3,39,ACTUAL,6
2019-12-01T10:00:00-00:00,2019-12-01T11:00:00-00:00,0,2019-12-01,3,0,ACTUAL,MWD-TAC,Total Actual Hourly Integrated Load,SYS_FCST_ACT_MW,3.3,38,ACTUAL,6
2019-12-01T14:00:00-00:00,2019-12-01T15:00:00-00:00,0,2019-12-01,7,0,ACTUAL,MWD-TAC,Total Actual Hourly Integrated Load,SYS_FCST_ACT_MW,3.3,37,ACTUAL,6
2019-12-01T16:00:00-00:00,2019-12-01T17:00:00-00:00,0,2019-12-01,9,0,ACTUAL,MWD-TAC,Total Actual Hourly Integrated Load,SYS_FCST_ACT_MW,3.3,38,ACTUAL,6
2019-12-01T20:00:00-00:00,2019-12-01T21:00:00-00:00,0,2019-12-01,13,0,ACTUAL,MWD-TAC,Total Actual Hourly Integrated Load,SYS_FCST_ACT_MW,3.3,50,ACTUAL,6
2019-12-01T21:00:00-00:00,2019-12-01T22:00:00-00:00,0,2019-12-01,14,0,ACTUAL,MWD-TAC,Total Actual Hourly Integrated Load,SYS_FCST_ACT_MW,3.3,39,ACTUAL,6
2019-12-01T08:00:00-00:00,2019-12-01T09:00:00-00:00,0,2019-12-01,1,0,ACTUAL,MWD-TAC,Total Actual Hourly Integrated Load,SYS_FCST_ACT_MW,3.3,37,ACTUAL,6
2019-12-01T22:00:00-00:00,2019-12-01T23:00:00-00:00,0,2019-12-01,15,0,ACTUAL,MWD-TAC,Total Actual Hourly Integrated Load,SYS_FCST_ACT_MW,3.3,44,ACTUAL,6
2019-12-01T09:00:00-00:00,2019-12-01T10:00:00-00:00,0,2019-12-01,2,0,ACTUAL,NEVP,Total Actual Hourly Integrated Load,SYS_FCST_ACT_MW,3.8,3582,ACTUAL,7
2019-12-01T17:00:00-00:00,2019-12-01T18:00:00-00:00,0,2019-12-01,10,0,ACTUAL,NEVP,Total Actual Hourly Integrated Load,SYS_FCST_ACT_MW,3.8,3748,ACTUAL,7
2019-12-01T21:00:00-00:00,2019-12-01T22:00:00-00:00,0,2019-12-01,14,0,ACTUAL,NEVP,Total Actual Hourly Integrated Load,SYS_FCST_ACT_MW,3.8,3737,ACTUAL,7
2019-12-02T05:00:00-00:00,2019-12-02T06:00:00-00:00,0,2019-12-01,22,0,ACTUAL,NEVP,Total Actual Hourly Integrated Load,SYS_FCST_ACT_MW,3.8,4049,ACTUAL,7
2019-12-01T23:00:00-00:00,2019-12-02T00:00:00-00:00,0,2019-12-01,16,0,ACTUAL,NEVP,Total Actual Hourly Integrated Load,SYS_FCST_ACT_MW,3.8,3907,ACTUAL,7
2019-12-02T02:00:00-00:00,2019-12-02T03:00:00-00:00,0,2019-12-01,19,0,ACTUAL,NEVP,Total Actual Hourly Integrated Load,SYS_FCST_ACT_MW,3.8,4286,ACTUAL,7
2019-12-02T03:00:00-00:00,2019-12-02T04:00:00-00:00,0,2019-12-01,20,0,ACTUAL,NEVP,Total Actual Hourly Integrated Load,SYS_FCST_ACT_MW,3.8,4257,ACTUAL,7
2019-12-01T15:00:00-00:00,2019-12-01T16:00:00-00:00,0,2019-12-01,8,0,ACTUAL,NEVP,Total Actual Hourly Integrated Load,SYS_FCST_ACT_MW,3.8,3637,ACTUAL,7
2019-12-01T20:00:00-00:00,2019-12-01T21:00:00-00:00,0,2019-12-01,13,0,ACTUAL,NEVP,Total Actual Hourly Integrated Load,SYS_FCST_ACT_MW,3.8,3717,ACTUAL,7
2019-12-02T00:00:00-00:00,2019-12-02T01:00:00-00:00,0,2019-12-01,17,0,ACTUAL,NEVP,Total Actual Hourly Integrated Load,SYS_FCST_ACT_MW,3.8,4155,ACTUAL,7
2019-12-01T18:00:00-00:00,2019-12-01T19:00:00-00:00,0,2019-12-01,11,0,ACTUAL,NEVP,Total Actual Hourly Integrated Load,SYS_FCST_ACT_MW,3.8,3736,ACTUAL,7
2019-12-01T19:00:00-00:00,2019-12-01T20:00:00-00:00,0,2019-12-01,12,0,ACTUAL,NEVP,Total Actual Hourly Integrated Load,SYS_FCST_ACT_MW,3.8,3731,ACTUAL,7
2019-12-01T11:00:00-00:00,2019-12-01T12:00:00-00:00,0,2019-12-01,4,0,ACTUAL,NEVP,Total Actual Hourly Integrated Load,SYS_FCST_ACT_MW,3.8,3516,ACTUAL,7
2019-12-01T12:00:00-00:00,2019-12-01T13:00:00-00:00,0,2019-12-01,5,0,ACTUAL,NEVP,Total Actual Hourly Integrated Load,SYS_FCST_ACT_MW,3.8,3538,ACTUAL,7
2019-12-01T13:00:00-00:00,2019-12-01T14:00:00-00:00,0,2019-12-01,6,0,ACTUAL,NEVP,Total Actual Hourly Integrated Load,SYS_FCST_ACT_MW,3.8,3588,ACTUAL,7
2019-12-02T06:00:00-00:00,2019-12-02T07:00:00-00:00,0,2019-12-01,23,0,ACTUAL,NEVP,Total Actual Hourly Integrated Load,SYS_FCST_ACT_MW,3.8,3874,ACTUAL,7
2019-12-02T07:00:00-00:00,2019-12-02T08:00:00-00:00,0,2019-12-01,24,0,ACTUAL,NEVP,Total Actual Hourly Integrated Load,SYS_FCST_ACT_MW,3.8,3715,ACTUAL,7
2019-12-01T10:00:00-00:00,2019-12-01T11:00:00-00:00,0,2019-12-01,3,0,ACTUAL,NEVP,Total Actual Hourly Integrated Load,SYS_FCST_ACT_MW,3.8,3531,ACTUAL,7
2019-12-02T01:00:00-00:00,2019-12-02T02:00:00-00:00,0,2019-12-01,18,0,ACTUAL,NEVP,Total Actual Hourly Integrated Load,SYS_FCST_ACT_MW,3.8,4304,ACTUAL,7
2019-12-02T04:00:00-00:00,2019-12-02T05:00:00-00:00,0,2019-12-01,21,0,ACTUAL,NEVP,Total Actual Hourly Integrated Load,SYS_FCST_ACT_MW,3.8,4185,ACTUAL,7
2019-12-01T08:00:00-00:00,2019-12-01T09:00:00-00:00,0,2019-12-01,1,0,ACTUAL,NEVP,Total Actual Hourly Integrated Load,SYS_FCST_ACT_MW,3.8,3681,ACTUAL,7
2019-12-01T22:00:00-00:00,2019-12-01T23:00:00-00:00,0,2019-12-01,15,0,ACTUAL,NEVP,Total Actual Hourly Integrated Load,SYS_FCST_ACT_MW,3.8,3798,ACTUAL,7
2019-12-01T14:00:00-00:00,2019-12-01T15:00:00-00:00,0,2019-12-01,7,0,ACTUAL,NEVP,Total Actual Hourly Integrated Load,SYS_FCST_ACT_MW,3.8,3642,ACTUAL,7
2019-12-01T16:00:00-00:00,2019-12-01T17:00:00-00:00,0,2019-12-01,9,0,ACTUAL,NEVP,Total Actual Hourly Integrated Load,SYS_FCST_ACT_MW,3.8,3716,ACTUAL,7
2019-12-01T11:00:00-00:00,2019-12-01T12:00:00-00:00,0,2019-12-01,4,0,ACTUAL,PACE,Total Actual Hourly Integrated Load,SYS_FCST_ACT_MW,3.8,4982,ACTUAL,8
2019-12-02T02:00:00-00:00,2019-12-02T03:00:00-00:00,0,2019-12-01,19,0,ACTUAL,PACE,Total Actual Hourly Integrated Load,SYS_FCST_ACT_MW,3.8,5937,ACTUAL,8
2019-12-01T08:00:00-00:00,2019-12-01T09:00:00-00:00,0,2019-12-01,1,0,ACTUAL,PACE,Total Actual Hourly Integrated Load,SYS_FCST_ACT_MW,3.8,4986,ACTUAL,8
2019-12-02T00:00:00-00:00,2019-12-02T01:00:00-00:00,0,2019-12-01,17,0,ACTUAL,PACE,Total Actual Hourly Integrated Load,SYS_FCST_ACT_MW,3.8,5929,ACTUAL,8
2019-12-02T05:00:00-00:00,2019-12-02T06:00:00-00:00,0,2019-12-01,22,0,ACTUAL,PACE,Total Actual Hourly Integrated Load,SYS_FCST_ACT_MW,3.8,5400,ACTUAL,8
2019-12-01T19:00:00-00:00,2019-12-01T20:00:00-00:00,0,2019-12-01,12,0,ACTUAL,PACE,Total Actual Hourly Integrated Load,SYS_FCST_ACT_MW,3.8,5279,ACTUAL,8
2019-12-01T14:00:00-00:00,2019-12-01T15:00:00-00:00,0,2019-12-01,7,0,ACTUAL,PACE,Total Actual Hourly Integrated Load,SYS_FCST_ACT_MW,3.8,5283,ACTUAL,8
2019-12-01T09:00:00-00:00,2019-12-01T10:00:00-00:00,0,2019-12-01,2,0,ACTUAL,PACE,Total Actual Hourly Integrated Load,SYS_FCST_ACT_MW,3.8,4950,ACTUAL,8
2019-12-01T23:00:00-00:00,2019-12-02T00:00:00-00:00,0,2019-12-01,16,0,ACTUAL,PACE,Total Actual Hourly Integrated Load,SYS_FCST_ACT_MW,3.8,5576,ACTUAL,8
2019-12-01T20:00:00-00:00,2019-12-01T21:00:00-00:00,0,2019-12-01,13,0,ACTUAL,PACE,Total Actual Hourly Integrated Load,SYS_FCST_ACT_MW,3.8,5281,ACTUAL,8
2019-12-01T10:00:00-00:00,2019-12-01T11:00:00-00:00,0,2019-12-01,3,0,ACTUAL,PACE,Total Actual Hourly Integrated Load,SYS_FCST_ACT_MW,3.8,4951,ACTUAL,8
2019-12-02T01:00:00-00:00,2019-12-02T02:00:00-00:00,0,2019-12-01,18,0,ACTUAL,PACE,Total Actual Hourly Integrated Load,SYS_FCST_ACT_MW,3.8,5976,ACTUAL,8
2019-12-02T07:00:00-00:00,2019-12-02T08:00:00-00:00,0,2019-12-01,24,0,ACTUAL,PACE,Total Actual Hourly Integrated Load,SYS_FCST_ACT_MW,3.8,4967,ACTUAL,8
2019-12-01T21:00:00-00:00,2019-12-01T22:00:00-00:00,0,2019-12-01,14,0,ACTUAL,PACE,Total Actual Hourly Integrated Load,SYS_FCST_ACT_MW,3.8,5305,ACTUAL,8
2019-12-01T17:00:00-00:00,2019-12-01T18:00:00-00:00,0,2019-12-01,10,0,ACTUAL,PACE,Total Actual Hourly Integrated Load,SYS_FCST_ACT_MW,3.8,5333,ACTUAL,8
2019-12-01T22:00:00-00:00,2019-12-01T23:00:00-00:00,0,2019-12-01,15,0,ACTUAL,PACE,Total Actual Hourly Integrated Load,SYS_FCST_ACT_MW,3.8,5361,ACTUAL,8
2019-12-01T15:00:00-00:00,2019-12-01T16:00:00-00:00,0,2019-12-01,8,0,ACTUAL,PACE,Total Actual Hourly Integrated Load,SYS_FCST_ACT_MW,3.8,5366,ACTUAL,8
2019-12-01T12:00:00-00:00,2019-12-01T13:00:00-00:00,0,2019-12-01,5,0,ACTUAL,PACE,Total Actual Hourly Integrated Load,SYS_FCST_ACT_MW,3.8,5046,ACTUAL,8
2019-12-01T13:00:00-00:00,2019-12-01T14:00:00-00:00,0,2019-12-01,6,0,ACTUAL,PACE,Total Actual Hourly Integrated Load,SYS_FCST_ACT_MW,3.8,5135,ACTUAL,8
2019-12-01T16:00:00-00:00,2019-12-01T17:00:00-00:00,0,2019-12-01,9,0,ACTUAL,PACE,Total Actual Hourly Integrated Load,SYS_FCST_ACT_MW,3.8,5376,ACTUAL,8
2019-12-01T18:00:00-00:00,2019-12-01T19:00:00-00:00,0,2019-12-01,11,0,ACTUAL,PACE,Total Actual Hourly Integrated Load,SYS_FCST_ACT_MW,3.8,5306,ACTUAL,8
2019-12-02T03:00:00-00:00,2019-12-02T04:00:00-00:00,0,2019-12-01,20,0,ACTUAL,PACE,Total Actual Hourly Integrated Load,SYS_FCST_ACT_MW,3.8,5851,ACTUAL,8
2019-12-02T04:00:00-00:00,2019-12-02T05:00:00-00:00,0,2019-12-01,21,0,ACTUAL,PACE,Total Actual Hourly Integrated Load,SYS_FCST_ACT_MW,3.8,5678,ACTUAL,8
2019-12-02T06:00:00-00:00,2019-12-02T07:00:00-00:00,0,2019-12-01,23,0,ACTUAL,PACE,Total Actual Hourly Integrated Load,SYS_FCST_ACT_MW,3.8,5127,ACTUAL,8
2019-12-02T05:00:00-00:00,2019-12-02T06:00:00-00:00,0,2019-12-01,22,0,ACTUAL,PACW,Total Actual Hourly Integrated Load,SYS_FCST_ACT_MW,3.8,2650,ACTUAL,9
2019-12-01T19:00:00-00:00,2019-12-01T20:00:00-00:00,0,2019-12-01,12,0,ACTUAL,PACW,Total Actual Hourly Integrated Load,SYS_FCST_ACT_MW,3.8,2824,ACTUAL,9
2019-12-02T02:00:00-00:00,2019-12-02T03:00:00-00:00,0,2019-12-01,19,0,ACTUAL,PACW,Total Actual Hourly Integrated Load,SYS_FCST_ACT_MW,3.8,2938,ACTUAL,9
2019-12-01T23:00:00-00:00,2019-12-02T00:00:00-00:00,0,2019-12-01,16,0,ACTUAL,PACW,Total Actual Hourly Integrated Load,SYS_FCST_ACT_MW,3.8,2682,ACTUAL,9
2019-12-02T01:00:00-00:00,2019-12-02T02:00:00-00:00,0,2019-12-01,18,0,ACTUAL,PACW,Total Actual Hourly Integrated Load,SYS_FCST_ACT_MW,3.8,2956,ACTUAL,9
2019-12-02T00:00:00-00:00,2019-12-02T01:00:00-00:00,0,2019-12-01,17,0,ACTUAL,PACW,Total Actual Hourly Integrated Load,SYS_FCST_ACT_MW,3.8,2827,ACTUAL,9
2019-12-01T22:00:00-00:00,2019-12-01T23:00:00-00:00,0,2019-12-01,15,0,ACTUAL,PACW,Total Actual Hourly Integrated Load,SYS_FCST_ACT_MW,3.8,2652,ACTUAL,9
2019-12-01T14:00:00-00:00,2019-12-01T15:00:00-00:00,0,2019-12-01,7,0,ACTUAL,PACW,Total Actual Hourly Integrated Load,SYS_FCST_ACT_MW,3.8,2611,ACTUAL,9
2019-12-01T11:00:00-00:00,2019-12-01T12:00:00-00:00,0,2019-12-01,4,0,ACTUAL,PACW,Total Actual Hourly Integrated Load,SYS_FCST_ACT_MW,3.8,2342,ACTUAL,9
2019-12-02T06:00:00-00:00,2019-12-02T07:00:00-00:00,0,2019-12-01,23,0,ACTUAL,PACW,Total Actual Hourly Integrated Load,SYS_FCST_ACT_MW,3.8,2465,ACTUAL,9
2019-12-02T04:00:00-00:00,2019-12-02T05:00:00-00:00,0,2019-12-01,21,0,ACTUAL,PACW,Total Actual Hourly Integrated Load,SYS_FCST_ACT_MW,3.8,2809,ACTUAL,9
2019-12-01T15:00:00-00:00,2019-12-01T16:00:00-00:00,0,2019-12-01,8,0,ACTUAL,PACW,Total Actual Hourly Integrated Load,SYS_FCST_ACT_MW,3.8,2771,ACTUAL,9
2019-12-01T08:00:00-00:00,2019-12-01T09:00:00-00:00,0,2019-12-01,1,0,ACTUAL,PACW,Total Actual Hourly Integrated Load,SYS_FCST_ACT_MW,3.8,2388,ACTUAL,9
2019-12-02T07:00:00-00:00,2019-12-02T08:00:00-00:00,0,2019-12-01,24,0,ACTUAL,PACW,Total Actual Hourly Integrated Load,SYS_FCST_ACT_MW,3.8,2332,ACTUAL,9
2019-12-02T03:00:00-00:00,2019-12-02T04:00:00-00:00,0,2019-12-01,20,0,ACTUAL,PACW,Total Actual Hourly Integrated Load,SYS_FCST_ACT_MW,3.8,2889,ACTUAL,9
2019-12-01T21:00:00-00:00,2019-12-01T22:00:00-00:00,0,2019-12-01,14,0,ACTUAL,PACW,Total Actual Hourly Integrated Load,SYS_FCST_ACT_MW,3.8,2671,ACTUAL,9
2019-12-01T20:00:00-00:00,2019-12-01T21:00:00-00:00,0,2019-12-01,13,0,ACTUAL,PACW,Total Actual Hourly Integrated Load,SYS_FCST_ACT_MW,3.8,2726,ACTUAL,9
2019-12-01T17:00:00-00:00,2019-12-01T18:00:00-00:00,0,2019-12-01,10,0,ACTUAL,PACW,Total Actual Hourly Integrated Load,SYS_FCST_ACT_MW,3.8,2907,ACTUAL,9
2019-12-01T18:00:00-00:00,2019-12-01T19:00:00-00:00,0,2019-12-01,11,0,ACTUAL,PACW,Total Actual Hourly Integrated Load,SYS_FCST_ACT_MW,3.8,2879,ACTUAL,9
2019-12-01T10:00:00-00:00,2019-12-01T11:00:00-00:00,0,2019-12-01,3,0,ACTUAL,PACW,Total Actual Hourly Integrated Load,SYS_FCST_ACT_MW,3.8,2318,ACTUAL,9
2019-12-01T09:00:00-00:00,2019-12-01T10:00:00-00:00,0,2019-12-01,2,0,ACTUAL,PACW,Total Actual Hourly Integrated Load,SYS_FCST_ACT_MW,3.8,2337,ACTUAL,9
2019-12-01T12:00:00-00:00,2019-12-01T13:00:00-00:00,0,2019-12-01,5,0,ACTUAL,PACW,Total Actual Hourly Integrated Load,SYS_FCST_ACT_MW,3.8,2390,ACTUAL,9
2019-12-01T13:00:00-00:00,2019-12-01T14:00:00-00:00,0,2019-12-01,6,0,ACTUAL,PACW,Total Actual Hourly Integrated Load,SYS_FCST_ACT_MW,3.8,2472,ACTUAL,9
2019-12-01T16:00:00-00:00,2019-12-01T17:00:00-00:00,0,2019-12-01,9,0,ACTUAL,PACW,Total Actual Hourly Integrated Load,SYS_FCST_ACT_MW,3.8,2886,ACTUAL,9
2019-12-01T09:00:00-00:00,2019-12-01T10:00:00-00:00,0,2019-12-01,2,0,ACTUAL,PGE,Total Actual Hourly Integrated Load,SYS_FCST_ACT_MW,3.8,2243,ACTUAL,10
2019-12-01T21:00:00-00:00,2019-12-01T22:00:00-00:00,0,2019-12-01,14,0,ACTUAL,PGE,Total Actual Hourly Integrated Load,SYS_FCST_ACT_MW,3.8,2817,ACTUAL,10
2019-12-01T15:00:00-00:00,2019-12-01T16:00:00-00:00,0,2019-12-01,8,0,ACTUAL,PGE,Total Actual Hourly Integrated Load,SYS_FCST_ACT_MW,3.8,2588,ACTUAL,10
2019-12-01T16:00:00-00:00,2019-12-01T17:00:00-00:00,0,2019-12-01,9,0,ACTUAL,PGE,Total Actual Hourly Integrated Load,SYS_FCST_ACT_MW,3.8,2730,ACTUAL,10
2019-12-02T03:00:00-00:00,2019-12-02T04:00:00-00:00,0,2019-12-01,20,0,ACTUAL,PGE,Total Actual Hourly Integrated Load,SYS_FCST_ACT_MW,3.8,3013,ACTUAL,10
2019-12-01T08:00:00-00:00,2019-12-01T09:00:00-00:00,0,2019-12-01,1,0,ACTUAL,PGE,Total Actual Hourly Integrated Load,SYS_FCST_ACT_MW,3.8,2307,ACTUAL,10
2019-12-02T02:00:00-00:00,2019-12-02T03:00:00-00:00,0,2019-12-01,19,0,ACTUAL,PGE,Total Actual Hourly Integrated Load,SYS_FCST_ACT_MW,3.8,3071,ACTUAL,10
2019-12-02T04:00:00-00:00,2019-12-02T05:00:00-00:00,0,2019-12-01,21,0,ACTUAL,PGE,Total Actual Hourly Integrated Load,SYS_FCST_ACT_MW,3.8,2900,ACTUAL,10
2019-12-01T13:00:00-00:00,2019-12-01T14:00:00-00:00,0,2019-12-01,6,0,ACTUAL,PGE,Total Actual Hourly Integrated Load,SYS_FCST_ACT_MW,3.8,2311,ACTUAL,10
2019-12-02T06:00:00-00:00,2019-12-02T07:00:00-00:00,0,2019-12-01,23,0,ACTUAL,PGE,Total Actual Hourly Integrated Load,SYS_FCST_ACT_MW,3.8,2517,ACTUAL,10
2019-12-01T10:00:00-00:00,2019-12-01T11:00:00-00:00,0,2019-12-01,3,0,ACTUAL,PGE,Total Actual Hourly Integrated Load,SYS_FCST_ACT_MW,3.8,2204,ACTUAL,10
2019-12-01T11:00:00-00:00,2019-12-01T12:00:00-00:00,0,2019-12-01,4,0,ACTUAL,PGE,Total Actual Hourly Integrated Load,SYS_FCST_ACT_MW,3.8,2196,ACTUAL,10
2019-12-01T14:00:00-00:00,2019-12-01T15:00:00-00:00,0,2019-12-01,7,0,ACTUAL,PGE,Total Actual Hourly Integrated Load,SYS_FCST_ACT_MW,3.8,2440,ACTUAL,10
2019-12-01T18:00:00-00:00,2019-12-01T19:00:00-00:00,0,2019-12-01,11,0,ACTUAL,PGE,Total Actual Hourly Integrated Load,SYS_FCST_ACT_MW,3.8,2902,ACTUAL,10
2019-12-01T19:00:00-00:00,2019-12-01T20:00:00-00:00,0,2019-12-01,12,0,ACTUAL,PGE,Total Actual Hourly Integrated Load,SYS_FCST_ACT_MW,3.8,2894,ACTUAL,10
2019-12-01T20:00:00-00:00,2019-12-01T21:00:00-00:00,0,2019-12-01,13,0,ACTUAL,PGE,Total Actual Hourly Integrated Load,SYS_FCST_ACT_MW,3.8,2843,ACTUAL,10
2019-12-02T00:00:00-00:00,2019-12-02T01:00:00-00:00,0,2019-12-01,17,0,ACTUAL,PGE,Total Actual Hourly Integrated Load,SYS_FCST_ACT_MW,3.8,2982,ACTUAL,10
2019-12-02T07:00:00-00:00,2019-12-02T08:00:00-00:00,0,2019-12-01,24,0,ACTUAL,PGE,Total Actual Hourly Integrated Load,SYS_FCST_ACT_MW,3.8,2330,ACTUAL,10
2019-12-02T01:00:00-00:00,2019-12-02T02:00:00-00:00,0,2019-12-01,18,0,ACTUAL,PGE,Total Actual Hourly Integrated Load,SYS_FCST_ACT_MW,3.8,3100,ACTUAL,10
2019-12-01T22:00:00-00:00,2019-12-01T23:00:00-00:00,0,2019-12-01,15,0,ACTUAL,PGE,Total Actual Hourly Integrated Load,SYS_FCST_ACT_MW,3.8,2808,ACTUAL,10
2019-12-01T23:00:00-00:00,2019-12-02T00:00:00-00:00,0,2019-12-01,16,0,ACTUAL,PGE,Total Actual Hourly Integrated Load,SYS_FCST_ACT_MW,3.8,2843,ACTUAL,10
2019-12-01T17:00:00-00:00,2019-12-01T18:00:00-00:00,0,2019-12-01,10,0,ACTUAL,PGE,Total Actual Hourly Integrated Load,SYS_FCST_ACT_MW,3.8,2839,ACTUAL,10
2019-12-02T05:00:00-00:00,2019-12-02T06:00:00-00:00,0,2019-12-01,22,0,ACTUAL,PGE,Total Actual Hourly Integrated Load,SYS_FCST_ACT_MW,3.8,2738,ACTUAL,10
2019-12-01T12:00:00-00:00,2019-12-01T13:00:00-00:00,0,2019-12-01,5,0,ACTUAL,PGE,Total Actual Hourly Integrated Load,SYS_FCST_ACT_MW,3.8,2229,ACTUAL,10
2019-12-01T17:00:00-00:00,2019-12-01T18:00:00-00:00,0,2019-12-01,10,0,ACTUAL,PGE-TAC,Total Actual Hourly Integrated Load,SYS_FCST_ACT_MW,3.1,10740,ACTUAL,11
2019-12-02T05:00:00-00:00,2019-12-02T06:00:00-00:00,0,2019-12-01,22,0,ACTUAL,PGE-TAC,Total Actual Hourly Integrated Load,SYS_FCST_ACT_MW,3.1,11383,ACTUAL,11
2019-12-01T09:00:00-00:00,2019-12-01T10:00:00-00:00,0,2019-12-01,2,0,ACTUAL,PGE-TAC,Total Actual Hourly Integrated Load,SYS_FCST_ACT_MW,3.1,9610,ACTUAL,11
2019-12-02T04:00:00-00:00,2019-12-02T05:00:00-00:00,0,2019-12-01,21,0,ACTUAL,PGE-TAC,Total Actual Hourly Integrated Load,SYS_FCST_ACT_MW,3.1,11989,ACTUAL,11
2019-12-01T16:00:00-00:00,2019-12-01T17:00:00-00:00,0,2019-12-01,9,0,ACTUAL,PGE-TAC,Total Actual Hourly Integrated Load,SYS_FCST_ACT_MW,3.1,10625,ACTUAL,11
2019-12-02T00:00:00-00:00,2019-12-02T01:00:00-00:00,0,2019-12-01,17,0,ACTUAL,PGE-TAC,Total Actual Hourly Integrated Load,SYS_FCST_ACT_MW,3.1,12009,ACTUAL,11
2019-12-01T18:00:00-00:00,2019-12-01T19:00:00-00:00,0,2019-12-01,11,0,ACTUAL,PGE-TAC,Total Actual Hourly Integrated Load,SYS_FCST_ACT_MW,3.1,10991,ACTUAL,11
2019-12-02T06:00:00-00:00,2019-12-02T07:00:00-00:00,0,2019-12-01,23,0,ACTUAL,PGE-TAC,Total Actual Hourly Integrated Load,SYS_FCST_ACT_MW,3.1,10526,ACTUAL,11
2019-12-02T02:00:00-00:00,2019-12-02T03:00:00-00:00,0,2019-12-01,19,0,ACTUAL,PGE-TAC,Total Actual Hourly Integrated Load,SYS_FCST_ACT_MW,3.1,12632,ACTUAL,11
2019-12-02T01:00:00-00:00,2019-12-02T02:00:00-00:00,0,2019-12-01,18,0,ACTUAL,PGE-TAC,Total Actual Hourly Integrated Load,SYS_FCST_ACT_MW,3.1,12524,ACTUAL,11
2019-12-01T23:00:00-00:00,2019-12-02T00:00:00-00:00,0,2019-12-01,16,0,ACTUAL,PGE-TAC,Total Actual Hourly Integrated Load,SYS_FCST_ACT_MW,3.1,11572,ACTUAL,11
2019-12-01T22:00:00-00:00,2019-12-01T23:00:00-00:00,0,2019-12-01,15,0,ACTUAL,PGE-TAC,Total Actual Hourly Integrated Load,SYS_FCST_ACT_MW,3.1,11466,ACTUAL,11
2019-12-01T21:00:00-00:00,2019-12-01T22:00:00-00:00,0,2019-12-01,14,0,ACTUAL,PGE-TAC,Total Actual Hourly Integrated Load,SYS_FCST_ACT_MW,3.1,11420,ACTUAL,11
2019-12-01T12:00:00-00:00,2019-12-01T13:00:00-00:00,0,2019-12-01,5,0,ACTUAL,PGE-TAC,Total Actual Hourly Integrated Load,SYS_FCST_ACT_MW,3.1,9257,ACTUAL,11
2019-12-01T10:00:00-00:00,2019-12-01T11:00:00-00:00,0,2019-12-01,3,0,ACTUAL,PGE-TAC,Total Actual Hourly Integrated Load,SYS_FCST_ACT_MW,3.1,9439,ACTUAL,11
2019-12-02T07:00:00-00:00,2019-12-02T08:00:00-00:00,0,2019-12-01,24,0,ACTUAL,PGE-TAC,Total Actual Hourly Integrated Load,SYS_FCST_ACT_MW,3.1,9765,ACTUAL,11
2019-12-01T11:00:00-00:00,2019-12-01T12:00:00-00:00,0,2019-12-01,4,0,ACTUAL,PGE-TAC,Total Actual Hourly Integrated Load,SYS_FCST_ACT_MW,3.1,9292,ACTUAL,11
2019-12-01T15:00:00-00:00,2019-12-01T16:00:00-00:00,0,2019-12-01,8,0,ACTUAL,PGE-TAC,Total Actual Hourly Integrated Load,SYS_FCST_ACT_MW,3.1,10167,ACTUAL,11
2019-12-01T14:00:00-00:00,2019-12-01T15:00:00-00:00,0,2019-12-01,7,0,ACTUAL,PGE-TAC,Total Actual Hourly Integrated Load,SYS_FCST_ACT_MW,3.1,9763,ACTUAL,11
2019-12-02T03:00:00-00:00,2019-12-02T04:00:00-00:00,0,2019-12-01,20,0,ACTUAL,PGE-TAC,Total Actual Hourly Integrated Load,SYS_FCST_ACT_MW,3.1,12384,ACTUAL,11
2019-12-01T19:00:00-00:00,2019-12-01T20:00:00-00:00,0,2019-12-01,12,0,ACTUAL,PGE-TAC,Total Actual Hourly Integrated Load,SYS_FCST_ACT_MW,3.1,11190,ACTUAL,11
2019-12-01T08:00:00-00:00,2019-12-01T09:00:00-00:00,0,2019-12-01,1,0,ACTUAL,PGE-TAC,Total Actual Hourly Integrated Load,SYS_FCST_ACT_MW,3.1,9834,ACTUAL,11
2019-12-01T13:00:00-00:00,2019-12-01T14:00:00-00:00,0,2019-12-01,6,0,ACTUAL,PGE-TAC,Total Actual Hourly Integrated Load,SYS_FCST_ACT_MW,3.1,9419,ACTUAL,11
2019-12-01T20:00:00-00:00,2019-12-01T21:00:00-00:00,0,2019-12-01,13,0,ACTUAL,PGE-TAC,Total Actual Hourly Integrated Load,SYS_FCST_ACT_MW,3.1,11345,ACTUAL,11
2019-12-01T17:00:00-00:00,2019-12-01T18:00:00-00:00,0,2019-12-01,10,0,ACTUAL,PSEI,Total Actual Hourly Integrated Load,SYS_FCST_ACT_MW,3.8,3603,ACTUAL,12
2019-12-01T08:00:00-00:00,2019-12-01T09:00:00-00:00,0,2019-12-01,1,0,ACTUAL,PSEI,Total Actual Hourly Integrated Load,SYS_FCST_ACT_MW,3.8,2969,ACTUAL,12
2019-12-02T04:00:00-00:00,2019-12-02T05:00:00-00:00,0,2019-12-01,21,0,ACTUAL,PSEI,Total Actual Hourly Integrated Load,SYS_FCST_ACT_MW,3.8,3559,ACTUAL,12
2019-12-01T21:00:00-00:00,2019-12-01T22:00:00-00:00,0,2019-12-01,14,0,ACTUAL,PSEI,Total Actual Hourly Integrated Load,SYS_FCST_ACT_MW,3.8,3518,ACTUAL,12
2019-12-01T10:00:00-00:00,2019-12-01T11:00:00-00:00,0,2019-12-01,3,0,ACTUAL,PSEI,Total Actual Hourly Integrated Load,SYS_FCST_ACT_MW,3.8,2811,ACTUAL,12
2019-12-01T09:00:00-00:00,2019-12-01T10:00:00-00:00,0,2019-12-01,2,0,ACTUAL,PSEI,Total Actual Hourly Integrated Load,SYS_FCST_ACT_MW,3.8,2867,ACTUAL,12
2019-12-02T07:00:00-00:00,2019-12-02T08:00:00-00:00,0,2019-12-01,24,0,ACTUAL,PSEI,Total Actual Hourly Integrated Load,SYS_FCST_ACT_MW,3.8,2772,ACTUAL,12
2019-12-02T06:00:00-00:00,2019-12-02T07:00:00-00:00,0,2019-12-01,23,0,ACTUAL,PSEI,Total Actual Hourly Integrated Load,SYS_FCST_ACT_MW,3.8,3023,ACTUAL,12
2019-12-01T23:00:00-00:00,2019-12-02T00:00:00-00:00,0,2019-12-01,16,0,ACTUAL,PSEI,Total Actual Hourly Integrated Load,SYS_FCST_ACT_MW,3.8,3546,ACTUAL,12
2019-12-02T02:00:00-00:00,2019-12-02T03:00:00-00:00,0,2019-12-01,19,0,ACTUAL,PSEI,Total Actual Hourly Integrated Load,SYS_FCST_ACT_MW,3.8,3791,ACTUAL,12
2019-12-02T03:00:00-00:00,2019-12-02T04:00:00-00:00,0,2019-12-01,20,0,ACTUAL,PSEI,Total Actual Hourly Integrated Load,SYS_FCST_ACT_MW,3.8,3696,ACTUAL,12
2019-12-01T15:00:00-00:00,2019-12-01T16:00:00-00:00,0,2019-12-01,8,0,ACTUAL,PSEI,Total Actual Hourly Integrated Load,SYS_FCST_ACT_MW,3.8,3325,ACTUAL,12
2019-12-01T13:00:00-00:00,2019-12-01T14:00:00-00:00,0,2019-12-01,6,0,ACTUAL,PSEI,Total Actual Hourly Integrated Load,SYS_FCST_ACT_MW,3.8,2958,ACTUAL,12
2019-12-01T12:00:00-00:00,2019-12-01T13:00:00-00:00,0,2019-12-01,5,0,ACTUAL,PSEI,Total Actual Hourly Integrated Load,SYS_FCST_ACT_MW,3.8,2845,ACTUAL,12
2019-12-02T05:00:00-00:00,2019-12-02T06:00:00-00:00,0,2019-12-01,22,0,ACTUAL,PSEI,Total Actual Hourly Integrated Load,SYS_FCST_ACT_MW,3.8,3331,ACTUAL,12
2019-12-01T18:00:00-00:00,2019-12-01T19:00:00-00:00,0,2019-12-01,11,0,ACTUAL,PSEI,Total Actual Hourly Integrated Load,SYS_FCST_ACT_MW,3.8,3624,ACTUAL,12
2019-12-01T14:00:00-00:00,2019-12-01T15:00:00-00:00,0,2019-12-01,7,0,ACTUAL,PSEI,Total Actual Hourly Integrated Load,SYS_FCST_ACT_MW,3.8,3128,ACTUAL,12
2019-12-01T20:00:00-00:00,2019-12-01T21:00:00-00:00,0,2019-12-01,13,0,ACTUAL,PSEI,Total Actual Hourly Integrated Load,SYS_FCST_ACT_MW,3.8,3573,ACTUAL,12
2019-12-02T00:00:00-00:00,2019-12-02T01:00:00-00:00,0,2019-12-01,17,0,ACTUAL,PSEI,Total Actual Hourly Integrated Load,SYS_FCST_ACT_MW,3.8,3726,ACTUAL,12
2019-12-01T22:00:00-00:00,2019-12-01T23:00:00-00:00,0,2019-12-01,15,0,ACTUAL,PSEI,Total Actual Hourly Integrated Load,SYS_FCST_ACT_MW,3.8,3501,ACTUAL,12
2019-12-02T01:00:00-00:00,2019-12-02T02:00:00-00:00,0,2019-12-01,18,0,ACTUAL,PSEI,Total Actual Hourly Integrated Load,SYS_FCST_ACT_MW,3.8,3844,ACTUAL,12
2019-12-01T16:00:00-00:00,2019-12-01T17:00:00-00:00,0,2019-12-01,9,0,ACTUAL,PSEI,Total Actual Hourly Integrated Load,SYS_FCST_ACT_MW,3.8,3497,ACTUAL,12
2019-12-01T11:00:00-00:00,2019-12-01T12:00:00-00:00,0,2019-12-01,4,0,ACTUAL,PSEI,Total Actual Hourly Integrated Load,SYS_FCST_ACT_MW,3.8,2798,ACTUAL,12
2019-12-01T19:00:00-00:00,2019-12-01T20:00:00-00:00,0,2019-12-01,12,0,ACTUAL,PSEI,Total Actual Hourly Integrated Load,SYS_FCST_ACT_MW,3.8,3609,ACTUAL,12
2019-12-01T21:00:00-00:00,2019-12-01T22:00:00-00:00,0,2019-12-01,14,0,ACTUAL,SCE-TAC,Total Actual Hourly Integrated Load,SYS_FCST_ACT_MW,3.2,9138,ACTUAL,13
2019-12-02T02:00:00-00:00,2019-12-02T03:00:00-00:00,0,2019-12-01,19,0,ACTUAL,SCE-TAC,Total Actual Hourly Integrated Load,SYS_FCST_ACT_MW,3.2,11905,ACTUAL,13
2019-12-02T03:00:00-00:00,2019-12-02T04:00:00-00:00,0,2019-12-01,20,0,ACTUAL,SCE-TAC,Total Actual Hourly Integrated Load,SYS_FCST_ACT_MW,3.2,11724,ACTUAL,13
2019-12-02T07:00:00-00:00,2019-12-02T08:00:00-00:00,0,2019-12-01,24,0,ACTUAL,SCE-TAC,Total Actual Hourly Integrated Load,SYS_FCST_ACT_MW,3.2,9723,ACTUAL,13
2019-12-01T12:00:00-00:00,2019-12-01T13:00:00-00:00,0,2019-12-01,5,0,ACTUAL,SCE-TAC,Total Actual Hourly Integrated Load,SYS_FCST_ACT_MW,3.2,8705,ACTUAL,13
2019-12-01T18:00:00-00:00,2019-12-01T19:00:00-00:00,0,2019-12-01,11,0,ACTUAL,SCE-TAC,Total Actual Hourly Integrated Load,SYS_FCST_ACT_MW,3.2,9412,ACTUAL,13
2019-12-01T09:00:00-00:00,2019-12-01T10:00:00-00:00,0,2019-12-01,2,0,ACTUAL,SCE-TAC,Total Actual Hourly Integrated Load,SYS_FCST_ACT_MW,3.2,9129,ACTUAL,13
2019-12-01T13:00:00-00:00,2019-12-01T14:00:00-00:00,0,2019-12-01,6,0,ACTUAL,SCE-TAC,Total Actual Hourly Integrated Load,SYS_FCST_ACT_MW,3.2,8869,ACTUAL,13
2019-12-02T05:00:00-00:00,2019-12-02T06:00:00-00:00,0,2019-12-01,22,0,ACTUAL,SCE-TAC,Total Actual Hourly Integrated Load,SYS_FCST_ACT_MW,3.2,11096,ACTUAL,13
2019-12-02T06:00:00-00:00,2019-12-02T07:00:00-00:00,0,2019-12-01,23,0,ACTUAL,SCE-TAC,Total Actual Hourly Integrated Load,SYS_FCST_ACT_MW,3.2,10439,ACTUAL,13
2019-12-01T23:00:00-00:00,2019-12-02T00:00:00-00:00,0,2019-12-01,16,0,ACTUAL,SCE-TAC,Total Actual Hourly Integrated Load,SYS_FCST_ACT_MW,3.2,10034,ACTUAL,13
2019-12-01T22:00:00-00:00,2019-12-01T23:00:00-00:00,0,2019-12-01,15,0,ACTUAL,SCE-TAC,Total Actual Hourly Integrated Load,SYS_FCST_ACT_MW,3.2,9364,ACTUAL,13
2019-12-02T01:00:00-00:00,2019-12-02T02:00:00-00:00,0,2019-12-01,18,0,ACTUAL,SCE-TAC,Total Actual Hourly Integrated Load,SYS_FCST_ACT_MW,3.2,11814,ACTUAL,13
2019-12-02T04:00:00-00:00,2019-12-02T05:00:00-00:00,0,2019-12-01,21,0,ACTUAL,SCE-TAC,Total Actual Hourly Integrated Load,SYS_FCST_ACT_MW,3.2,11567,ACTUAL,13
2019-12-01T10:00:00-00:00,2019-12-01T11:00:00-00:00,0,2019-12-01,3,0,ACTUAL,SCE-TAC,Total Actual Hourly Integrated Load,SYS_FCST_ACT_MW,3.2,8899,ACTUAL,13
2019-12-01T11:00:00-00:00,2019-12-01T12:00:00-00:00,0,2019-12-01,4,0,ACTUAL,SCE-TAC,Total Actual Hourly Integrated Load,SYS_FCST_ACT_MW,3.2,8777,ACTUAL,13
2019-12-01T14:00:00-00:00,2019-12-01T15:00:00-00:00,0,2019-12-01,7,0,ACTUAL,SCE-TAC,Total Actual Hourly Integrated Load,SYS_FCST_ACT_MW,3.2,9157,ACTUAL,13
2019-12-01T19:00:00-00:00,2019-12-01T20:00:00-00:00,0,2019-12-01,12,0,ACTUAL,SCE-TAC,Total Actual Hourly Integrated Load,SYS_FCST_ACT_MW,3.2,9227,ACTUAL,13
2019-12-01T08:00:00-00:00,2019-12-01T09:00:00-00:00,0,2019-12-01,1,0,ACTUAL,SCE-TAC,Total Actual Hourly Integrated Load,SYS_FCST_ACT_MW,3.2,9489,ACTUAL,13
2019-12-01T17:00:00-00:00,2019-12-01T18:00:00-00:00,0,2019-12-01,10,0,ACTUAL,SCE-TAC,Total Actual Hourly Integrated Load,SYS_FCST_ACT_MW,3.2,9456,ACTUAL,13
2019-12-01T20:00:00-00:00,2019-12-01T21:00:00-00:00,0,2019-12-01,13,0,ACTUAL,SCE-TAC,Total Actual Hourly Integrated Load,SYS_FCST_ACT_MW,3.2,9131,ACTUAL,13
2019-12-02T00:00:00-00:00,2019-12-02T01:00:00-00:00,0,2019-12-01,17,0,ACTUAL,SCE-TAC,Total Actual Hourly Integrated Load,SYS_FCST_ACT_MW,3.2,10794,ACTUAL,13
2019-12-01T15:00:00-00:00,2019-12-01T16:00:00-00:00,0,2019-12-01,8,0,ACTUAL,SCE-TAC,Total Actual Hourly Integrated Load,SYS_FCST_ACT_MW,3.2,9223,ACTUAL,13
2019-12-01T16:00:00-00:00,2019-12-01T17:00:00-00:00,0,2019-12-01,9,0,ACTUAL,SCE-TAC,Total Actual Hourly Integrated Load,SYS_FCST_ACT_MW,3.2,9365,ACTUAL,13
2019-12-02T06:00:00-00:00,2019-12-02T07:00:00-00:00,0,2019-12-01,23,0,ACTUAL,SCL,Total Actual Hourly Integrated Load,SYS_FCST_ACT_MW,3.8,1156,ACTUAL,14
2019-12-01T13:00:00-00:00,2019-12-01T14:00:00-00:00,0,2019-12-01,6,0,ACTUAL,SCL,Total Actual Hourly Integrated Load,SYS_FCST_ACT_MW,3.8,1054,ACTUAL,14
2019-12-02T00:00:00-00:00,2019-12-02T01:00:00-00:00,0,2019-12-01,17,0,ACTUAL,SCL,Total Actual Hourly Integrated Load,SYS_FCST_ACT_MW,3.8,1375,ACTUAL,14
2019-12-02T01:00:00-00:00,2019-12-02T02:00:00-00:00,0,2019-12-01,18,0,ACTUAL,SCL,Total Actual Hourly Integrated Load,SYS_FCST_ACT_MW,3.8,1415,ACTUAL,14
2019-12-02T02:00:00-00:00,2019-12-02T03:00:00-00:00,0,2019-12-01,19,0,ACTUAL,SCL,Total Actual Hourly Integrated Load,SYS_FCST_ACT_MW,3.8,1409,ACTUAL,14
2019-12-02T04:00:00-00:00,2019-12-02T05:00:00-00:00,0,2019-12-01,21,0,ACTUAL,SCL,Total Actual Hourly Integrated Load,SYS_FCST_ACT_MW,3.8,1332,ACTUAL,14
2019-12-02T05:00:00-00:00,2019-12-02T06:00:00-00:00,0,2019-12-01,22,0,ACTUAL,SCL,Total Actual Hourly Integrated Load,SYS_FCST_ACT_MW,3.8,1261,ACTUAL,14
2019-12-01T18:00:00-00:00,2019-12-01T19:00:00-00:00,0,2019-12-01,11,0,ACTUAL,SCL,Total Actual Hourly Integrated Load,SYS_FCST_ACT_MW,3.8,1301,ACTUAL,14
2019-12-02T07:00:00-00:00,2019-12-02T08:00:00-00:00,0,2019-12-01,24,0,ACTUAL,SCL,Total Actual Hourly Integrated Load,SYS_FCST_ACT_MW,3.8,1062,ACTUAL,14
2019-12-01T08:00:00-00:00,2019-12-01T09:00:00-00:00,0,2019-12-01,1,0,ACTUAL,SCL,Total Actual Hourly Integrated Load,SYS_FCST_ACT_MW,3.8,1093,ACTUAL,14
2019-12-01T21:00:00-00:00,2019-12-01T22:00:00-00:00,0,2019-12-01,14,0,ACTUAL,SCL,Total Actual Hourly Integrated Load,SYS_FCST_ACT_MW,3.8,1300,ACTUAL,14
2019-12-01T11:00:00-00:00,2019-12-01T12:00:00-00:00,0,2019-12-01,4,0,ACTUAL,SCL,Total Actual Hourly Integrated Load,SYS_FCST_ACT_MW,3.8,1011,ACTUAL,14
2019-12-01T16:00:00-00:00,2019-12-01T17:00:00-00:00,0,2019-12-01,9,0,ACTUAL,SCL,Total Actual Hourly Integrated Load,SYS_FCST_ACT_MW,3.8,1223,ACTUAL,14
2019-12-01T17:00:00-00:00,2019-12-01T18:00:00-00:00,0,2019-12-01,10,0,ACTUAL,SCL,Total Actual Hourly Integrated Load,SYS_FCST_ACT_MW,3.8,1279,ACTUAL,14
2019-12-02T03:00:00-00:00,2019-12-02T04:00:00-00:00,0,2019-12-01,20,0,ACTUAL,SCL,Total Actual Hourly Integrated Load,SYS_FCST_ACT_MW,3.8,1377,ACTUAL,14
2019-12-01T15:00:00-00:00,2019-12-01T16:00:00-00:00,0,2019-12-01,8,0,ACTUAL,SCL,Total Actual Hourly Integrated Load,SYS_FCST_ACT_MW,3.8,1162,ACTUAL,14
2019-12-01T19:00:00-00:00,2019-12-01T20:00:00-00:00,0,2019-12-01,12,0,ACTUAL,SCL,Total Actual Hourly Integrated Load,SYS_FCST_ACT_MW,3.8,1307,ACTUAL,14
2019-12-01T14:00:00-00:00,2019-12-01T15:00:00-00:00,0,2019-12-01,7,0,ACTUAL,SCL,Total Actual Hourly Integrated Load,SYS_FCST_ACT_MW,3.8,1101,ACTUAL,14
2019-12-01T20:00:00-00:00,2019-12-01T21:00:00-00:00,0,2019-12-01,13,0,ACTUAL,SCL,Total Actual Hourly Integrated Load,SYS_FCST_ACT_MW,3.8,1307,ACTUAL,14
2019-12-01T22:00:00-00:00,2019-12-01T23:00:00-00:00,0,2019-12-01,15,0,ACTUAL,SCL,Total Actual Hourly Integrated Load,SYS_FCST_ACT_MW,3.8,1302,ACTUAL,14
2019-12-01T23:00:00-00:00,2019-12-02T00:00:00-00:00,0,2019-12-01,16,0,ACTUAL,SCL,Total Actual Hourly Integrated Load,SYS_FCST_ACT_MW,3.8,1318,ACTUAL,14
2019-12-01T10:00:00-00:00,2019-12-01T11:00:00-00:00,0,2019-12-01,3,0,ACTUAL,SCL,Total Actual Hourly Integrated Load,SYS_FCST_ACT_MW,3.8,1023,ACTUAL,14
2019-12-01T12:00:00-00:00,2019-12-01T13:00:00-00:00,0,2019-12-01,5,0,ACTUAL,SCL,Total Actual Hourly Integrated Load,SYS_FCST_ACT_MW,3.8,1020,ACTUAL,14
2019-12-01T09:00:00-00:00,2019-12-01T10:00:00-00:00,0,2019-12-01,2,0,ACTUAL,SCL,Total Actual Hourly Integrated Load,SYS_FCST_ACT_MW,3.8,1053,ACTUAL,14
2019-12-01T18:00:00-00:00,2019-12-01T19:00:00-00:00,0,2019-12-01,11,0,ACTUAL,SDGE-TAC,Total Actual Hourly Integrated Load,SYS_FCST_ACT_MW,3.4,1676,ACTUAL,15
2019-12-02T02:00:00-00:00,2019-12-02T03:00:00-00:00,0,2019-12-01,19,0,ACTUAL,SDGE-TAC,Total Actual Hourly Integrated Load,SYS_FCST_ACT_MW,3.4,2608,ACTUAL,15
2019-12-01T22:00:00-00:00,2019-12-01T23:00:00-00:00,0,2019-12-01,15,0,ACTUAL,SDGE-TAC,Total Actual Hourly Integrated Load,SYS_FCST_ACT_MW,3.4,1796,ACTUAL,15
2019-12-02T03:00:00-00:00,2019-12-02T04:00:00-00:00,0,2019-12-01,20,0,ACTUAL,SDGE-TAC,Total Actual Hourly Integrated Load,SYS_FCST_ACT_MW,3.4,2556,ACTUAL,15
2019-12-01T14:00:00-00:00,2019-12-01T15:00:00-00:00,0,2019-12-01,7,0,ACTUAL,SDGE-TAC,Total Actual Hourly Integrated Load,SYS_FCST_ACT_MW,3.4,1899,ACTUAL,15
2019-12-01T15:00:00-00:00,2019-12-01T16:00:00-00:00,0,2019-12-01,8,0,ACTUAL,SDGE-TAC,Total Actual Hourly Integrated Load,SYS_FCST_ACT_MW,3.4,1865,ACTUAL,15
2019-12-01T17:00:00-00:00,2019-12-01T18:00:00-00:00,0,2019-12-01,10,0,ACTUAL,SDGE-TAC,Total Actual Hourly Integrated Load,SYS_FCST_ACT_MW,3.4,1759,ACTUAL,15
2019-12-01T13:00:00-00:00,2019-12-01T14:00:00-00:00,0,2019-12-01,6,0,ACTUAL,SDGE-TAC,Total Actual Hourly Integrated Load,SYS_FCST_ACT_MW,3.4,1828,ACTUAL,15
2019-12-01T12:00:00-00:00,2019-12-01T13:00:00-00:00,0,2019-12-01,5,0,ACTUAL,SDGE-TAC,Total Actual Hourly Integrated Load,SYS_FCST_ACT_MW,3.4,1812,ACTUAL,15
2019-12-02T04:00:00-00:00,2019-12-02T05:00:00-00:00,0,2019-12-01,21,0,ACTUAL,SDGE-TAC,Total Actual Hourly Integrated Load,SYS_FCST_ACT_MW,3.4,2474,ACTUAL,15
2019-12-02T06:00:00-00:00,2019-12-02T07:00:00-00:00,0,2019-12-01,23,0,ACTUAL,SDGE-TAC,Total Actual Hourly Integrated Load,SYS_FCST_ACT_MW,3.4,2135,ACTUAL,15
2019-12-02T07:00:00-00:00,2019-12-02T08:00:00-00:00,0,2019-12-01,24,0,ACTUAL,SDGE-TAC,Total Actual Hourly Integrated Load,SYS_FCST_ACT_MW,3.4,1976,ACTUAL,15
2019-12-01T10:00:00-00:00,2019-12-01T11:00:00-00:00,0,2019-12-01,3,0,ACTUAL,SDGE-TAC,Total Actual Hourly Integrated Load,SYS_FCST_ACT_MW,3.4,1814,ACTUAL,15
2019-12-01T11:00:00-00:00,2019-12-01T12:00:00-00:00,0,2019-12-01,4,0,ACTUAL,SDGE-TAC,Total Actual Hourly Integrated Load,SYS_FCST_ACT_MW,3.4,1793,ACTUAL,15
2019-12-02T05:00:00-00:00,2019-12-02T06:00:00-00:00,0,2019-12-01,22,0,ACTUAL,SDGE-TAC,Total Actual Hourly Integrated Load,SYS_FCST_ACT_MW,3.4,2337,ACTUAL,15
2019-12-01T09:00:00-00:00,2019-12-01T10:00:00-00:00,0,2019-12-01,2,0,ACTUAL,SDGE-TAC,Total Actual Hourly Integrated Load,SYS_FCST_ACT_MW,3.4,1867,ACTUAL,15
2019-12-01T19:00:00-00:00,2019-12-01T20:00:00-00:00,0,2019-12-01,12,0,ACTUAL,SDGE-TAC,Total Actual Hourly Integrated Load,SYS_FCST_ACT_MW,3.4,1633,ACTUAL,15
2019-12-01T20:00:00-00:00,2019-12-01T21:00:00-00:00,0,2019-12-01,13,0,ACTUAL,SDGE-TAC,Total Actual Hourly Integrated Load,SYS_FCST_ACT_MW,3.4,1614,ACTUAL,15
2019-12-01T23:00:00-00:00,2019-12-02T00:00:00-00:00,0,2019-12-01,16,0,ACTUAL,SDGE-TAC,Total Actual Hourly Integrated Load,SYS_FCST_ACT_MW,3.4,2014,ACTUAL,15
2019-12-01T16:00:00-00:00,2019-12-01T17:00:00-00:00,0,2019-12-01,9,0,ACTUAL,SDGE-TAC,Total Actual Hourly Integrated Load,SYS_FCST_ACT_MW,3.4,1815,ACTUAL,15
2019-12-02T00:00:00-00:00,2019-12-02T01:00:00-00:00,0,2019-12-01,17,0,ACTUAL,SDGE-TAC,Total Actual Hourly Integrated Load,SYS_FCST_ACT_MW,3.4,2307,ACTUAL,15
2019-12-01T08:00:00-00:00,2019-12-01T09:00:00-00:00,0,2019-12-01,1,0,ACTUAL,SDGE-TAC,Total Actual Hourly Integrated Load,SYS_FCST_ACT_MW,3.4,1954,ACTUAL,15
2019-12-02T01:00:00-00:00,2019-12-02T02:00:00-00:00,0,2019-12-01,18,0,ACTUAL,SDGE-TAC,Total Actual Hourly Integrated Load,SYS_FCST_ACT_MW,3.4,2593,ACTUAL,15
2019-12-01T21:00:00-00:00,2019-12-01T22:00:00-00:00,0,2019-12-01,14,0,ACTUAL,SDGE-TAC,Total Actual Hourly Integrated Load,SYS_FCST_ACT_MW,3.4,1688,ACTUAL,15
2019-12-01T23:00:00-00:00,2019-12-02T00:00:00-00:00,0,2019-12-01,16,0,ACTUAL,SRP,Total Actual Hourly Integrated Load,SYS_FCST_ACT_MW,3.8,2669,ACTUAL,16
2019-12-01T09:00:00-00:00,2019-12-01T10:00:00-00:00,0,2019-12-01,2,0,ACTUAL,SRP,Total Actual Hourly Integrated Load,SYS_FCST_ACT_MW,3.8,2516,ACTUAL,16
2019-12-01T12:00:00-00:00,2019-12-01T13:00:00-00:00,0,2019-12-01,5,0,ACTUAL,SRP,Total Actual Hourly Integrated Load,SYS_FCST_ACT_MW,3.8,2666,ACTUAL,16
2019-12-01T21:00:00-00:00,2019-12-01T22:00:00-00:00,0,2019-12-01,14,0,ACTUAL,SRP,Total Actual Hourly Integrated Load,SYS_FCST_ACT_MW,3.8,2571,ACTUAL,16
2019-12-02T05:00:00-00:00,2019-12-02T06:00:00-00:00,0,2019-12-01,22,0,ACTUAL,SRP,Total Actual Hourly Integrated Load,SYS_FCST_ACT_MW,3.8,2754,ACTUAL,16
2019-12-01T11:00:00-00:00,2019-12-01T12:00:00-00:00,0,2019-12-01,4,0,ACTUAL,SRP,Total Actual Hourly Integrated Load,SYS_FCST_ACT_MW,3.8,2583,ACTUAL,16
2019-12-01T13:00:00-00:00,2019-12-01T14:00:00-00:00,0,2019-12-01,6,0,ACTUAL,SRP,Total Actual Hourly Integrated Load,SYS_FCST_ACT_MW,3.8,2812,ACTUAL,16
2019-12-01T15:00:00-00:00,2019-12-01T16:00:00-00:00,0,2019-12-01,8,0,ACTUAL,SRP,Total Actual Hourly Integrated Load,SYS_FCST_ACT_MW,3.8,2945,ACTUAL,16
2019-12-01T18:00:00-00:00,2019-12-01T19:00:00-00:00,0,2019-12-01,11,0,ACTUAL,SRP,Total Actual Hourly Integrated Load,SYS_FCST_ACT_MW,3.8,2714,ACTUAL,16
2019-12-02T01:00:00-00:00,2019-12-02T02:00:00-00:00,0,2019-12-01,18,0,ACTUAL,SRP,Total Actual Hourly Integrated Load,SYS_FCST_ACT_MW,3.8,3053,ACTUAL,16
2019-12-01T20:00:00-00:00,2019-12-01T21:00:00-00:00,0,2019-12-01,13,0,ACTUAL,SRP,Total Actual Hourly Integrated Load,SYS_FCST_ACT_MW,3.8,2597,ACTUAL,16
2019-12-01T22:00:00-00:00,2019-12-01T23:00:00-00:00,0,2019-12-01,15,0,ACTUAL,SRP,Total Actual Hourly Integrated Load,SYS_FCST_ACT_MW,3.8,2589,ACTUAL,16
2019-12-02T02:00:00-00:00,2019-12-02T03:00:00-00:00,0,2019-12-01,19,0,ACTUAL,SRP,Total Actual Hourly Integrated Load,SYS_FCST_ACT_MW,3.8,3066,ACTUAL,16
2019-12-02T06:00:00-00:00,2019-12-02T07:00:00-00:00,0,2019-12-01,23,0,ACTUAL,SRP,Total Actual Hourly Integrated Load,SYS_FCST_ACT_MW,3.8,2599,ACTUAL,16
2019-12-02T07:00:00-00:00,2019-12-02T08:00:00-00:00,0,2019-12-01,24,0,ACTUAL,SRP,Total Actual Hourly Integrated Load,SYS_FCST_ACT_MW,3.8,2478,ACTUAL,16
2019-12-01T10:00:00-00:00,2019-12-01T11:00:00-00:00,0,2019-12-01,3,0,ACTUAL,SRP,Total Actual Hourly Integrated Load,SYS_FCST_ACT_MW,3.8,2531,ACTUAL,16
2019-12-01T16:00:00-00:00,2019-12-01T17:00:00-00:00,0,2019-12-01,9,0,ACTUAL,SRP,Total Actual Hourly Integrated Load,SYS_FCST_ACT_MW,3.8,2873,ACTUAL,16
2019-12-01T14:00:00-00:00,2019-12-01T15:00:00-00:00,0,2019-12-01,7,0,ACTUAL,SRP,Total Actual Hourly Integrated Load,SYS_FCST_ACT_MW,3.8,2923,ACTUAL,16
2019-12-01T17:00:00-00:00,2019-12-01T18:00:00-00:00,0,2019-12-01,10,0,ACTUAL,SRP,Total Actual Hourly Integrated Load,SYS_FCST_ACT_MW,3.8,2784,ACTUAL,16
2019-12-01T19:00:00-00:00,2019-12-01T20:00:00-00:00,0,2019-12-01,12,0,ACTUAL,SRP,Total Actual Hourly Integrated Load,SYS_FCST_ACT_MW,3.8,2652,ACTUAL,16
2019-12-01T08:00:00-00:00,2019-12-01T09:00:00-00:00,0,2019-12-01,1,0,ACTUAL,SRP,Total Actual Hourly Integrated Load,SYS_FCST_ACT_MW,3.8,2549,ACTUAL,16
2019-12-02T00:00:00-00:00,2019-12-02T01:00:00-00:00,0,2019-12-01,17,0,ACTUAL,SRP,Total Actual Hourly Integrated Load,SYS_FCST_ACT_MW,3.8,2907,ACTUAL,16
2019-12-02T04:00:00-00:00,2019-12-02T05:00:00-00:00,0,2019-12-01,21,0,ACTUAL,SRP,Total Actual Hourly Integrated Load,SYS_FCST_ACT_MW,3.8,2930,ACTUAL,16
2019-12-02T03:00:00-00:00,2019-12-02T04:00:00-00:00,0,2019-12-01,20,0,ACTUAL,SRP,Total Actual Hourly Integrated Load,SYS_FCST_ACT_MW,3.8,3029,ACTUAL,16
2019-12-02T06:00:00-00:00,2019-12-02T07:00:00-00:00,0,2019-12-01,23,0,ACTUAL,VEA-TAC,Total Actual Hourly Integrated Load,SYS_FCST_ACT_MW,3.5,77,ACTUAL,17
2019-12-01T12:00:00-00:00,2019-12-01T13:00:00-00:00,0,2019-12-01,5,0,ACTUAL,VEA-TAC,Total Actual Hourly Integrated Load,SYS_FCST_ACT_MW,3.5,77,ACTUAL,17
2019-12-01T20:00:00-00:00,2019-12-01T21:00:00-00:00,0,2019-12-01,13,0,ACTUAL,VEA-TAC,Total Actual Hourly Integrated Load,SYS_FCST_ACT_MW,3.5,67,ACTUAL,17
2019-12-02T02:00:00-00:00,2019-12-02T03:00:00-00:00,0,2019-12-01,19,0,ACTUAL,VEA-TAC,Total Actual Hourly Integrated Load,SYS_FCST_ACT_MW,3.5,82,ACTUAL,17
2019-12-02T01:00:00-00:00,2019-12-02T02:00:00-00:00,0,2019-12-01,18,0,ACTUAL,VEA-TAC,Total Actual Hourly Integrated Load,SYS_FCST_ACT_MW,3.5,81,ACTUAL,17
2019-12-02T07:00:00-00:00,2019-12-02T08:00:00-00:00,0,2019-12-01,24,0,ACTUAL,VEA-TAC,Total Actual Hourly Integrated Load,SYS_FCST_ACT_MW,3.5,76,ACTUAL,17
2019-12-01T08:00:00-00:00,2019-12-01T09:00:00-00:00,0,2019-12-01,1,0,ACTUAL,VEA-TAC,Total Actual Hourly Integrated Load,SYS_FCST_ACT_MW,3.5,72,ACTUAL,17
2019-12-01T11:00:00-00:00,2019-12-01T12:00:00-00:00,0,2019-12-01,4,0,ACTUAL,VEA-TAC,Total Actual Hourly Integrated Load,SYS_FCST_ACT_MW,3.5,74,ACTUAL,17
2019-12-01T14:00:00-00:00,2019-12-01T15:00:00-00:00,0,2019-12-01,7,0,ACTUAL,VEA-TAC,Total Actual Hourly Integrated Load,SYS_FCST_ACT_MW,3.5,89,ACTUAL,17
2019-12-01T16:00:00-00:00,2019-12-01T17:00:00-00:00,0,2019-12-01,9,0,ACTUAL,VEA-TAC,Total Actual Hourly Integrated Load,SYS_FCST_ACT_MW,3.5,90,ACTUAL,17
2019-12-01T18:00:00-00:00,2019-12-01T19:00:00-00:00,0,2019-12-01,11,0,ACTUAL,VEA-TAC,Total Actual Hourly Integrated Load,SYS_FCST_ACT_MW,3.5,74,ACTUAL,17
2019-12-01T19:00:00-00:00,2019-12-01T20:00:00-00:00,0,2019-12-01,12,0,ACTUAL,VEA-TAC,Total Actual Hourly Integrated Load,SYS_FCST_ACT_MW,3.5,69,ACTUAL,17
2019-12-02T04:00:00-00:00,2019-12-02T05:00:00-00:00,0,2019-12-01,21,0,ACTUAL,VEA-TAC,Total Actual Hourly Integrated Load,SYS_FCST_ACT_MW,3.5,81,ACTUAL,17
2019-12-01T13:00:00-00:00,2019-12-01T14:00:00-00:00,0,2019-12-01,6,0,ACTUAL,VEA-TAC,Total Actual Hourly Integrated Load,SYS_FCST_ACT_MW,3.5,82,ACTUAL,17
2019-12-01T15:00:00-00:00,2019-12-01T16:00:00-00:00,0,2019-12-01,8,0,ACTUAL,VEA-TAC,Total Actual Hourly Integrated Load,SYS_FCST_ACT_MW,3.5,92,ACTUAL,17
2019-12-02T05:00:00-00:00,2019-12-02T06:00:00-00:00,0,2019-12-01,22,0,ACTUAL,VEA-TAC,Total Actual Hourly Integrated Load,SYS_FCST_ACT_MW,3.5,80,ACTUAL,17
2019-12-01T10:00:00-00:00,2019-12-01T11:00:00-00:00,0,2019-12-01,3,0,ACTUAL,VEA-TAC,Total Actual Hourly Integrated Load,SYS_FCST_ACT_MW,3.5,74,ACTUAL,17
2019-12-02T00:00:00-00:00,2019-12-02T01:00:00-00:00,0,2019-12-01,17,0,ACTUAL,VEA-TAC,Total Actual Hourly Integrated Load,SYS_FCST_ACT_MW,3.5,75,ACTUAL,17
2019-12-01T09:00:00-00:00,2019-12-01T10:00:00-00:00,0,2019-12-01,2,0,ACTUAL,VEA-TAC,Total Actual Hourly Integrated Load,SYS_FCST_ACT_MW,3.5,73,ACTUAL,17
2019-12-01T21:00:00-00:00,2019-12-01T22:00:00-00:00,0,2019-12-01,14,0,ACTUAL,VEA-TAC,Total Actual Hourly Integrated Load,SYS_FCST_ACT_MW,3.5,64,ACTUAL,17
2019-12-01T22:00:00-00:00,2019-12-01T23:00:00-00:00,0,2019-12-01,15,0,ACTUAL,VEA-TAC,Total Actual Hourly Integrated Load,SYS_FCST_ACT_MW,3.5,65,ACTUAL,17
2019-12-01T23:00:00-00:00,2019-12-02T00:00:00-00:00,0,2019-12-01,16,0,ACTUAL,VEA-TAC,Total Actual Hourly Integrated Load,SYS_FCST_ACT_MW,3.5,68,ACTUAL,17
2019-12-02T03:00:00-00:00,2019-12-02T04:00:00-00:00,0,2019-12-01,20,0,ACTUAL,VEA-TAC,Total Actual Hourly Integrated Load,SYS_FCST_ACT_MW,3.5,83,ACTUAL,17
2019-12-01T17:00:00-00:00,2019-12-01T18:00:00-00:00,0,2019-12-01,10,0,ACTUAL,VEA-TAC,Total Actual Hourly Integrated Load,SYS_FCST_ACT_MW,3.5,83,ACTUAL,17
2019-12-02T09:00:00-00:00,2019-12-02T10:00:00-00:00,0,2019-12-02,2,0,ACTUAL,AZPS,Total Actual Hourly Integrated Load,SYS_FCST_ACT_MW,3.8,2528,ACTUAL,18
2019-12-02T15:00:00-00:00,2019-12-02T16:00:00-00:00,0,2019-12-02,8,0,ACTUAL,AZPS,Total Actual Hourly Integrated Load,SYS_FCST_ACT_MW,3.8,3181,ACTUAL,18
2019-12-02T17:00:00-00:00,2019-12-02T18:00:00-00:00,0,2019-12-02,10,0,ACTUAL,AZPS,Total Actual Hourly Integrated Load,SYS_FCST_ACT_MW,3.8,2783,ACTUAL,18
2019-12-03T04:00:00-00:00,2019-12-03T05:00:00-00:00,0,2019-12-02,21,0,ACTUAL,AZPS,Total Actual Hourly Integrated Load,SYS_FCST_ACT_MW,3.8,3123,ACTUAL,18
2019-12-02T23:00:00-00:00,2019-12-03T00:00:00-00:00,0,2019-12-02,16,0,ACTUAL,AZPS,Total Actual Hourly Integrated Load,SYS_FCST_ACT_MW,3.8,2776,ACTUAL,18
2019-12-03T01:00:00-00:00,2019-12-03T02:00:00-00:00,0,2019-12-02,18,0,ACTUAL,AZPS,Total Actual Hourly Integrated Load,SYS_FCST_ACT_MW,3.8,3293,ACTUAL,18
2019-12-03T06:00:00-00:00,2019-12-03T07:00:00-00:00,0,2019-12-02,23,0,ACTUAL,AZPS,Total Actual Hourly Integrated Load,SYS_FCST_ACT_MW,3.8,2758,ACTUAL,18
2019-12-02T08:00:00-00:00,2019-12-02T09:00:00-00:00,0,2019-12-02,1,0,ACTUAL,AZPS,Total Actual Hourly Integrated Load,SYS_FCST_ACT_MW,3.8,2550,ACTUAL,18
2019-12-02T18:00:00-00:00,2019-12-02T19:00:00-00:00,0,2019-12-02,11,0,ACTUAL,AZPS,Total Actual Hourly Integrated Load,SYS_FCST_ACT_MW,3.8,2718,ACTUAL,18
2019-12-02T21:00:00-00:00,2019-12-02T22:00:00-00:00,0,2019-12-02,14,0,ACTUAL,AZPS,Total Actual Hourly Integrated Load,SYS_FCST_ACT_MW,3.8,2510,ACTUAL,18
2019-12-02T22:00:00-00:00,2019-12-02T23:00:00-00:00,0,2019-12-02,15,0,ACTUAL,AZPS,Total Actual Hourly Integrated Load,SYS_FCST_ACT_MW,3.8,2646,ACTUAL,18
2019-12-02T12:00:00-00:00,2019-12-02T13:00:00-00:00,0,2019-12-02,5,0,ACTUAL,AZPS,Total Actual Hourly Integrated Load,SYS_FCST_ACT_MW,3.8,2988,ACTUAL,18
2019-12-02T13:00:00-00:00,2019-12-02T14:00:00-00:00,0,2019-12-02,6,0,ACTUAL,AZPS,Total Actual Hourly Integrated Load,SYS_FCST_ACT_MW,3.8,3323,ACTUAL,18
2019-12-02T14:00:00-00:00,2019-12-02T15:00:00-00:00,0,2019-12-02,7,0,ACTUAL,AZPS,Total Actual Hourly Integrated Load,SYS_FCST_ACT_MW,3.8,3362,ACTUAL,18
2019-12-03T02:00:00-00:00,2019-12-03T03:00:00-00:00,0,2019-12-02,19,0,ACTUAL,AZPS,Total Actual Hourly Integrated Load,SYS_FCST_ACT_MW,3.8,3262,ACTUAL,18
2019-12-03T03:00:00-00:00,2019-12-03T04:00:00-00:00,0,2019-12-02,20,0,ACTUAL,AZPS,Total Actual Hourly Integrated Load,SYS_FCST_ACT_MW,3.8,3238,ACTUAL,18
2019-12-03T07:00:00-00:00,2019-12-03T08:00:00-00:00,0,2019-12-02,24,0,ACTUAL,AZPS,Total Actual Hourly Integrated Load,SYS_FCST_ACT_MW,3.8,2661,ACTUAL,18
2019-12-02T10:00:00-00:00,2019-12-02T11:00:00-00:00,0,2019-12-02,3,0,ACTUAL,AZPS,Total Actual Hourly Integrated Load,SYS_FCST_ACT_MW,3.8,2568,ACTUAL,18
2019-12-02T19:00:00-00:00,2019-12-02T20:00:00-00:00,0,2019-12-02,12,0,ACTUAL,AZPS,Total Actual Hourly Integrated Load,SYS_FCST_ACT_MW,3.8,2597,ACTUAL,18
2019-12-03T00:00:00-00:00,2019-12-03T01:00:00-00:00,0,2019-12-02,17,0,ACTUAL,AZPS,Total Actual Hourly Integrated Load,SYS_FCST_ACT_MW,3.8,3145,ACTUAL,18
2019-12-02T16:00:00-00:00,2019-12-02T17:00:00-00:00,0,2019-12-02,9,0,ACTUAL,AZPS,Total Actual Hourly Integrated Load,SYS_FCST_ACT_MW,3.8,2947,ACTUAL,18
2019-12-02T20:00:00-00:00,2019-12-02T21:00:00-00:00,0,2019-12-02,13,0,ACTUAL,AZPS,Total Actual Hourly Integrated Load,SYS_FCST_ACT_MW,3.8,2551,ACTUAL,18
2019-12-03T05:00:00-00:00,2019-12-03T06:00:00-00:00,0,2019-12-02,22,0,ACTUAL,AZPS,Total Actual Hourly Integrated Load,SYS_FCST_ACT_MW,3.8,2934,ACTUAL,18
2019-12-02T11:00:00-00:00,2019-12-02T12:00:00-00:00,0,2019-12-02,4,0,ACTUAL,AZPS,Total Actual Hourly Integrated Load,SYS_FCST_ACT_MW,3.8,2712,ACTUAL,18
2019-12-03T00:00:00-00:00,2019-12-03T01:00:00-00:00,0,2019-12-02,17,0,ACTUAL,BANCSMUD,Total Actual Hourly Integrated Load,SYS_FCST_ACT_MW,3.8,1324,ACTUAL,19
2019-12-02T09:00:00-00:00,2019-12-02T10:00:00-00:00,0,2019-12-02,2,0,ACTUAL,BANCSMUD,Total Actual Hourly Integrated Load,SYS_FCST_ACT_MW,3.8,925,ACTUAL,19
2019-12-02T08:00:00-00:00,2019-12-02T09:00:00-00:00,0,2019-12-02,1,0,ACTUAL,BANCSMUD,Total Actual Hourly Integrated Load,SYS_FCST_ACT_MW,3.8,960,ACTUAL,19
2019-12-03T02:00:00-00:00,2019-12-03T03:00:00-00:00,0,2019-12-02,19,0,ACTUAL,BANCSMUD,Total Actual Hourly Integrated Load,SYS_FCST_ACT_MW,3.8,1378,ACTUAL,19
2019-12-02T19:00:00-00:00,2019-12-02T20:00:00-00:00,0,2019-12-02,12,0,ACTUAL,BANCSMUD,Total Actual Hourly Integrated Load,SYS_FCST_ACT_MW,3.8,1277,ACTUAL,19
2019-12-02T17:00:00-00:00,2019-12-02T18:00:00-00:00,0,2019-12-02,10,0,ACTUAL,BANCSMUD,Total Actual Hourly Integrated Load,SYS_FCST_ACT_MW,3.8,1269,ACTUAL,19
2019-12-02T16:00:00-00:00,2019-12-02T17:00:00-00:00,0,2019-12-02,9,0,ACTUAL,BANCSMUD,Total Actual Hourly Integrated Load,SYS_FCST_ACT_MW,3.8,1261,ACTUAL,19
2019-12-02T11:00:00-00:00,2019-12-02T12:00:00-00:00,0,2019-12-02,4,0,ACTUAL,BANCSMUD,Total Actual Hourly Integrated Load,SYS_FCST_ACT_MW,3.8,912,ACTUAL,19
2019-12-02T23:00:00-00:00,2019-12-03T00:00:00-00:00,0,2019-12-02,16,0,ACTUAL,BANCSMUD,Total Actual Hourly Integrated Load,SYS_FCST_ACT_MW,3.8,1263,ACTUAL,19
2019-12-03T06:00:00-00:00,2019-12-03T07:00:00-00:00,0,2019-12-02,23,0,ACTUAL,BANCSMUD,Total Actual Hourly Integrated Load,SYS_FCST_ACT_MW,3.8,1131,ACTUAL,19
2019-12-03T05:00:00-00:00,2019-12-03T06:00:00-00:00,0,2019-12-02,22,0,ACTUAL,BANCSMUD,Total Actual Hourly Integrated Load,SYS_FCST_ACT_MW,3.8,1234,ACTUAL,19
2019-12-02T20:00:00-00:00,2019-12-02T21:00:00-00:00,0,2019-12-02,13,0,ACTUAL,BANCSMUD,Total Actual Hourly Integrated Load,SYS_FCST_ACT_MW,3.8,1281,ACTUAL,19
2019-12-02T10:00:00-00:00,2019-12-02T11:00:00-00:00,0,2019-12-02,3,0,ACTUAL,BANCSMUD,Total Actual Hourly Integrated Load,SYS_FCST_ACT_MW,3.8,907,ACTUAL,19
2019-12-03T03:00:00-00:00,2019-12-03T04:00:00-00:00,0,2019-12-02,20,0,ACTUAL,BANCSMUD,Total Actual Hourly Integrated Load,SYS_FCST_ACT_MW,3.8,1347,ACTUAL,19
2019-12-02T15:00:00-00:00,2019-12-02T16:00:00-00:00,0,2019-12-02,8,0,ACTUAL,BANCSMUD,Total Actual Hourly Integrated Load,SYS_FCST_ACT_MW,3.8,1250,ACTUAL,19
2019-12-02T12:00:00-00:00,2019-12-02T13:00:00-00:00,0,2019-12-02,5,0,ACTUAL,BANCSMUD,Total Actual Hourly Integrated Load,SYS_FCST_ACT_MW,3.8,945,ACTUAL,19
2019-12-03T01:00:00-00:00,2019-12-03T02:00:00-00:00,0,2019-12-02,18,0,ACTUAL,BANCSMUD,Total Actual Hourly Integrated Load,SYS_FCST_ACT_MW,3.8,1391,ACTUAL,19
2019-12-02T18:00:00-00:00,2019-12-02T19:00:00-00:00,0,2019-12-02,11,0,ACTUAL,BANCSMUD,Total Actual Hourly Integrated Load,SYS_FCST_ACT_MW,3.8,1278,ACTUAL,19
2019-12-02T14:00:00-00:00,2019-12-02T15:00:00-00:00,0,2019-12-02,7,0,ACTUAL,BANCSMUD,Total Actual Hourly Integrated Load,SYS_FCST_ACT_MW,3.8,1179,ACTUAL,19
2019-12-02T13:00:00-00:00,2019-12-02T14:00:00-00:00,0,2019-12-02,6,0,ACTUAL,BANCSMUD,Total Actual Hourly Integrated Load,SYS_FCST_ACT_MW,3.8,1038,ACTUAL,19
2019-12-02T21:00:00-00:00,2019-12-02T22:00:00-00:00,0,2019-12-02,14,0,ACTUAL,BANCSMUD,Total Actual Hourly Integrated Load,SYS_FCST_ACT_MW,3.8,1257,ACTUAL,19
2019-12-03T04:00:00-00:00,2019-12-03T05:00:00-00:00,0,2019-12-02,21,0,ACTUAL,BANCSMUD,Total Actual Hourly Integrated Load,SYS_FCST_ACT_MW,3.8,1307,ACTUAL,19
2019-12-02T22:00:00-00:00,2019-12-02T23:00:00-00:00,0,2019-12-02,15,0,ACTUAL,BANCSMUD,Total Actual Hourly Integrated Load,SYS_FCST_ACT_MW,3.8,1252,ACTUAL,19
2019-12-03T07:00:00-00:00,2019-12-03T08:00:00-00:00,0,2019-12-02,24,0,ACTUAL,BANCSMUD,Total Actual Hourly Integrated Load,SYS_FCST_ACT_MW,3.8,1032,ACTUAL,19
2019-12-02T13:00:00-00:00,2019-12-02T14:00:00-00:00,0,2019-12-02,6,0,ACTUAL,BCHA,Total Actual Hourly Integrated Load,SYS_FCST_ACT_MW,3.8,7723,ACTUAL,20
2019-12-03T01:00:00-00:00,2019-12-03T02:00:00-00:00,0,2019-12-02,18,0,ACTUAL,BCHA,Total Actual Hourly Integrated Load,SYS_FCST_ACT_MW,3.8,9921,ACTUAL,20
2019-12-02T12:00:00-00:00,2019-12-02T13:00:00-00:00,0,2019-12-02,5,0,ACTUAL,BCHA,Total Actual Hourly Integrated Load,SYS_FCST_ACT_MW,3.8,7339,ACTUAL,20
2019-12-02T21:00:00-00:00,2019-12-02T22:00:00-00:00,0,2019-12-02,14,0,ACTUAL,BCHA,Total Actual Hourly Integrated Load,SYS_FCST_ACT_MW,3.8,9166,ACTUAL,20
2019-12-03T02:00:00-00:00,2019-12-03T03:00:00-00:00,0,2019-12-02,19,0,ACTUAL,BCHA,Total Actual Hourly Integrated Load,SYS_FCST_ACT_MW,3.8,9758,ACTUAL,20
2019-12-02T18:00:00-00:00,2019-12-02T19:00:00-00:00,0,2019-12-02,11,0,ACTUAL,BCHA,Total Actual Hourly Integrated Load,SYS_FCST_ACT_MW,3.8,9236,ACTUAL,20
2019-12-02T15:00:00-00:00,2019-12-02T16:00:00-00:00,0,2019-12-02,8,0,ACTUAL,BCHA,Total Actual Hourly Integrated Load,SYS_FCST_ACT_MW,3.8,9038,ACTUAL,20
2019-12-02T17:00:00-00:00,2019-12-02T18:00:00-00:00,0,2019-12-02,10,0,ACTUAL,BCHA,Total Actual Hourly Integrated Load,SYS_FCST_ACT_MW,3.8,9255,ACTUAL,20
2019-12-02T22:00:00-00:00,2019-12-02T23:00:00-00:00,0,2019-12-02,15,0,ACTUAL,BCHA,Total Actual Hourly Integrated Load,SYS_FCST_ACT_MW,3.8,9192,ACTUAL,20
2019-12-02T08:00:00-00:00,2019-12-02T09:00:00-00:00,0,2019-12-02,1,0,ACTUAL,BCHA,Total Actual Hourly Integrated Load,SYS_FCST_ACT_MW,3.8,7504,ACTUAL,20
2019-12-02T11:00:00-00:00,2019-12-02T12:00:00-00:00,0,2019-12-02,4,0,ACTUAL,BCHA,Total Actual Hourly Integrated Load,SYS_FCST_ACT_MW,3.8,7253,ACTUAL,20
2019-12-02T10:00:00-00:00,2019-12-02T11:00:00-00:00,0,2019-12-02,3,0,ACTUAL,BCHA,Total Actual Hourly Integrated Load,SYS_FCST_ACT_MW,3.8,7243,ACTUAL,20
2019-12-02T16:00:00-00:00,2019-12-02T17:00:00-00:00,0,2019-12-02,9,0,ACTUAL,BCHA,Total Actual Hourly Integrated Load,SYS_FCST_ACT_MW,3.8,9203,ACTUAL,20
2019-12-02T14:00:00-00:00,2019-12-02T15:00:00-00:00,0,2019-12-02,7,0,ACTUAL,BCHA,Total Actual Hourly Integrated Load,SYS_FCST_ACT_MW,3.8,8364,ACTUAL,20
2019-12-03T07:00:00-00:00,2019-12-03T08:00:00-00:00,0,2019-12-02,24,0,ACTUAL,BCHA,Total Actual Hourly Integrated Load,SYS_FCST_ACT_MW,3.8,7711,ACTUAL,20
2019-12-03T03:00:00-00:00,2019-12-03T04:00:00-00:00,0,2019-12-02,20,0,ACTUAL,BCHA,Total Actual Hourly Integrated Load,SYS_FCST_ACT_MW,3.8,9497,ACTUAL,20
2019-12-03T06:00:00-00:00,2019-12-03T07:00:00-00:00,0,2019-12-02,23,0,ACTUAL,BCHA,Total Actual Hourly Integrated Load,SYS_FCST_ACT_MW,3.8,8232,ACTUAL,20
2019-12-03T05:00:00-00:00,2019-12-03T06:00:00-00:00,0,2019-12-02,22,0,ACTUAL,BCHA,Total Actual Hourly Integrated Load,SYS_FCST_ACT_MW,3.8,8780,ACTUAL,20
2019-12-03T04:00:00-00:00,2019-12-03T05:00:00-00:00,0,2019-12-02,21,0,ACTUAL,BCHA,Total Actual Hourly Integrated Load,SYS_FCST_ACT_MW,3.8,9219,ACTUAL,20
2019-12-02T23:00:00-00:00,2019-12-03T00:00:00-00:00,0,2019-12-02,16,0,ACTUAL,BCHA,Total Actual Hourly Integrated Load,SYS_FCST_ACT_MW,3.8,9308,ACTUAL,20
2019-12-02T20:00:00-00:00,2019-12-02T21:00:00-00:00,0,2019-12-02,13,0,ACTUAL,BCHA,Total Actual Hourly Integrated Load,SYS_FCST_ACT_MW,3.8,9229,ACTUAL,20
2019-12-02T19:00:00-00:00,2019-12-02T20:00:00-00:00,0,2019-12-02,12,0,ACTUAL,BCHA,Total Actual Hourly Integrated Load,SYS_FCST_ACT_MW,3.8,9217,ACTUAL,20
2019-12-02T09:00:00-00:00,2019-12-02T10:00:00-00:00,0,2019-12-02,2,0,ACTUAL,BCHA,Total Actual Hourly Integrated Load,SYS_FCST_ACT_MW,3.8,7336,ACTUAL,20
2019-12-03T00:00:00-00:00,2019-12-03T01:00:00-00:00,0,2019-12-02,17,0,ACTUAL,BCHA,Total Actual Hourly Integrated Load,SYS_FCST_ACT_MW,3.8,9716,ACTUAL,20
2019-12-02T14:00:00-00:00,2019-12-02T15:00:00-00:00,0,2019-12-02,7,0,ACTUAL,CA ISO-TAC,Total Actual Hourly Integrated Load,SYS_FCST_ACT_MW,3,24590,ACTUAL,21
2019-12-02T23:00:00-00:00,2019-12-03T00:00:00-00:00,0,2019-12-02,16,0,ACTUAL,CA ISO-TAC,Total Actual Hourly Integrated Load,SYS_FCST_ACT_MW,3,25921,ACTUAL,21
2019-12-02T17:00:00-00:00,2019-12-02T18:00:00-00:00,0,2019-12-02,10,0,ACTUAL,CA ISO-TAC,Total Actual Hourly Integrated Load,SYS_FCST_ACT_MW,3,24809,ACTUAL,21
2019-12-03T07:00:00-00:00,2019-12-03T08:00:00-00:00,0,2019-12-02,24,0,ACTUAL,CA ISO-TAC,Total Actual Hourly Integrated Load,SYS_FCST_ACT_MW,3,22579,ACTUAL,21
2019-12-02T09:00:00-00:00,2019-12-02T10:00:00-00:00,0,2019-12-02,2,0,ACTUAL,CA ISO-TAC,Total Actual Hourly Integrated Load,SYS_FCST_ACT_MW,3,20300,ACTUAL,21
2019-12-02T20:00:00-00:00,2019-12-02T21:00:00-00:00,0,2019-12-02,13,0,ACTUAL,CA ISO-TAC,Total Actual Hourly Integrated Load,SYS_FCST_ACT_MW,3,24419,ACTUAL,21
2019-12-03T01:00:00-00:00,2019-12-03T02:00:00-00:00,0,2019-12-02,18,0,ACTUAL,CA ISO-TAC,Total Actual Hourly Integrated Load,SYS_FCST_ACT_MW,3,28976,ACTUAL,21
2019-12-03T03:00:00-00:00,2019-12-03T04:00:00-00:00,0,2019-12-02,20,0,ACTUAL,CA ISO-TAC,Total Actual Hourly Integrated Load,SYS_FCST_ACT_MW,3,28384,ACTUAL,21
2019-12-02T13:00:00-00:00,2019-12-02T14:00:00-00:00,0,2019-12-02,6,0,ACTUAL,CA ISO-TAC,Total Actual Hourly Integrated Load,SYS_FCST_ACT_MW,3,22304,ACTUAL,21
2019-12-02T15:00:00-00:00,2019-12-02T16:00:00-00:00,0,2019-12-02,8,0,ACTUAL,CA ISO-TAC,Total Actual Hourly Integrated Load,SYS_FCST_ACT_MW,3,25718,ACTUAL,21
2019-12-03T05:00:00-00:00,2019-12-03T06:00:00-00:00,0,2019-12-02,22,0,ACTUAL,CA ISO-TAC,Total Actual Hourly Integrated Load,SYS_FCST_ACT_MW,3,26363,ACTUAL,21
2019-12-02T11:00:00-00:00,2019-12-02T12:00:00-00:00,0,2019-12-02,4,0,ACTUAL,CA ISO-TAC,Total Actual Hourly Integrated Load,SYS_FCST_ACT_MW,3,19943,ACTUAL,21
2019-12-02T12:00:00-00:00,2019-12-02T13:00:00-00:00,0,2019-12-02,5,0,ACTUAL,CA ISO-TAC,Total Actual Hourly Integrated Load,SYS_FCST_ACT_MW,3,20737,ACTUAL,21
2019-12-03T04:00:00-00:00,2019-12-03T05:00:00-00:00,0,2019-12-02,21,0,ACTUAL,CA ISO-TAC,Total Actual Hourly Integrated Load,SYS_FCST_ACT_MW,3,27573,ACTUAL,21
2019-12-03T00:00:00-00:00,2019-12-03T01:00:00-00:00,0,2019-12-02,17,0,ACTUAL,CA ISO-TAC,Total Actual Hourly Integrated Load,SYS_FCST_ACT_MW,3,27244,ACTUAL,21
2019-12-03T06:00:00-00:00,2019-12-03T07:00:00-00:00,0,2019-12-02,23,0,ACTUAL,CA ISO-TAC,Total Actual Hourly Integrated Load,SYS_FCST_ACT_MW,3,24424,ACTUAL,21
2019-12-02T10:00:00-00:00,2019-12-02T11:00:00-00:00,0,2019-12-02,3,0,ACTUAL,CA ISO-TAC,Total Actual Hourly Integrated Load,SYS_FCST_ACT_MW,3,19932,ACTUAL,21
2019-12-02T18:00:00-00:00,2019-12-02T19:00:00-00:00,0,2019-12-02,11,0,ACTUAL,CA ISO-TAC,Total Actual Hourly Integrated Load,SYS_FCST_ACT_MW,3,24325,ACTUAL,21
2019-12-02T19:00:00-00:00,2019-12-02T20:00:00-00:00,0,2019-12-02,12,0,ACTUAL,CA ISO-TAC,Total Actual Hourly Integrated Load,SYS_FCST_ACT_MW,3,24165,ACTUAL,21
2019-12-02T22:00:00-00:00,2019-12-02T23:00:00-00:00,0,2019-12-02,15,0,ACTUAL,CA ISO-TAC,Total Actual Hourly Integrated Load,SYS_FCST_ACT_MW,3,25224,ACTUAL,21
2019-12-03T02:00:00-00:00,2019-12-03T03:00:00-00:00,0,2019-12-02,19,0,ACTUAL,CA ISO-TAC,Total Actual Hourly Integrated Load,SYS_FCST_ACT_MW,3,29007,ACTUAL,21
2019-12-02T08:00:00-00:00,2019-12-02T09:00:00-00:00,0,2019-12-02,1,0,ACTUAL,CA ISO-TAC,Total Actual Hourly Integrated Load,SYS_FCST_ACT_MW,3,20864,ACTUAL,21
2019-12-02T21:00:00-00:00,2019-12-02T22:00:00-00:00,0,2019-12-02,14,0,ACTUAL,CA ISO-TAC,Total Actual Hourly Integrated Load,SYS_FCST_ACT_MW,3,24828,ACTUAL,21
2019-12-02T16:00:00-00:00,2019-12-02T17:00:00-00:00,0,2019-12-02,9,0,ACTUAL,CA ISO-TAC,Total Actual Hourly Integrated Load,SYS_FCST_ACT_MW,3,25320,ACTUAL,21
2019-12-03T07:00:00-00:00,2019-12-03T08:00:00-00:00,0,2019-12-02,24,0,ACTUAL,IPCO,Total Actual Hourly Integrated Load,SYS_FCST_ACT_MW,3.8,1715,ACTUAL,22
2019-12-02T16:00:00-00:00,2019-12-02T17:00:00-00:00,0,2019-12-02,9,0,ACTUAL,IPCO,Total Actual Hourly Integrated Load,SYS_FCST_ACT_MW,3.8,2160,ACTUAL,22
2019-12-02T23:00:00-00:00,2019-12-03T00:00:00-00:00,0,2019-12-02,16,0,ACTUAL,IPCO,Total Actual Hourly Integrated Load,SYS_FCST_ACT_MW,3.8,2113,ACTUAL,22
2019-12-03T02:00:00-00:00,2019-12-03T03:00:00-00:00,0,2019-12-02,19,0,ACTUAL,IPCO,Total Actual Hourly Integrated Load,SYS_FCST_ACT_MW,3.8,2185,ACTUAL,22
2019-12-03T03:00:00-00:00,2019-12-03T04:00:00-00:00,0,2019-12-02,20,0,ACTUAL,IPCO,Total Actual Hourly Integrated Load,SYS_FCST_ACT_MW,3.8,2130,ACTUAL,22
2019-12-02T11:00:00-00:00,2019-12-02T12:00:00-00:00,0,2019-12-02,4,0,ACTUAL,IPCO,Total Actual Hourly Integrated Load,SYS_FCST_ACT_MW,3.8,1762,ACTUAL,22
2019-12-02T19:00:00-00:00,2019-12-02T20:00:00-00:00,0,2019-12-02,12,0,ACTUAL,IPCO,Total Actual Hourly Integrated Load,SYS_FCST_ACT_MW,3.8,2093,ACTUAL,22
2019-12-02T20:00:00-00:00,2019-12-02T21:00:00-00:00,0,2019-12-02,13,0,ACTUAL,IPCO,Total Actual Hourly Integrated Load,SYS_FCST_ACT_MW,3.8,2063,ACTUAL,22
2019-12-02T22:00:00-00:00,2019-12-02T23:00:00-00:00,0,2019-12-02,15,0,ACTUAL,IPCO,Total Actual Hourly Integrated Load,SYS_FCST_ACT_MW,3.8,2074,ACTUAL,22
2019-12-03T00:00:00-00:00,2019-12-03T01:00:00-00:00,0,2019-12-02,17,0,ACTUAL,IPCO,Total Actual Hourly Integrated Load,SYS_FCST_ACT_MW,3.8,2210,ACTUAL,22
2019-12-03T05:00:00-00:00,2019-12-03T06:00:00-00:00,0,2019-12-02,22,0,ACTUAL,IPCO,Total Actual Hourly Integrated Load,SYS_FCST_ACT_MW,3.8,1911,ACTUAL,22
2019-12-02T10:00:00-00:00,2019-12-02T11:00:00-00:00,0,2019-12-02,3,0,ACTUAL,IPCO,Total Actual Hourly Integrated Load,SYS_FCST_ACT_MW,3.8,1714,ACTUAL,22
2019-12-03T06:00:00-00:00,2019-12-03T07:00:00-00:00,0,2019-12-02,23,0,ACTUAL,IPCO,Total Actual Hourly Integrated Load,SYS_FCST_ACT_MW,3.8,1782,ACTUAL,22
2019-12-02T09:00:00-00:00,2019-12-02T10:00:00-00:00,0,2019-12-02,2,0,ACTUAL,IPCO,Total Actual Hourly Integrated Load,SYS_FCST_ACT_MW,3.8,1706,ACTUAL,22
2019-12-02T15:00:00-00:00,2019-12-02T16:00:00-00:00,0,2019-12-02,8,0,ACTUAL,IPCO,Total Actual Hourly Integrated Load,SYS_FCST_ACT_MW,3.8,2164,ACTUAL,22
2019-12-03T04:00:00-00:00,2019-12-03T05:00:00-00:00,0,2019-12-02,21,0,ACTUAL,IPCO,Total Actual Hourly Integrated Load,SYS_FCST_ACT_MW,3.8,2042,ACTUAL,22
2019-12-02T18:00:00-00:00,2019-12-02T19:00:00-00:00,0,2019-12-02,11,0,ACTUAL,IPCO,Total Actual Hourly Integrated Load,SYS_FCST_ACT_MW,3.8,2119,ACTUAL,22
2019-12-02T08:00:00-00:00,2019-12-02T09:00:00-00:00,0,2019-12-02,1,0,ACTUAL,IPCO,Total Actual Hourly Integrated Load,SYS_FCST_ACT_MW,3.8,1715,ACTUAL,22
2019-12-02T13:00:00-00:00,2019-12-02T14:00:00-00:00,0,2019-12-02,6,0,ACTUAL,IPCO,Total Actual Hourly Integrated Load,SYS_FCST_ACT_MW,3.8,2043,ACTUAL,22
2019-12-02T12:00:00-00:00,2019-12-02T13:00:00-00:00,0,2019-12-02,5,0,ACTUAL,IPCO,Total Actual Hourly Integrated Load,SYS_FCST_ACT_MW,3.8,1875,ACTUAL,22
2019-12-02T17:00:00-00:00,2019-12-02T18:00:00-00:00,0,2019-12-02,10,0,ACTUAL,IPCO,Total Actual Hourly Integrated Load,SYS_FCST_ACT_MW,3.8,2150,ACTUAL,22
2019-12-03T01:00:00-00:00,2019-12-03T02:00:00-00:00,0,2019-12-02,18,0,ACTUAL,IPCO,Total Actual Hourly Integrated Load,SYS_FCST_ACT_MW,3.8,2226,ACTUAL,22
2019-12-02T14:00:00-00:00,2019-12-02T15:00:00-00:00,0,2019-12-02,7,0,ACTUAL,IPCO,Total Actual Hourly Integrated Load,SYS_FCST_ACT_MW,3.8,2152,ACTUAL,22
2019-12-02T21:00:00-00:00,2019-12-02T22:00:00-00:00,0,2019-12-02,14,0,ACTUAL,IPCO,Total Actual Hourly Integrated Load,SYS_FCST_ACT_MW,3.8,2050,ACTUAL,22
2019-12-03T00:00:00-00:00,2019-12-03T01:00:00-00:00,0,2019-12-02,17,0,ACTUAL,MWD-TAC,Total Actual Hourly Integrated Load,SYS_FCST_ACT_MW,3.3,35,ACTUAL,23
2019-12-02T13:00:00-00:00,2019-12-02T14:00:00-00:00,0,2019-12-02,6,0,ACTUAL,MWD-TAC,Total Actual Hourly Integrated Load,SYS_FCST_ACT_MW,3.3,35,ACTUAL,23
2019-12-02T22:00:00-00:00,2019-12-02T23:00:00-00:00,0,2019-12-02,15,0,ACTUAL,MWD-TAC,Total Actual Hourly Integrated Load,SYS_FCST_ACT_MW,3.3,35,ACTUAL,23
2019-12-03T02:00:00-00:00,2019-12-03T03:00:00-00:00,0,2019-12-02,19,0,ACTUAL,MWD-TAC,Total Actual Hourly Integrated Load,SYS_FCST_ACT_MW,3.3,35,ACTUAL,23
2019-12-03T01:00:00-00:00,2019-12-03T02:00:00-00:00,0,2019-12-02,18,0,ACTUAL,MWD-TAC,Total Actual Hourly Integrated Load,SYS_FCST_ACT_MW,3.3,35,ACTUAL,23
2019-12-02T18:00:00-00:00,2019-12-02T19:00:00-00:00,0,2019-12-02,11,0,ACTUAL,MWD-TAC,Total Actual Hourly Integrated Load,SYS_FCST_ACT_MW,3.3,43,ACTUAL,23
2019-12-02T20:00:00-00:00,2019-12-02T21:00:00-00:00,0,2019-12-02,13,0,ACTUAL,MWD-TAC,Total Actual Hourly Integrated Load,SYS_FCST_ACT_MW,3.3,39,ACTUAL,23
2019-12-02T21:00:00-00:00,2019-12-02T22:00:00-00:00,0,2019-12-02,14,0,ACTUAL,MWD-TAC,Total Actual Hourly Integrated Load,SYS_FCST_ACT_MW,3.3,35,ACTUAL,23
2019-12-02T15:00:00-00:00,2019-12-02T16:00:00-00:00,0,2019-12-02,8,0,ACTUAL,MWD-TAC,Total Actual Hourly Integrated Load,SYS_FCST_ACT_MW,3.3,34,ACTUAL,23
2019-12-03T05:00:00-00:00,2019-12-03T06:00:00-00:00,0,2019-12-02,22,0,ACTUAL,MWD-TAC,Total Actual Hourly Integrated Load,SYS_FCST_ACT_MW,3.3,35,ACTUAL,23
2019-12-02T12:00:00-00:00,2019-12-02T13:00:00-00:00,0,2019-12-02,5,0,ACTUAL,MWD-TAC,Total Actual Hourly Integrated Load,SYS_FCST_ACT_MW,3.3,37,ACTUAL,23
2019-12-02T14:00:00-00:00,2019-12-02T15:00:00-00:00,0,2019-12-02,7,0,ACTUAL,MWD-TAC,Total Actual Hourly Integrated Load,SYS_FCST_ACT_MW,3.3,31,ACTUAL,23
2019-12-03T03:00:00-00:00,2019-12-03T04:00:00-00:00,0,2019-12-02,20,0,ACTUAL,MWD-TAC,Total Actual Hourly Integrated Load,SYS_FCST_ACT_MW,3.3,35,ACTUAL,23
2019-12-03T06:00:00-00:00,2019-12-03T07:00:00-00:00,0,2019-12-02,23,0,ACTUAL,MWD-TAC,Total Actual Hourly Integrated Load,SYS_FCST_ACT_MW,3.3,35,ACTUAL,23
2019-12-03T07:00:00-00:00,2019-12-03T08:00:00-00:00,0,2019-12-02,24,0,ACTUAL,MWD-TAC,Total Actual Hourly Integrated Load,SYS_FCST_ACT_MW,3.3,35,ACTUAL,23
2019-12-02T19:00:00-00:00,2019-12-02T20:00:00-00:00,0,2019-12-02,12,0,ACTUAL,MWD-TAC,Total Actual Hourly Integrated Load,SYS_FCST_ACT_MW,3.3,49,ACTUAL,23
2019-12-02T23:00:00-00:00,2019-12-03T00:00:00-00:00,0,2019-12-02,16,0,ACTUAL,MWD-TAC,Total Actual Hourly Integrated Load,SYS_FCST_ACT_MW,3.3,35,ACTUAL,23
2019-12-03T04:00:00-00:00,2019-12-03T05:00:00-00:00,0,2019-12-02,21,0,ACTUAL,MWD-TAC,Total Actual Hourly Integrated Load,SYS_FCST_ACT_MW,3.3,35,ACTUAL,23
2019-12-02T08:00:00-00:00,2019-12-02T09:00:00-00:00,0,2019-12-02,1,0,ACTUAL,MWD-TAC,Total Actual Hourly Integrated Load,SYS_FCST_ACT_MW,3.3,36,ACTUAL,23
2019-12-02T09:00:00-00:00,2019-12-02T10:00:00-00:00,0,2019-12-02,2,0,ACTUAL,MWD-TAC,Total Actual Hourly Integrated Load,SYS_FCST_ACT_MW,3.3,39,ACTUAL,23
2019-12-02T17:00:00-00:00,2019-12-02T18:00:00-00:00,0,2019-12-02,10,0,ACTUAL,MWD-TAC,Total Actual Hourly Integrated Load,SYS_FCST_ACT_MW,3.3,39,ACTUAL,23
2019-12-02T10:00:00-00:00,2019-12-02T11:00:00-00:00,0,2019-12-02,3,0,ACTUAL,MWD-TAC,Total Actual Hourly Integrated Load,SYS_FCST_ACT_MW,3.3,38,ACTUAL,23
2019-12-02T11:00:00-00:00,2019-12-02T12:00:00-00:00,0,2019-12-02,4,0,ACTUAL,MWD-TAC,Total Actual Hourly Integrated Load,SYS_FCST_ACT_MW,3.3,38,ACTUAL,23
2019-12-02T16:00:00-00:00,2019-12-02T17:00:00-00:00,0,2019-12-02,9,0,ACTUAL,MWD-TAC,Total Actual Hourly Integrated Load,SYS_FCST_ACT_MW,3.3,37,ACTUAL,23
2019-12-03T02:00:00-00:00,2019-12-03T03:00:00-00:00,0,2019-12-02,19,0,ACTUAL,NEVP,Total Actual Hourly Integrated Load,SYS_FCST_ACT_MW,3.8,4361,ACTUAL,24
2019-12-02T10:00:00-00:00,2019-12-02T11:00:00-00:00,0,2019-12-02,3,0,ACTUAL,NEVP,Total Actual Hourly Integrated Load,SYS_FCST_ACT_MW,3.8,3519,ACTUAL,24
2019-12-02T19:00:00-00:00,2019-12-02T20:00:00-00:00,0,2019-12-02,12,0,ACTUAL,NEVP,Total Actual Hourly Integrated Load,SYS_FCST_ACT_MW,3.8,3861,ACTUAL,24
2019-12-02T22:00:00-00:00,2019-12-02T23:00:00-00:00,0,2019-12-02,15,0,ACTUAL,NEVP,Total Actual Hourly Integrated Load,SYS_FCST_ACT_MW,3.8,3863,ACTUAL,24
2019-12-02T12:00:00-00:00,2019-12-02T13:00:00-00:00,0,2019-12-02,5,0,ACTUAL,NEVP,Total Actual Hourly Integrated Load,SYS_FCST_ACT_MW,3.8,3629,ACTUAL,24
2019-12-02T16:00:00-00:00,2019-12-02T17:00:00-00:00,0,2019-12-02,9,0,ACTUAL,NEVP,Total Actual Hourly Integrated Load,SYS_FCST_ACT_MW,3.8,3993,ACTUAL,24
2019-12-02T18:00:00-00:00,2019-12-02T19:00:00-00:00,0,2019-12-02,11,0,ACTUAL,NEVP,Total Actual Hourly Integrated Load,SYS_FCST_ACT_MW,3.8,3923,ACTUAL,24
2019-12-02T20:00:00-00:00,2019-12-02T21:00:00-00:00,0,2019-12-02,13,0,ACTUAL,NEVP,Total Actual Hourly Integrated Load,SYS_FCST_ACT_MW,3.8,3805,ACTUAL,24
2019-12-02T21:00:00-00:00,2019-12-02T22:00:00-00:00,0,2019-12-02,14,0,ACTUAL,NEVP,Total Actual Hourly Integrated Load,SYS_FCST_ACT_MW,3.8,3815,ACTUAL,24
2019-12-03T06:00:00-00:00,2019-12-03T07:00:00-00:00,0,2019-12-02,23,0,ACTUAL,NEVP,Total Actual Hourly Integrated Load,SYS_FCST_ACT_MW,3.8,3881,ACTUAL,24
2019-12-03T07:00:00-00:00,2019-12-03T08:00:00-00:00,0,2019-12-02,24,0,ACTUAL,NEVP,Total Actual Hourly Integrated Load,SYS_FCST_ACT_MW,3.8,3704,ACTUAL,24
2019-12-02T13:00:00-00:00,2019-12-02T14:00:00-00:00,0,2019-12-02,6,0,ACTUAL,NEVP,Total Actual Hourly Integrated Load,SYS_FCST_ACT_MW,3.8,3820,ACTUAL,24
2019-12-03T04:00:00-00:00,2019-12-03T05:00:00-00:00,0,2019-12-02,21,0,ACTUAL,NEVP,Total Actual Hourly Integrated Load,SYS_FCST_ACT_MW,3.8,4231,ACTUAL,24
2019-12-02T08:00:00-00:00,2019-12-02T09:00:00-00:00,0,2019-12-02,1,0,ACTUAL,NEVP,Total Actual Hourly Integrated Load,SYS_FCST_ACT_MW,3.8,3607,ACTUAL,24
2019-12-02T09:00:00-00:00,2019-12-02T10:00:00-00:00,0,2019-12-02,2,0,ACTUAL,NEVP,Total Actual Hourly Integrated Load,SYS_FCST_ACT_MW,3.8,3550,ACTUAL,24
2019-12-02T14:00:00-00:00,2019-12-02T15:00:00-00:00,0,2019-12-02,7,0,ACTUAL,NEVP,Total Actual Hourly Integrated Load,SYS_FCST_ACT_MW,3.8,4026,ACTUAL,24
2019-12-02T15:00:00-00:00,2019-12-02T16:00:00-00:00,0,2019-12-02,8,0,ACTUAL,NEVP,Total Actual Hourly Integrated Load,SYS_FCST_ACT_MW,3.8,4036,ACTUAL,24
2019-12-02T23:00:00-00:00,2019-12-03T00:00:00-00:00,0,2019-12-02,16,0,ACTUAL,NEVP,Total Actual Hourly Integrated Load,SYS_FCST_ACT_MW,3.8,3930,ACTUAL,24
2019-12-03T03:00:00-00:00,2019-12-03T04:00:00-00:00,0,2019-12-02,20,0,ACTUAL,NEVP,Total Actual Hourly Integrated Load,SYS_FCST_ACT_MW,3.8,4318,ACTUAL,24
2019-12-02T11:00:00-00:00,2019-12-02T12:00:00-00:00,0,2019-12-02,4,0,ACTUAL,NEVP,Total Actual Hourly Integrated Load,SYS_FCST_ACT_MW,3.8,3540,ACTUAL,24
2019-12-02T17:00:00-00:00,2019-12-02T18:00:00-00:00,0,2019-12-02,10,0,ACTUAL,NEVP,Total Actual Hourly Integrated Load,SYS_FCST_ACT_MW,3.8,3940,ACTUAL,24
2019-12-03T00:00:00-00:00,2019-12-03T01:00:00-00:00,0,2019-12-02,17,0,ACTUAL,NEVP,Total Actual Hourly Integrated Load,SYS_FCST_ACT_MW,3.8,4190,ACTUAL,24
2019-12-03T05:00:00-00:00,2019-12-03T06:00:00-00:00,0,2019-12-02,22,0,ACTUAL,NEVP,Total Actual Hourly Integrated Load,SYS_FCST_ACT_MW,3.8,4072,ACTUAL,24
2019-12-03T01:00:00-00:00,2019-12-03T02:00:00-00:00,0,2019-12-02,18,0,ACTUAL,NEVP,Total Actual Hourly Integrated Load,SYS_FCST_ACT_MW,3.8,4361,ACTUAL,24
2019-12-03T04:00:00-00:00,2019-12-03T05:00:00-00:00,0,2019-12-02,21,0,ACTUAL,PACE,Total Actual Hourly Integrated Load,SYS_FCST_ACT_MW,3.8,5798,ACTUAL,25
2019-12-02T10:00:00-00:00,2019-12-02T11:00:00-00:00,0,2019-12-02,3,0,ACTUAL,PACE,Total Actual Hourly Integrated Load,SYS_FCST_ACT_MW,3.8,4887,ACTUAL,25
2019-12-02T13:00:00-00:00,2019-12-02T14:00:00-00:00,0,2019-12-02,6,0,ACTUAL,PACE,Total Actual Hourly Integrated Load,SYS_FCST_ACT_MW,3.8,5585,ACTUAL,25
2019-12-02T14:00:00-00:00,2019-12-02T15:00:00-00:00,0,2019-12-02,7,0,ACTUAL,PACE,Total Actual Hourly Integrated Load,SYS_FCST_ACT_MW,3.8,5858,ACTUAL,25
2019-12-02T20:00:00-00:00,2019-12-02T21:00:00-00:00,0,2019-12-02,13,0,ACTUAL,PACE,Total Actual Hourly Integrated Load,SYS_FCST_ACT_MW,3.8,5697,ACTUAL,25
2019-12-02T21:00:00-00:00,2019-12-02T22:00:00-00:00,0,2019-12-02,14,0,ACTUAL,PACE,Total Actual Hourly Integrated Load,SYS_FCST_ACT_MW,3.8,5707,ACTUAL,25
2019-12-03T00:00:00-00:00,2019-12-03T01:00:00-00:00,0,2019-12-02,17,0,ACTUAL,PACE,Total Actual Hourly Integrated Load,SYS_FCST_ACT_MW,3.8,6183,ACTUAL,25
2019-12-03T03:00:00-00:00,2019-12-03T04:00:00-00:00,0,2019-12-02,20,0,ACTUAL,PACE,Total Actual Hourly Integrated Load,SYS_FCST_ACT_MW,3.8,6009,ACTUAL,25
2019-12-03T05:00:00-00:00,2019-12-03T06:00:00-00:00,0,2019-12-02,22,0,ACTUAL,PACE,Total Actual Hourly Integrated Load,SYS_FCST_ACT_MW,3.8,5467,ACTUAL,25
2019-12-02T15:00:00-00:00,2019-12-02T16:00:00-00:00,0,2019-12-02,8,0,ACTUAL,PACE,Total Actual Hourly Integrated Load,SYS_FCST_ACT_MW,3.8,5907,ACTUAL,25
2019-12-02T18:00:00-00:00,2019-12-02T19:00:00-00:00,0,2019-12-02,11,0,ACTUAL,PACE,Total Actual Hourly Integrated Load,SYS_FCST_ACT_MW,3.8,5818,ACTUAL,25
2019-12-02T19:00:00-00:00,2019-12-02T20:00:00-00:00,0,2019-12-02,12,0,ACTUAL,PACE,Total Actual Hourly Integrated Load,SYS_FCST_ACT_MW,3.8,5739,ACTUAL,25
2019-12-02T23:00:00-00:00,2019-12-03T00:00:00-00:00,0,2019-12-02,16,0,ACTUAL,PACE,Total Actual Hourly Integrated Load,SYS_FCST_ACT_MW,3.8,5867,ACTUAL,25
2019-12-02T08:00:00-00:00,2019-12-02T09:00:00-00:00,0,2019-12-02,1,0,ACTUAL,PACE,Total Actual Hourly Integrated Load,SYS_FCST_ACT_MW,3.8,4886,ACTUAL,25
2019-12-02T11:00:00-00:00,2019-12-02T12:00:00-00:00,0,2019-12-02,4,0,ACTUAL,PACE,Total Actual Hourly Integrated Load,SYS_FCST_ACT_MW,3.8,4977,ACTUAL,25
2019-12-03T02:00:00-00:00,2019-12-03T03:00:00-00:00,0,2019-12-02,19,0,ACTUAL,PACE,Total Actual Hourly Integrated Load,SYS_FCST_ACT_MW,3.8,6122,ACTUAL,25
2019-12-02T12:00:00-00:00,2019-12-02T13:00:00-00:00,0,2019-12-02,5,0,ACTUAL,PACE,Total Actual Hourly Integrated Load,SYS_FCST_ACT_MW,3.8,5209,ACTUAL,25
2019-12-02T09:00:00-00:00,2019-12-02T10:00:00-00:00,0,2019-12-02,2,0,ACTUAL,PACE,Total Actual Hourly Integrated Load,SYS_FCST_ACT_MW,3.8,4873,ACTUAL,25
2019-12-02T22:00:00-00:00,2019-12-02T23:00:00-00:00,0,2019-12-02,15,0,ACTUAL,PACE,Total Actual Hourly Integrated Load,SYS_FCST_ACT_MW,3.8,5783,ACTUAL,25
2019-12-03T01:00:00-00:00,2019-12-03T02:00:00-00:00,0,2019-12-02,18,0,ACTUAL,PACE,Total Actual Hourly Integrated Load,SYS_FCST_ACT_MW,3.8,6221,ACTUAL,25
2019-12-02T17:00:00-00:00,2019-12-02T18:00:00-00:00,0,2019-12-02,10,0,ACTUAL,PACE,Total Actual Hourly Integrated Load,SYS_FCST_ACT_MW,3.8,5868,ACTUAL,25
2019-12-03T06:00:00-00:00,2019-12-03T07:00:00-00:00,0,2019-12-02,23,0,ACTUAL,PACE,Total Actual Hourly Integrated Load,SYS_FCST_ACT_MW,3.8,5155,ACTUAL,25
2019-12-03T07:00:00-00:00,2019-12-03T08:00:00-00:00,0,2019-12-02,24,0,ACTUAL,PACE,Total Actual Hourly Integrated Load,SYS_FCST_ACT_MW,3.8,4966,ACTUAL,25
2019-12-02T16:00:00-00:00,2019-12-02T17:00:00-00:00,0,2019-12-02,9,0,ACTUAL,PACE,Total Actual Hourly Integrated Load,SYS_FCST_ACT_MW,3.8,5886,ACTUAL,25
2019-12-02T17:00:00-00:00,2019-12-02T18:00:00-00:00,0,2019-12-02,10,0,ACTUAL,PACW,Total Actual Hourly Integrated Load,SYS_FCST_ACT_MW,3.8,3187,ACTUAL,26
2019-12-02T08:00:00-00:00,2019-12-02T09:00:00-00:00,0,2019-12-02,1,0,ACTUAL,PACW,Total Actual Hourly Integrated Load,SYS_FCST_ACT_MW,3.8,2264,ACTUAL,26
2019-12-02T16:00:00-00:00,2019-12-02T17:00:00-00:00,0,2019-12-02,9,0,ACTUAL,PACW,Total Actual Hourly Integrated Load,SYS_FCST_ACT_MW,3.8,3263,ACTUAL,26
2019-12-02T22:00:00-00:00,2019-12-02T23:00:00-00:00,0,2019-12-02,15,0,ACTUAL,PACW,Total Actual Hourly Integrated Load,SYS_FCST_ACT_MW,3.8,2807,ACTUAL,26
2019-12-02T09:00:00-00:00,2019-12-02T10:00:00-00:00,0,2019-12-02,2,0,ACTUAL,PACW,Total Actual Hourly Integrated Load,SYS_FCST_ACT_MW,3.8,2248,ACTUAL,26
2019-12-02T20:00:00-00:00,2019-12-02T21:00:00-00:00,0,2019-12-02,13,0,ACTUAL,PACW,Total Actual Hourly Integrated Load,SYS_FCST_ACT_MW,3.8,2935,ACTUAL,26
2019-12-02T15:00:00-00:00,2019-12-02T16:00:00-00:00,0,2019-12-02,8,0,ACTUAL,PACW,Total Actual Hourly Integrated Load,SYS_FCST_ACT_MW,3.8,3303,ACTUAL,26
2019-12-02T23:00:00-00:00,2019-12-03T00:00:00-00:00,0,2019-12-02,16,0,ACTUAL,PACW,Total Actual Hourly Integrated Load,SYS_FCST_ACT_MW,3.8,2825,ACTUAL,26
2019-12-03T06:00:00-00:00,2019-12-03T07:00:00-00:00,0,2019-12-02,23,0,ACTUAL,PACW,Total Actual Hourly Integrated Load,SYS_FCST_ACT_MW,3.8,2629,ACTUAL,26
2019-12-02T12:00:00-00:00,2019-12-02T13:00:00-00:00,0,2019-12-02,5,0,ACTUAL,PACW,Total Actual Hourly Integrated Load,SYS_FCST_ACT_MW,3.8,2459,ACTUAL,26
2019-12-03T00:00:00-00:00,2019-12-03T01:00:00-00:00,0,2019-12-02,17,0,ACTUAL,PACW,Total Actual Hourly Integrated Load,SYS_FCST_ACT_MW,3.8,2989,ACTUAL,26
2019-12-03T05:00:00-00:00,2019-12-03T06:00:00-00:00,0,2019-12-02,22,0,ACTUAL,PACW,Total Actual Hourly Integrated Load,SYS_FCST_ACT_MW,3.8,2849,ACTUAL,26
2019-12-03T07:00:00-00:00,2019-12-03T08:00:00-00:00,0,2019-12-02,24,0,ACTUAL,PACW,Total Actual Hourly Integrated Load,SYS_FCST_ACT_MW,3.8,2470,ACTUAL,26
2019-12-02T18:00:00-00:00,2019-12-02T19:00:00-00:00,0,2019-12-02,11,0,ACTUAL,PACW,Total Actual Hourly Integrated Load,SYS_FCST_ACT_MW,3.8,3101,ACTUAL,26
2019-12-02T19:00:00-00:00,2019-12-02T20:00:00-00:00,0,2019-12-02,12,0,ACTUAL,PACW,Total Actual Hourly Integrated Load,SYS_FCST_ACT_MW,3.8,3006,ACTUAL,26
2019-12-02T21:00:00-00:00,2019-12-02T22:00:00-00:00,0,2019-12-02,14,0,ACTUAL,PACW,Total Actual Hourly Integrated Load,SYS_FCST_ACT_MW,3.8,2847,ACTUAL,26
2019-12-03T01:00:00-00:00,2019-12-03T02:00:00-00:00,0,2019-12-02,18,0,ACTUAL,PACW,Total Actual Hourly Integrated Load,SYS_FCST_ACT_MW,3.8,3153,ACTUAL,26
2019-12-03T02:00:00-00:00,2019-12-03T03:00:00-00:00,0,2019-12-02,19,0,ACTUAL,PACW,Total Actual Hourly Integrated Load,SYS_FCST_ACT_MW,3.8,3152,ACTUAL,26
2019-12-02T10:00:00-00:00,2019-12-02T11:00:00-00:00,0,2019-12-02,3,0,ACTUAL,PACW,Total Actual Hourly Integrated Load,SYS_FCST_ACT_MW,3.8,2268,ACTUAL,26
2019-12-02T13:00:00-00:00,2019-12-02T14:00:00-00:00,0,2019-12-02,6,0,ACTUAL,PACW,Total Actual Hourly Integrated Load,SYS_FCST_ACT_MW,3.8,2740,ACTUAL,26
2019-12-02T14:00:00-00:00,2019-12-02T15:00:00-00:00,0,2019-12-02,7,0,ACTUAL,PACW,Total Actual Hourly Integrated Load,SYS_FCST_ACT_MW,3.8,3113,ACTUAL,26
2019-12-03T04:00:00-00:00,2019-12-03T05:00:00-00:00,0,2019-12-02,21,0,ACTUAL,PACW,Total Actual Hourly Integrated Load,SYS_FCST_ACT_MW,3.8,3010,ACTUAL,26
2019-12-03T03:00:00-00:00,2019-12-03T04:00:00-00:00,0,2019-12-02,20,0,ACTUAL,PACW,Total Actual Hourly Integrated Load,SYS_FCST_ACT_MW,3.8,3094,ACTUAL,26
2019-12-02T11:00:00-00:00,2019-12-02T12:00:00-00:00,0,2019-12-02,4,0,ACTUAL,PACW,Total Actual Hourly Integrated Load,SYS_FCST_ACT_MW,3.8,2317,ACTUAL,26
2019-12-02T19:00:00-00:00,2019-12-02T20:00:00-00:00,0,2019-12-02,12,0,ACTUAL,PGE,Total Actual Hourly Integrated Load,SYS_FCST_ACT_MW,3.8,2845,ACTUAL,27
2019-12-02T14:00:00-00:00,2019-12-02T15:00:00-00:00,0,2019-12-02,7,0,ACTUAL,PGE,Total Actual Hourly Integrated Load,SYS_FCST_ACT_MW,3.8,2948,ACTUAL,27
2019-12-02T21:00:00-00:00,2019-12-02T22:00:00-00:00,0,2019-12-02,14,0,ACTUAL,PGE,Total Actual Hourly Integrated Load,SYS_FCST_ACT_MW,3.8,2717,ACTUAL,27
2019-12-02T08:00:00-00:00,2019-12-02T09:00:00-00:00,0,2019-12-02,1,0,ACTUAL,PGE,Total Actual Hourly Integrated Load,SYS_FCST_ACT_MW,3.8,2229,ACTUAL,27
2019-12-02T15:00:00-00:00,2019-12-02T16:00:00-00:00,0,2019-12-02,8,0,ACTUAL,PGE,Total Actual Hourly Integrated Load,SYS_FCST_ACT_MW,3.8,3155,ACTUAL,27
2019-12-02T20:00:00-00:00,2019-12-02T21:00:00-00:00,0,2019-12-02,13,0,ACTUAL,PGE,Total Actual Hourly Integrated Load,SYS_FCST_ACT_MW,3.8,2777,ACTUAL,27
2019-12-03T02:00:00-00:00,2019-12-03T03:00:00-00:00,0,2019-12-02,19,0,ACTUAL,PGE,Total Actual Hourly Integrated Load,SYS_FCST_ACT_MW,3.8,3143,ACTUAL,27
2019-12-03T06:00:00-00:00,2019-12-03T07:00:00-00:00,0,2019-12-02,23,0,ACTUAL,PGE,Total Actual Hourly Integrated Load,SYS_FCST_ACT_MW,3.8,2624,ACTUAL,27
2019-12-02T11:00:00-00:00,2019-12-02T12:00:00-00:00,0,2019-12-02,4,0,ACTUAL,PGE,Total Actual Hourly Integrated Load,SYS_FCST_ACT_MW,3.8,2227,ACTUAL,27
2019-12-02T13:00:00-00:00,2019-12-02T14:00:00-00:00,0,2019-12-02,6,0,ACTUAL,PGE,Total Actual Hourly Integrated Load,SYS_FCST_ACT_MW,3.8,2614,ACTUAL,27
2019-12-03T00:00:00-00:00,2019-12-03T01:00:00-00:00,0,2019-12-02,17,0,ACTUAL,PGE,Total Actual Hourly Integrated Load,SYS_FCST_ACT_MW,3.8,2915,ACTUAL,27
2019-12-02T10:00:00-00:00,2019-12-02T11:00:00-00:00,0,2019-12-02,3,0,ACTUAL,PGE,Total Actual Hourly Integrated Load,SYS_FCST_ACT_MW,3.8,2181,ACTUAL,27
2019-12-02T17:00:00-00:00,2019-12-02T18:00:00-00:00,0,2019-12-02,10,0,ACTUAL,PGE,Total Actual Hourly Integrated Load,SYS_FCST_ACT_MW,3.8,3033,ACTUAL,27
2019-12-02T23:00:00-00:00,2019-12-03T00:00:00-00:00,0,2019-12-02,16,0,ACTUAL,PGE,Total Actual Hourly Integrated Load,SYS_FCST_ACT_MW,3.8,2742,ACTUAL,27
2019-12-03T01:00:00-00:00,2019-12-03T02:00:00-00:00,0,2019-12-02,18,0,ACTUAL,PGE,Total Actual Hourly Integrated Load,SYS_FCST_ACT_MW,3.8,3123,ACTUAL,27
2019-12-02T18:00:00-00:00,2019-12-02T19:00:00-00:00,0,2019-12-02,11,0,ACTUAL,PGE,Total Actual Hourly Integrated Load,SYS_FCST_ACT_MW,3.8,2938,ACTUAL,27
2019-12-03T03:00:00-00:00,2019-12-03T04:00:00-00:00,0,2019-12-02,20,0,ACTUAL,PGE,Total Actual Hourly Integrated Load,SYS_FCST_ACT_MW,3.8,3102,ACTUAL,27
2019-12-03T07:00:00-00:00,2019-12-03T08:00:00-00:00,0,2019-12-02,24,0,ACTUAL,PGE,Total Actual Hourly Integrated Load,SYS_FCST_ACT_MW,3.8,2422,ACTUAL,27
2019-12-03T04:00:00-00:00,2019-12-03T05:00:00-00:00,0,2019-12-02,21,0,ACTUAL,PGE,Total Actual Hourly Integrated Load,SYS_FCST_ACT_MW,3.8,3021,ACTUAL,27
2019-12-02T09:00:00-00:00,2019-12-02T10:00:00-00:00,0,2019-12-02,2,0,ACTUAL,PGE,Total Actual Hourly Integrated Load,SYS_FCST_ACT_MW,3.8,2186,ACTUAL,27
2019-12-02T12:00:00-00:00,2019-12-02T13:00:00-00:00,0,2019-12-02,5,0,ACTUAL,PGE,Total Actual Hourly Integrated Load,SYS_FCST_ACT_MW,3.8,2354,ACTUAL,27
2019-12-02T22:00:00-00:00,2019-12-02T23:00:00-00:00,0,2019-12-02,15,0,ACTUAL,PGE,Total Actual Hourly Integrated Load,SYS_FCST_ACT_MW,3.8,2712,ACTUAL,27
2019-12-03T05:00:00-00:00,2019-12-03T06:00:00-00:00,0,2019-12-02,22,0,ACTUAL,PGE,Total Actual Hourly Integrated Load,SYS_FCST_ACT_MW,3.8,2857,ACTUAL,27
2019-12-02T16:00:00-00:00,2019-12-02T17:00:00-00:00,0,2019-12-02,9,0,ACTUAL,PGE,Total Actual Hourly Integrated Load,SYS_FCST_ACT_MW,3.8,3128,ACTUAL,27
2019-12-02T17:00:00-00:00,2019-12-02T18:00:00-00:00,0,2019-12-02,10,0,ACTUAL,PGE-TAC,Total Actual Hourly Integrated Load,SYS_FCST_ACT_MW,3.1,11695,ACTUAL,28
2019-12-02T20:00:00-00:00,2019-12-02T21:00:00-00:00,0,2019-12-02,13,0,ACTUAL,PGE-TAC,Total Actual Hourly Integrated Load,SYS_FCST_ACT_MW,3.1,11576,ACTUAL,28
2019-12-02T13:00:00-00:00,2019-12-02T14:00:00-00:00,0,2019-12-02,6,0,ACTUAL,PGE-TAC,Total Actual Hourly Integrated Load,SYS_FCST_ACT_MW,3.1,10044,ACTUAL,28
2019-12-02T15:00:00-00:00,2019-12-02T16:00:00-00:00,0,2019-12-02,8,0,ACTUAL,PGE-TAC,Total Actual Hourly Integrated Load,SYS_FCST_ACT_MW,3.1,11692,ACTUAL,28
2019-12-03T06:00:00-00:00,2019-12-03T07:00:00-00:00,0,2019-12-02,23,0,ACTUAL,PGE-TAC,Total Actual Hourly Integrated Load,SYS_FCST_ACT_MW,3.1,10868,ACTUAL,28
2019-12-03T03:00:00-00:00,2019-12-03T04:00:00-00:00,0,2019-12-02,20,0,ACTUAL,PGE-TAC,Total Actual Hourly Integrated Load,SYS_FCST_ACT_MW,3.1,12870,ACTUAL,28
2019-12-02T19:00:00-00:00,2019-12-02T20:00:00-00:00,0,2019-12-02,12,0,ACTUAL,PGE-TAC,Total Actual Hourly Integrated Load,SYS_FCST_ACT_MW,3.1,11521,ACTUAL,28
2019-12-02T16:00:00-00:00,2019-12-02T17:00:00-00:00,0,2019-12-02,9,0,ACTUAL,PGE-TAC,Total Actual Hourly Integrated Load,SYS_FCST_ACT_MW,3.1,11690,ACTUAL,28
2019-12-02T09:00:00-00:00,2019-12-02T10:00:00-00:00,0,2019-12-02,2,0,ACTUAL,PGE-TAC,Total Actual Hourly Integrated Load,SYS_FCST_ACT_MW,3.1,9308,ACTUAL,28
2019-12-02T08:00:00-00:00,2019-12-02T09:00:00-00:00,0,2019-12-02,1,0,ACTUAL,PGE-TAC,Total Actual Hourly Integrated Load,SYS_FCST_ACT_MW,3.1,9563,ACTUAL,28
2019-12-02T23:00:00-00:00,2019-12-03T00:00:00-00:00,0,2019-12-02,16,0,ACTUAL,PGE-TAC,Total Actual Hourly Integrated Load,SYS_FCST_ACT_MW,3.1,11925,ACTUAL,28
2019-12-02T22:00:00-00:00,2019-12-02T23:00:00-00:00,0,2019-12-02,15,0,ACTUAL,PGE-TAC,Total Actual Hourly Integrated Load,SYS_FCST_ACT_MW,3.1,11796,ACTUAL,28
2019-12-02T18:00:00-00:00,2019-12-02T19:00:00-00:00,0,2019-12-02,11,0,ACTUAL,PGE-TAC,Total Actual Hourly Integrated Load,SYS_FCST_ACT_MW,3.1,11636,ACTUAL,28
2019-12-02T11:00:00-00:00,2019-12-02T12:00:00-00:00,0,2019-12-02,4,0,ACTUAL,PGE-TAC,Total Actual Hourly Integrated Load,SYS_FCST_ACT_MW,3.1,9137,ACTUAL,28
2019-12-03T07:00:00-00:00,2019-12-03T08:00:00-00:00,0,2019-12-02,24,0,ACTUAL,PGE-TAC,Total Actual Hourly Integrated Load,SYS_FCST_ACT_MW,3.1,10067,ACTUAL,28
2019-12-03T05:00:00-00:00,2019-12-03T06:00:00-00:00,0,2019-12-02,22,0,ACTUAL,PGE-TAC,Total Actual Hourly Integrated Load,SYS_FCST_ACT_MW,3.1,11837,ACTUAL,28
2019-12-02T14:00:00-00:00,2019-12-02T15:00:00-00:00,0,2019-12-02,7,0,ACTUAL,PGE-TAC,Total Actual Hourly Integrated Load,SYS_FCST_ACT_MW,3.1,10985,ACTUAL,28
2019-12-03T00:00:00-00:00,2019-12-03T01:00:00-00:00,0,2019-12-02,17,0,ACTUAL,PGE-TAC,Total Actual Hourly Integrated Load,SYS_FCST_ACT_MW,3.1,12336,ACTUAL,28
2019-12-02T12:00:00-00:00,2019-12-02T13:00:00-00:00,0,2019-12-02,5,0,ACTUAL,PGE-TAC,Total Actual Hourly Integrated Load,SYS_FCST_ACT_MW,3.1,9397,ACTUAL,28
2019-12-02T21:00:00-00:00,2019-12-02T22:00:00-00:00,0,2019-12-02,14,0,ACTUAL,PGE-TAC,Total Actual Hourly Integrated Load,SYS_FCST_ACT_MW,3.1,11685,ACTUAL,28
2019-12-02T10:00:00-00:00,2019-12-02T11:00:00-00:00,0,2019-12-02,3,0,ACTUAL,PGE-TAC,Total Actual Hourly Integrated Load,SYS_FCST_ACT_MW,3.1,9133,ACTUAL,28
2019-12-03T04:00:00-00:00,2019-12-03T05:00:00-00:00,0,2019-12-02,21,0,ACTUAL,PGE-TAC,Total Actual Hourly Integrated Load,SYS_FCST_ACT_MW,3.1,12435,ACTUAL,28
2019-12-03T02:00:00-00:00,2019-12-03T03:00:00-00:00,0,2019-12-02,19,0,ACTUAL,PGE-TAC,Total Actual Hourly Integrated Load,SYS_FCST_ACT_MW,3.1,13164,ACTUAL,28
2019-12-03T01:00:00-00:00,2019-12-03T02:00:00-00:00,0,2019-12-02,18,0,ACTUAL,PGE-TAC,Total Actual Hourly Integrated Load,SYS_FCST_ACT_MW,3.1,13125,ACTUAL,28
2019-12-02T20:00:00-00:00,2019-12-02T21:00:00-00:00,0,2019-12-02,13,0,ACTUAL,PSEI,Total Actual Hourly Integrated Load,SYS_FCST_ACT_MW,3.8,3383,ACTUAL,29
2019-12-02T21:00:00-00:00,2019-12-02T22:00:00-00:00,0,2019-12-02,14,0,ACTUAL,PSEI,Total Actual Hourly Integrated Load,SYS_FCST_ACT_MW,3.8,3333,ACTUAL,29
2019-12-02T18:00:00-00:00,2019-12-02T19:00:00-00:00,0,2019-12-02,11,0,ACTUAL,PSEI,Total Actual Hourly Integrated Load,SYS_FCST_ACT_MW,3.8,3584,ACTUAL,29
2019-12-03T06:00:00-00:00,2019-12-03T07:00:00-00:00,0,2019-12-02,23,0,ACTUAL,PSEI,Total Actual Hourly Integrated Load,SYS_FCST_ACT_MW,3.8,2995,ACTUAL,29
2019-12-03T01:00:00-00:00,2019-12-03T02:00:00-00:00,0,2019-12-02,18,0,ACTUAL,PSEI,Total Actual Hourly Integrated Load,SYS_FCST_ACT_MW,3.8,3803,ACTUAL,29
2019-12-02T15:00:00-00:00,2019-12-02T16:00:00-00:00,0,2019-12-02,8,0,ACTUAL,PSEI,Total Actual Hourly Integrated Load,SYS_FCST_ACT_MW,3.8,3819,ACTUAL,29
2019-12-02T16:00:00-00:00,2019-12-02T17:00:00-00:00,0,2019-12-02,9,0,ACTUAL,PSEI,Total Actual Hourly Integrated Load,SYS_FCST_ACT_MW,3.8,3792,ACTUAL,29
2019-12-02T14:00:00-00:00,2019-12-02T15:00:00-00:00,0,2019-12-02,7,0,ACTUAL,PSEI,Total Actual Hourly Integrated Load,SYS_FCST_ACT_MW,3.8,3586,ACTUAL,29
2019-12-02T10:00:00-00:00,2019-12-02T11:00:00-00:00,0,2019-12-02,3,0,ACTUAL,PSEI,Total Actual Hourly Integrated Load,SYS_FCST_ACT_MW,3.8,2573,ACTUAL,29
2019-12-03T03:00:00-00:00,2019-12-03T04:00:00-00:00,0,2019-12-02,20,0,ACTUAL,PSEI,Total Actual Hourly Integrated Load,SYS_FCST_ACT_MW,3.8,3638,ACTUAL,29
2019-12-02T19:00:00-00:00,2019-12-02T20:00:00-00:00,0,2019-12-02,12,0,ACTUAL,PSEI,Total Actual Hourly Integrated Load,SYS_FCST_ACT_MW,3.8,3468,ACTUAL,29
2019-12-03T05:00:00-00:00,2019-12-03T06:00:00-00:00,0,2019-12-02,22,0,ACTUAL,PSEI,Total Actual Hourly Integrated Load,SYS_FCST_ACT_MW,3.8,3317,ACTUAL,29
2019-12-03T00:00:00-00:00,2019-12-03T01:00:00-00:00,0,2019-12-02,17,0,ACTUAL,PSEI,Total Actual Hourly Integrated Load,SYS_FCST_ACT_MW,3.8,3639,ACTUAL,29
2019-12-02T17:00:00-00:00,2019-12-02T18:00:00-00:00,0,2019-12-02,10,0,ACTUAL,PSEI,Total Actual Hourly Integrated Load,SYS_FCST_ACT_MW,3.8,3695,ACTUAL,29
2019-12-02T23:00:00-00:00,2019-12-03T00:00:00-00:00,0,2019-12-02,16,0,ACTUAL,PSEI,Total Actual Hourly Integrated Load,SYS_FCST_ACT_MW,3.8,3388,ACTUAL,29
2019-12-03T07:00:00-00:00,2019-12-03T08:00:00-00:00,0,2019-12-02,24,0,ACTUAL,PSEI,Total Actual Hourly Integrated Load,SYS_FCST_ACT_MW,3.8,2730,ACTUAL,29
2019-12-02T11:00:00-00:00,2019-12-02T12:00:00-00:00,0,2019-12-02,4,0,ACTUAL,PSEI,Total Actual Hourly Integrated Load,SYS_FCST_ACT_MW,3.8,2646,ACTUAL,29
2019-12-02T22:00:00-00:00,2019-12-02T23:00:00-00:00,0,2019-12-02,15,0,ACTUAL,PSEI,Total Actual Hourly Integrated Load,SYS_FCST_ACT_MW,3.8,3341,ACTUAL,29
2019-12-02T13:00:00-00:00,2019-12-02T14:00:00-00:00,0,2019-12-02,6,0,ACTUAL,PSEI,Total Actual Hourly Integrated Load,SYS_FCST_ACT_MW,3.8,3185,ACTUAL,29
2019-12-02T12:00:00-00:00,2019-12-02T13:00:00-00:00,0,2019-12-02,5,0,ACTUAL,PSEI,Total Actual Hourly Integrated Load,SYS_FCST_ACT_MW,3.8,2842,ACTUAL,29
2019-12-02T08:00:00-00:00,2019-12-02T09:00:00-00:00,0,2019-12-02,1,0,ACTUAL,PSEI,Total Actual Hourly Integrated Load,SYS_FCST_ACT_MW,3.8,2634,ACTUAL,29
2019-12-03T02:00:00-00:00,2019-12-03T03:00:00-00:00,0,2019-12-02,19,0,ACTUAL,PSEI,Total Actual Hourly Integrated Load,SYS_FCST_ACT_MW,3.8,3758,ACTUAL,29
2019-12-03T04:00:00-00:00,2019-12-03T05:00:00-00:00,0,2019-12-02,21,0,ACTUAL,PSEI,Total Actual Hourly Integrated Load,SYS_FCST_ACT_MW,3.8,3510,ACTUAL,29
2019-12-02T09:00:00-00:00,2019-12-02T10:00:00-00:00,0,2019-12-02,2,0,ACTUAL,PSEI,Total Actual Hourly Integrated Load,SYS_FCST_ACT_MW,3.8,2578,ACTUAL,29
2019-12-03T07:00:00-00:00,2019-12-03T08:00:00-00:00,0,2019-12-02,24,0,ACTUAL,SCE-TAC,Total Actual Hourly Integrated Load,SYS_FCST_ACT_MW,3.2,10371,ACTUAL,30
2019-12-03T02:00:00-00:00,2019-12-03T03:00:00-00:00,0,2019-12-02,19,0,ACTUAL,SCE-TAC,Total Actual Hourly Integrated Load,SYS_FCST_ACT_MW,3.2,12945,ACTUAL,30
2019-12-02T17:00:00-00:00,2019-12-02T18:00:00-00:00,0,2019-12-02,10,0,ACTUAL,SCE-TAC,Total Actual Hourly Integrated Load,SYS_FCST_ACT_MW,3.2,10895,ACTUAL,30
2019-12-03T06:00:00-00:00,2019-12-03T07:00:00-00:00,0,2019-12-02,23,0,ACTUAL,SCE-TAC,Total Actual Hourly Integrated Load,SYS_FCST_ACT_MW,3.2,11208,ACTUAL,30
2019-12-03T01:00:00-00:00,2019-12-03T02:00:00-00:00,0,2019-12-02,18,0,ACTUAL,SCE-TAC,Total Actual Hourly Integrated Load,SYS_FCST_ACT_MW,3.2,12939,ACTUAL,30
2019-12-02T15:00:00-00:00,2019-12-02T16:00:00-00:00,0,2019-12-02,8,0,ACTUAL,SCE-TAC,Total Actual Hourly Integrated Load,SYS_FCST_ACT_MW,3.2,11499,ACTUAL,30
2019-12-02T22:00:00-00:00,2019-12-02T23:00:00-00:00,0,2019-12-02,15,0,ACTUAL,SCE-TAC,Total Actual Hourly Integrated Load,SYS_FCST_ACT_MW,3.2,11129,ACTUAL,30
2019-12-02T20:00:00-00:00,2019-12-02T21:00:00-00:00,0,2019-12-02,13,0,ACTUAL,SCE-TAC,Total Actual Hourly Integrated Load,SYS_FCST_ACT_MW,3.2,10708,ACTUAL,30
2019-12-02T16:00:00-00:00,2019-12-02T17:00:00-00:00,0,2019-12-02,9,0,ACTUAL,SCE-TAC,Total Actual Hourly Integrated Load,SYS_FCST_ACT_MW,3.2,11260,ACTUAL,30
2019-12-02T11:00:00-00:00,2019-12-02T12:00:00-00:00,0,2019-12-02,4,0,ACTUAL,SCE-TAC,Total Actual Hourly Integrated Load,SYS_FCST_ACT_MW,3.2,8872,ACTUAL,30
2019-12-02T18:00:00-00:00,2019-12-02T19:00:00-00:00,0,2019-12-02,11,0,ACTUAL,SCE-TAC,Total Actual Hourly Integrated Load,SYS_FCST_ACT_MW,3.2,10654,ACTUAL,30
2019-12-02T14:00:00-00:00,2019-12-02T15:00:00-00:00,0,2019-12-02,7,0,ACTUAL,SCE-TAC,Total Actual Hourly Integrated Load,SYS_FCST_ACT_MW,3.2,11176,ACTUAL,30
2019-12-03T05:00:00-00:00,2019-12-03T06:00:00-00:00,0,2019-12-02,22,0,ACTUAL,SCE-TAC,Total Actual Hourly Integrated Load,SYS_FCST_ACT_MW,3.2,11946,ACTUAL,30
2019-12-03T03:00:00-00:00,2019-12-03T04:00:00-00:00,0,2019-12-02,20,0,ACTUAL,SCE-TAC,Total Actual Hourly Integrated Load,SYS_FCST_ACT_MW,3.2,12678,ACTUAL,30
2019-12-03T00:00:00-00:00,2019-12-03T01:00:00-00:00,0,2019-12-02,17,0,ACTUAL,SCE-TAC,Total Actual Hourly Integrated Load,SYS_FCST_ACT_MW,3.2,12236,ACTUAL,30
2019-12-02T23:00:00-00:00,2019-12-03T00:00:00-00:00,0,2019-12-02,16,0,ACTUAL,SCE-TAC,Total Actual Hourly Integrated Load,SYS_FCST_ACT_MW,3.2,11615,ACTUAL,30
2019-12-02T21:00:00-00:00,2019-12-02T22:00:00-00:00,0,2019-12-02,14,0,ACTUAL,SCE-TAC,Total Actual Hourly Integrated Load,SYS_FCST_ACT_MW,3.2,10848,ACTUAL,30
2019-12-02T19:00:00-00:00,2019-12-02T20:00:00-00:00,0,2019-12-02,12,0,ACTUAL,SCE-TAC,Total Actual Hourly Integrated Load,SYS_FCST_ACT_MW,3.2,10623,ACTUAL,30
2019-12-02T13:00:00-00:00,2019-12-02T14:00:00-00:00,0,2019-12-02,6,0,ACTUAL,SCE-TAC,Total Actual Hourly Integrated Load,SYS_FCST_ACT_MW,3.2,10094,ACTUAL,30
2019-12-02T10:00:00-00:00,2019-12-02T11:00:00-00:00,0,2019-12-02,3,0,ACTUAL,SCE-TAC,Total Actual Hourly Integrated Load,SYS_FCST_ACT_MW,3.2,8873,ACTUAL,30
2019-12-02T12:00:00-00:00,2019-12-02T13:00:00-00:00,0,2019-12-02,5,0,ACTUAL,SCE-TAC,Total Actual Hourly Integrated Load,SYS_FCST_ACT_MW,3.2,9324,ACTUAL,30
2019-12-02T09:00:00-00:00,2019-12-02T10:00:00-00:00,0,2019-12-02,2,0,ACTUAL,SCE-TAC,Total Actual Hourly Integrated Load,SYS_FCST_ACT_MW,3.2,9031,ACTUAL,30
2019-12-02T08:00:00-00:00,2019-12-02T09:00:00-00:00,0,2019-12-02,1,0,ACTUAL,SCE-TAC,Total Actual Hourly Integrated Load,SYS_FCST_ACT_MW,3.2,9266,ACTUAL,30
2019-12-03T04:00:00-00:00,2019-12-03T05:00:00-00:00,0,2019-12-02,21,0,ACTUAL,SCE-TAC,Total Actual Hourly Integrated Load,SYS_FCST_ACT_MW,3.2,12408,ACTUAL,30
2019-12-02T13:00:00-00:00,2019-12-02T14:00:00-00:00,0,2019-12-02,6,0,ACTUAL,SCL,Total Actual Hourly Integrated Load,SYS_FCST_ACT_MW,3.8,1181,ACTUAL,31
2019-12-03T05:00:00-00:00,2019-12-03T06:00:00-00:00,0,2019-12-02,22,0,ACTUAL,SCL,Total Actual Hourly Integrated Load,SYS_FCST_ACT_MW,3.8,1243,ACTUAL,31
2019-12-02T16:00:00-00:00,2019-12-02T17:00:00-00:00,0,2019-12-02,9,0,ACTUAL,SCL,Total Actual Hourly Integrated Load,SYS_FCST_ACT_MW,3.8,1463,ACTUAL,31
2019-12-02T19:00:00-00:00,2019-12-02T20:00:00-00:00,0,2019-12-02,12,0,ACTUAL,SCL,Total Actual Hourly Integrated Load,SYS_FCST_ACT_MW,3.8,1334,ACTUAL,31
2019-12-02T21:00:00-00:00,2019-12-02T22:00:00-00:00,0,2019-12-02,14,0,ACTUAL,SCL,Total Actual Hourly Integrated Load,SYS_FCST_ACT_MW,3.8,1279,ACTUAL,31
2019-12-03T07:00:00-00:00,2019-12-03T08:00:00-00:00,0,2019-12-02,24,0,ACTUAL,SCL,Total Actual Hourly Integrated Load,SYS_FCST_ACT_MW,3.8,1037,ACTUAL,31
2019-12-02T10:00:00-00:00,2019-12-02T11:00:00-00:00,0,2019-12-02,3,0,ACTUAL,SCL,Total Actual Hourly Integrated Load,SYS_FCST_ACT_MW,3.8,972,ACTUAL,31
2019-12-02T08:00:00-00:00,2019-12-02T09:00:00-00:00,0,2019-12-02,1,0,ACTUAL,SCL,Total Actual Hourly Integrated Load,SYS_FCST_ACT_MW,3.8,1000,ACTUAL,31
2019-12-02T22:00:00-00:00,2019-12-02T23:00:00-00:00,0,2019-12-02,15,0,ACTUAL,SCL,Total Actual Hourly Integrated Load,SYS_FCST_ACT_MW,3.8,1277,ACTUAL,31
2019-12-03T02:00:00-00:00,2019-12-03T03:00:00-00:00,0,2019-12-02,19,0,ACTUAL,SCL,Total Actual Hourly Integrated Load,SYS_FCST_ACT_MW,3.8,1397,ACTUAL,31
2019-12-03T06:00:00-00:00,2019-12-03T07:00:00-00:00,0,2019-12-02,23,0,ACTUAL,SCL,Total Actual Hourly Integrated Load,SYS_FCST_ACT_MW,3.8,1135,ACTUAL,31
2019-12-03T04:00:00-00:00,2019-12-03T05:00:00-00:00,0,2019-12-02,21,0,ACTUAL,SCL,Total Actual Hourly Integrated Load,SYS_FCST_ACT_MW,3.8,1302,ACTUAL,31
2019-12-03T01:00:00-00:00,2019-12-03T02:00:00-00:00,0,2019-12-02,18,0,ACTUAL,SCL,Total Actual Hourly Integrated Load,SYS_FCST_ACT_MW,3.8,1417,ACTUAL,31
2019-12-02T23:00:00-00:00,2019-12-03T00:00:00-00:00,0,2019-12-02,16,0,ACTUAL,SCL,Total Actual Hourly Integrated Load,SYS_FCST_ACT_MW,3.8,1293,ACTUAL,31
2019-12-02T18:00:00-00:00,2019-12-02T19:00:00-00:00,0,2019-12-02,11,0,ACTUAL,SCL,Total Actual Hourly Integrated Load,SYS_FCST_ACT_MW,3.8,1373,ACTUAL,31
2019-12-03T00:00:00-00:00,2019-12-03T01:00:00-00:00,0,2019-12-02,17,0,ACTUAL,SCL,Total Actual Hourly Integrated Load,SYS_FCST_ACT_MW,3.8,1364,ACTUAL,31
2019-12-02T15:00:00-00:00,2019-12-02T16:00:00-00:00,0,2019-12-02,8,0,ACTUAL,SCL,Total Actual Hourly Integrated Load,SYS_FCST_ACT_MW,3.8,1479,ACTUAL,31
2019-12-02T14:00:00-00:00,2019-12-02T15:00:00-00:00,0,2019-12-02,7,0,ACTUAL,SCL,Total Actual Hourly Integrated Load,SYS_FCST_ACT_MW,3.8,1365,ACTUAL,31
2019-12-02T11:00:00-00:00,2019-12-02T12:00:00-00:00,0,2019-12-02,4,0,ACTUAL,SCL,Total Actual Hourly Integrated Load,SYS_FCST_ACT_MW,3.8,995,ACTUAL,31
2019-12-02T20:00:00-00:00,2019-12-02T21:00:00-00:00,0,2019-12-02,13,0,ACTUAL,SCL,Total Actual Hourly Integrated Load,SYS_FCST_ACT_MW,3.8,1306,ACTUAL,31
2019-12-02T09:00:00-00:00,2019-12-02T10:00:00-00:00,0,2019-12-02,2,0,ACTUAL,SCL,Total Actual Hourly Integrated Load,SYS_FCST_ACT_MW,3.8,976,ACTUAL,31
2019-12-02T17:00:00-00:00,2019-12-02T18:00:00-00:00,0,2019-12-02,10,0,ACTUAL,SCL,Total Actual Hourly Integrated Load,SYS_FCST_ACT_MW,3.8,1429,ACTUAL,31
2019-12-03T03:00:00-00:00,2019-12-03T04:00:00-00:00,0,2019-12-02,20,0,ACTUAL,SCL,Total Actual Hourly Integrated Load,SYS_FCST_ACT_MW,3.8,1352,ACTUAL,31
2019-12-02T12:00:00-00:00,2019-12-02T13:00:00-00:00,0,2019-12-02,5,0,ACTUAL,SCL,Total Actual Hourly Integrated Load,SYS_FCST_ACT_MW,3.8,1055,ACTUAL,31
2019-12-03T04:00:00-00:00,2019-12-03T05:00:00-00:00,0,2019-12-02,21,0,ACTUAL,SDGE-TAC,Total Actual Hourly Integrated Load,SYS_FCST_ACT_MW,3.4,2619,ACTUAL,32
2019-12-03T07:00:00-00:00,2019-12-03T08:00:00-00:00,0,2019-12-02,24,0,ACTUAL,SDGE-TAC,Total Actual Hourly Integrated Load,SYS_FCST_ACT_MW,3.4,2035,ACTUAL,32
2019-12-02T15:00:00-00:00,2019-12-02T16:00:00-00:00,0,2019-12-02,8,0,ACTUAL,SDGE-TAC,Total Actual Hourly Integrated Load,SYS_FCST_ACT_MW,3.4,2390,ACTUAL,32
2019-12-02T19:00:00-00:00,2019-12-02T20:00:00-00:00,0,2019-12-02,12,0,ACTUAL,SDGE-TAC,Total Actual Hourly Integrated Load,SYS_FCST_ACT_MW,3.4,1918,ACTUAL,32
2019-12-02T20:00:00-00:00,2019-12-02T21:00:00-00:00,0,2019-12-02,13,0,ACTUAL,SDGE-TAC,Total Actual Hourly Integrated Load,SYS_FCST_ACT_MW,3.4,2055,ACTUAL,32
2019-12-02T23:00:00-00:00,2019-12-03T00:00:00-00:00,0,2019-12-02,16,0,ACTUAL,SDGE-TAC,Total Actual Hourly Integrated Load,SYS_FCST_ACT_MW,3.4,2299,ACTUAL,32
2019-12-02T09:00:00-00:00,2019-12-02T10:00:00-00:00,0,2019-12-02,2,0,ACTUAL,SDGE-TAC,Total Actual Hourly Integrated Load,SYS_FCST_ACT_MW,3.4,1846,ACTUAL,32
2019-12-02T13:00:00-00:00,2019-12-02T14:00:00-00:00,0,2019-12-02,6,0,ACTUAL,SDGE-TAC,Total Actual Hourly Integrated Load,SYS_FCST_ACT_MW,3.4,2035,ACTUAL,32
2019-12-02T17:00:00-00:00,2019-12-02T18:00:00-00:00,0,2019-12-02,10,0,ACTUAL,SDGE-TAC,Total Actual Hourly Integrated Load,SYS_FCST_ACT_MW,3.4,2101,ACTUAL,32
2019-12-02T21:00:00-00:00,2019-12-02T22:00:00-00:00,0,2019-12-02,14,0,ACTUAL,SDGE-TAC,Total Actual Hourly Integrated Load,SYS_FCST_ACT_MW,3.4,2228,ACTUAL,32
2019-12-02T12:00:00-00:00,2019-12-02T13:00:00-00:00,0,2019-12-02,5,0,ACTUAL,SDGE-TAC,Total Actual Hourly Integrated Load,SYS_FCST_ACT_MW,3.4,1891,ACTUAL,32
2019-12-02T14:00:00-00:00,2019-12-02T15:00:00-00:00,0,2019-12-02,7,0,ACTUAL,SDGE-TAC,Total Actual Hourly Integrated Load,SYS_FCST_ACT_MW,3.4,2294,ACTUAL,32
2019-12-02T08:00:00-00:00,2019-12-02T09:00:00-00:00,0,2019-12-02,1,0,ACTUAL,SDGE-TAC,Total Actual Hourly Integrated Load,SYS_FCST_ACT_MW,3.4,1924,ACTUAL,32
2019-12-02T18:00:00-00:00,2019-12-02T19:00:00-00:00,0,2019-12-02,11,0,ACTUAL,SDGE-TAC,Total Actual Hourly Integrated Load,SYS_FCST_ACT_MW,3.4,1923,ACTUAL,32
2019-12-03T05:00:00-00:00,2019-12-03T06:00:00-00:00,0,2019-12-02,22,0,ACTUAL,SDGE-TAC,Total Actual Hourly Integrated Load,SYS_FCST_ACT_MW,3.4,2470,ACTUAL,32
2019-12-03T06:00:00-00:00,2019-12-03T07:00:00-00:00,0,2019-12-02,23,0,ACTUAL,SDGE-TAC,Total Actual Hourly Integrated Load,SYS_FCST_ACT_MW,3.4,2240,ACTUAL,32
2019-12-02T16:00:00-00:00,2019-12-02T17:00:00-00:00,0,2019-12-02,9,0,ACTUAL,SDGE-TAC,Total Actual Hourly Integrated Load,SYS_FCST_ACT_MW,3.4,2243,ACTUAL,32
2019-12-03T03:00:00-00:00,2019-12-03T04:00:00-00:00,0,2019-12-02,20,0,ACTUAL,SDGE-TAC,Total Actual Hourly Integrated Load,SYS_FCST_ACT_MW,3.4,2724,ACTUAL,32
2019-12-02T11:00:00-00:00,2019-12-02T12:00:00-00:00,0,2019-12-02,4,0,ACTUAL,SDGE-TAC,Total Actual Hourly Integrated Load,SYS_FCST_ACT_MW,3.4,1814,ACTUAL,32
2019-12-03T00:00:00-00:00,2019-12-03T01:00:00-00:00,0,2019-12-02,17,0,ACTUAL,SDGE-TAC,Total Actual Hourly Integrated Load,SYS_FCST_ACT_MW,3.4,2569,ACTUAL,32
2019-12-03T02:00:00-00:00,2019-12-03T03:00:00-00:00,0,2019-12-02,19,0,ACTUAL,SDGE-TAC,Total Actual Hourly Integrated Load,SYS_FCST_ACT_MW,3.4,2788,ACTUAL,32
2019-12-02T10:00:00-00:00,2019-12-02T11:00:00-00:00,0,2019-12-02,3,0,ACTUAL,SDGE-TAC,Total Actual Hourly Integrated Load,SYS_FCST_ACT_MW,3.4,1810,ACTUAL,32
2019-12-02T22:00:00-00:00,2019-12-02T23:00:00-00:00,0,2019-12-02,15,0,ACTUAL,SDGE-TAC,Total Actual Hourly Integrated Load,SYS_FCST_ACT_MW,3.4,2226,ACTUAL,32
2019-12-03T01:00:00-00:00,2019-12-03T02:00:00-00:00,0,2019-12-02,18,0,ACTUAL,SDGE-TAC,Total Actual Hourly Integrated Load,SYS_FCST_ACT_MW,3.4,2803,ACTUAL,32
2019-12-03T04:00:00-00:00,2019-12-03T05:00:00-00:00,0,2019-12-02,21,0,ACTUAL,SRP,Total Actual Hourly Integrated Load,SYS_FCST_ACT_MW,3.8,3050,ACTUAL,33
2019-12-02T19:00:00-00:00,2019-12-02T20:00:00-00:00,0,2019-12-02,12,0,ACTUAL,SRP,Total Actual Hourly Integrated Load,SYS_FCST_ACT_MW,3.8,2777,ACTUAL,33
2019-12-03T06:00:00-00:00,2019-12-03T07:00:00-00:00,0,2019-12-02,23,0,ACTUAL,SRP,Total Actual Hourly Integrated Load,SYS_FCST_ACT_MW,3.8,2677,ACTUAL,33
2019-12-02T10:00:00-00:00,2019-12-02T11:00:00-00:00,0,2019-12-02,3,0,ACTUAL,SRP,Total Actual Hourly Integrated Load,SYS_FCST_ACT_MW,3.8,2490,ACTUAL,33
2019-12-02T17:00:00-00:00,2019-12-02T18:00:00-00:00,0,2019-12-02,10,0,ACTUAL,SRP,Total Actual Hourly Integrated Load,SYS_FCST_ACT_MW,3.8,2907,ACTUAL,33
2019-12-02T15:00:00-00:00,2019-12-02T16:00:00-00:00,0,2019-12-02,8,0,ACTUAL,SRP,Total Actual Hourly Integrated Load,SYS_FCST_ACT_MW,3.8,3090,ACTUAL,33
2019-12-02T23:00:00-00:00,2019-12-03T00:00:00-00:00,0,2019-12-02,16,0,ACTUAL,SRP,Total Actual Hourly Integrated Load,SYS_FCST_ACT_MW,3.8,2766,ACTUAL,33
2019-12-03T00:00:00-00:00,2019-12-03T01:00:00-00:00,0,2019-12-02,17,0,ACTUAL,SRP,Total Actual Hourly Integrated Load,SYS_FCST_ACT_MW,3.8,3021,ACTUAL,33
2019-12-03T03:00:00-00:00,2019-12-03T04:00:00-00:00,0,2019-12-02,20,0,ACTUAL,SRP,Total Actual Hourly Integrated Load,SYS_FCST_ACT_MW,3.8,3154,ACTUAL,33
2019-12-02T09:00:00-00:00,2019-12-02T10:00:00-00:00,0,2019-12-02,2,0,ACTUAL,SRP,Total Actual Hourly Integrated Load,SYS_FCST_ACT_MW,3.8,2428,ACTUAL,33
2019-12-03T01:00:00-00:00,2019-12-03T02:00:00-00:00,0,2019-12-02,18,0,ACTUAL,SRP,Total Actual Hourly Integrated Load,SYS_FCST_ACT_MW,3.8,3200,ACTUAL,33
2019-12-02T13:00:00-00:00,2019-12-02T14:00:00-00:00,0,2019-12-02,6,0,ACTUAL,SRP,Total Actual Hourly Integrated Load,SYS_FCST_ACT_MW,3.8,3240,ACTUAL,33
2019-12-02T21:00:00-00:00,2019-12-02T22:00:00-00:00,0,2019-12-02,14,0,ACTUAL,SRP,Total Actual Hourly Integrated Load,SYS_FCST_ACT_MW,3.8,2681,ACTUAL,33
2019-12-03T07:00:00-00:00,2019-12-03T08:00:00-00:00,0,2019-12-02,24,0,ACTUAL,SRP,Total Actual Hourly Integrated Load,SYS_FCST_ACT_MW,3.8,2573,ACTUAL,33
2019-12-02T20:00:00-00:00,2019-12-02T21:00:00-00:00,0,2019-12-02,13,0,ACTUAL,SRP,Total Actual Hourly Integrated Load,SYS_FCST_ACT_MW,3.8,2723,ACTUAL,33
2019-12-03T02:00:00-00:00,2019-12-03T03:00:00-00:00,0,2019-12-02,19,0,ACTUAL,SRP,Total Actual Hourly Integrated Load,SYS_FCST_ACT_MW,3.8,3193,ACTUAL,33
2019-12-02T12:00:00-00:00,2019-12-02T13:00:00-00:00,0,2019-12-02,5,0,ACTUAL,SRP,Total Actual Hourly Integrated Load,SYS_FCST_ACT_MW,3.8,2917,ACTUAL,33
2019-12-02T16:00:00-00:00,2019-12-02T17:00:00-00:00,0,2019-12-02,9,0,ACTUAL,SRP,Total Actual Hourly Integrated Load,SYS_FCST_ACT_MW,3.8,2993,ACTUAL,33
2019-12-02T22:00:00-00:00,2019-12-02T23:00:00-00:00,0,2019-12-02,15,0,ACTUAL,SRP,Total Actual Hourly Integrated Load,SYS_FCST_ACT_MW,3.8,2715,ACTUAL,33
2019-12-02T08:00:00-00:00,2019-12-02T09:00:00-00:00,0,2019-12-02,1,0,ACTUAL,SRP,Total Actual Hourly Integrated Load,SYS_FCST_ACT_MW,3.8,2429,ACTUAL,33
2019-12-02T14:00:00-00:00,2019-12-02T15:00:00-00:00,0,2019-12-02,7,0,ACTUAL,SRP,Total Actual Hourly Integrated Load,SYS_FCST_ACT_MW,3.8,3291,ACTUAL,33
2019-12-02T11:00:00-00:00,2019-12-02T12:00:00-00:00,0,2019-12-02,4,0,ACTUAL,SRP,Total Actual Hourly Integrated Load,SYS_FCST_ACT_MW,3.8,2640,ACTUAL,33
2019-12-02T18:00:00-00:00,2019-12-02T19:00:00-00:00,0,2019-12-02,11,0,ACTUAL,SRP,Total Actual Hourly Integrated Load,SYS_FCST_ACT_MW,3.8,2834,ACTUAL,33
2019-12-03T05:00:00-00:00,2019-12-03T06:00:00-00:00,0,2019-12-02,22,0,ACTUAL,SRP,Total Actual Hourly Integrated Load,SYS_FCST_ACT_MW,3.8,2867,ACTUAL,33
2019-12-03T06:00:00-00:00,2019-12-03T07:00:00-00:00,0,2019-12-02,23,0,ACTUAL,VEA-TAC,Total Actual Hourly Integrated Load,SYS_FCST_ACT_MW,3.5,73,ACTUAL,34
2019-12-03T00:00:00-00:00,2019-12-03T01:00:00-00:00,0,2019-12-02,17,0,ACTUAL,VEA-TAC,Total Actual Hourly Integrated Load,SYS_FCST_ACT_MW,3.5,68,ACTUAL,34
2019-12-02T19:00:00-00:00,2019-12-02T20:00:00-00:00,0,2019-12-02,12,0,ACTUAL,VEA-TAC,Total Actual Hourly Integrated Load,SYS_FCST_ACT_MW,3.5,54,ACTUAL,34
2019-12-03T02:00:00-00:00,2019-12-03T03:00:00-00:00,0,2019-12-02,19,0,ACTUAL,VEA-TAC,Total Actual Hourly Integrated Load,SYS_FCST_ACT_MW,3.5,75,ACTUAL,34
2019-12-03T05:00:00-00:00,2019-12-03T06:00:00-00:00,0,2019-12-02,22,0,ACTUAL,VEA-TAC,Total Actual Hourly Integrated Load,SYS_FCST_ACT_MW,3.5,75,ACTUAL,34
2019-12-03T07:00:00-00:00,2019-12-03T08:00:00-00:00,0,2019-12-02,24,0,ACTUAL,VEA-TAC,Total Actual Hourly Integrated Load,SYS_FCST_ACT_MW,3.5,71,ACTUAL,34
2019-12-02T08:00:00-00:00,2019-12-02T09:00:00-00:00,0,2019-12-02,1,0,ACTUAL,VEA-TAC,Total Actual Hourly Integrated Load,SYS_FCST_ACT_MW,3.5,75,ACTUAL,34
2019-12-02T09:00:00-00:00,2019-12-02T10:00:00-00:00,0,2019-12-02,2,0,ACTUAL,VEA-TAC,Total Actual Hourly Integrated Load,SYS_FCST_ACT_MW,3.5,76,ACTUAL,34
2019-12-02T11:00:00-00:00,2019-12-02T12:00:00-00:00,0,2019-12-02,4,0,ACTUAL,VEA-TAC,Total Actual Hourly Integrated Load,SYS_FCST_ACT_MW,3.5,82,ACTUAL,34
2019-12-02T20:00:00-00:00,2019-12-02T21:00:00-00:00,0,2019-12-02,13,0,ACTUAL,VEA-TAC,Total Actual Hourly Integrated Load,SYS_FCST_ACT_MW,3.5,41,ACTUAL,34
2019-12-02T14:00:00-00:00,2019-12-02T15:00:00-00:00,0,2019-12-02,7,0,ACTUAL,VEA-TAC,Total Actual Hourly Integrated Load,SYS_FCST_ACT_MW,3.5,104,ACTUAL,34
2019-12-02T10:00:00-00:00,2019-12-02T11:00:00-00:00,0,2019-12-02,3,0,ACTUAL,VEA-TAC,Total Actual Hourly Integrated Load,SYS_FCST_ACT_MW,3.5,78,ACTUAL,34
2019-12-02T16:00:00-00:00,2019-12-02T17:00:00-00:00,0,2019-12-02,9,0,ACTUAL,VEA-TAC,Total Actual Hourly Integrated Load,SYS_FCST_ACT_MW,3.5,90,ACTUAL,34
2019-12-03T01:00:00-00:00,2019-12-03T02:00:00-00:00,0,2019-12-02,18,0,ACTUAL,VEA-TAC,Total Actual Hourly Integrated Load,SYS_FCST_ACT_MW,3.5,74,ACTUAL,34
2019-12-02T12:00:00-00:00,2019-12-02T13:00:00-00:00,0,2019-12-02,5,0,ACTUAL,VEA-TAC,Total Actual Hourly Integrated Load,SYS_FCST_ACT_MW,3.5,88,ACTUAL,34
2019-12-02T22:00:00-00:00,2019-12-02T23:00:00-00:00,0,2019-12-02,15,0,ACTUAL,VEA-TAC,Total Actual Hourly Integrated Load,SYS_FCST_ACT_MW,3.5,38,ACTUAL,34
2019-12-02T17:00:00-00:00,2019-12-02T18:00:00-00:00,0,2019-12-02,10,0,ACTUAL,VEA-TAC,Total Actual Hourly Integrated Load,SYS_FCST_ACT_MW,3.5,79,ACTUAL,34
2019-12-02T18:00:00-00:00,2019-12-02T19:00:00-00:00,0,2019-12-02,11,0,ACTUAL,VEA-TAC,Total Actual Hourly Integrated Load,SYS_FCST_ACT_MW,3.5,69,ACTUAL,34
2019-12-03T03:00:00-00:00,2019-12-03T04:00:00-00:00,0,2019-12-02,20,0,ACTUAL,VEA-TAC,Total Actual Hourly Integrated Load,SYS_FCST_ACT_MW,3.5,77,ACTUAL,34
2019-12-03T04:00:00-00:00,2019-12-03T05:00:00-00:00,0,2019-12-02,21,0,ACTUAL,VEA-TAC,Total Actual Hourly Integrated Load,SYS_FCST_ACT_MW,3.5,76,ACTUAL,34
2019-12-02T15:00:00-00:00,2019-12-02T16:00:00-00:00,0,2019-12-02,8,0,ACTUAL,VEA-TAC,Total Actual Hourly Integrated Load,SYS_FCST_ACT_MW,3.5,103,ACTUAL,34
2019-12-02T21:00:00-00:00,2019-12-02T22:00:00-00:00,0,2019-12-02,14,0,ACTUAL,VEA-TAC,Total Actual Hourly Integrated Load,SYS_FCST_ACT_MW,3.5,32,ACTUAL,34
2019-12-02T13:00:00-00:00,2019-12-02T14:00:00-00:00,0,2019-12-02,6,0,ACTUAL,VEA-TAC,Total Actual Hourly Integrated Load,SYS_FCST_ACT_MW,3.5,96,ACTUAL,34
2019-12-02T23:00:00-00:00,2019-12-03T00:00:00-00:00,0,2019-12-02,16,0,ACTUAL,VEA-TAC,Total Actual Hourly Integrated Load,SYS_FCST_ACT_MW,3.5,47,ACTUAL,34
2019-12-04T07:00:00-00:00,2019-12-04T08:00:00-00:00,0,2019-12-03,24,0,ACTUAL,AZPS,Total Actual Hourly Integrated Load,SYS_FCST_ACT_MW,3.8,2494,ACTUAL,35
2019-12-03T22:00:00-00:00,2019-12-03T23:00:00-00:00,0,2019-12-03,15,0,ACTUAL,AZPS,Total Actual Hourly Integrated Load,SYS_FCST_ACT_MW,3.8,2729,ACTUAL,35
2019-12-03T18:00:00-00:00,2019-12-03T19:00:00-00:00,0,2019-12-03,11,0,ACTUAL,AZPS,Total Actual Hourly Integrated Load,SYS_FCST_ACT_MW,3.8,2567,ACTUAL,35
2019-12-03T23:00:00-00:00,2019-12-04T00:00:00-00:00,0,2019-12-03,16,0,ACTUAL,AZPS,Total Actual Hourly Integrated Load,SYS_FCST_ACT_MW,3.8,2901,ACTUAL,35
2019-12-04T02:00:00-00:00,2019-12-04T03:00:00-00:00,0,2019-12-03,19,0,ACTUAL,AZPS,Total Actual Hourly Integrated Load,SYS_FCST_ACT_MW,3.8,3208,ACTUAL,35
2019-12-03T20:00:00-00:00,2019-12-03T21:00:00-00:00,0,2019-12-03,13,0,ACTUAL,AZPS,Total Actual Hourly Integrated Load,SYS_FCST_ACT_MW,3.8,2584,ACTUAL,35
2019-12-04T01:00:00-00:00,2019-12-04T02:00:00-00:00,0,2019-12-03,18,0,ACTUAL,AZPS,Total Actual Hourly Integrated Load,SYS_FCST_ACT_MW,3.8,3237,ACTUAL,35
2019-12-03T09:00:00-00:00,2019-12-03T10:00:00-00:00,0,2019-12-03,2,0,ACTUAL,AZPS,Total Actual Hourly Integrated Load,SYS_FCST_ACT_MW,3.8,2603,ACTUAL,35
2019-12-03T11:00:00-00:00,2019-12-03T12:00:00-00:00,0,2019-12-03,4,0,ACTUAL,AZPS,Total Actual Hourly Integrated Load,SYS_FCST_ACT_MW,3.8,2756,ACTUAL,35
2019-12-03T21:00:00-00:00,2019-12-03T22:00:00-00:00,0,2019-12-03,14,0,ACTUAL,AZPS,Total Actual Hourly Integrated Load,SYS_FCST_ACT_MW,3.8,2640,ACTUAL,35
2019-12-04T00:00:00-00:00,2019-12-04T01:00:00-00:00,0,2019-12-03,17,0,ACTUAL,AZPS,Total Actual Hourly Integrated Load,SYS_FCST_ACT_MW,3.8,3152,ACTUAL,35
2019-12-03T13:00:00-00:00,2019-12-03T14:00:00-00:00,0,2019-12-03,6,0,ACTUAL,AZPS,Total Actual Hourly Integrated Load,SYS_FCST_ACT_MW,3.8,3341,ACTUAL,35
2019-12-03T15:00:00-00:00,2019-12-03T16:00:00-00:00,0,2019-12-03,8,0,ACTUAL,AZPS,Total Actual Hourly Integrated Load,SYS_FCST_ACT_MW,3.8,3186,ACTUAL,35
2019-12-03T19:00:00-00:00,2019-12-03T20:00:00-00:00,0,2019-12-03,12,0,ACTUAL,AZPS,Total Actual Hourly Integrated Load,SYS_FCST_ACT_MW,3.8,2544,ACTUAL,35
2019-12-04T03:00:00-00:00,2019-12-04T04:00:00-00:00,0,2019-12-03,20,0,ACTUAL,AZPS,Total Actual Hourly Integrated Load,SYS_FCST_ACT_MW,3.8,3165,ACTUAL,35
2019-12-04T05:00:00-00:00,2019-12-04T06:00:00-00:00,0,2019-12-03,22,0,ACTUAL,AZPS,Total Actual Hourly Integrated Load,SYS_FCST_ACT_MW,3.8,2825,ACTUAL,35
2019-12-04T06:00:00-00:00,2019-12-04T07:00:00-00:00,0,2019-12-03,23,0,ACTUAL,AZPS,Total Actual Hourly Integrated Load,SYS_FCST_ACT_MW,3.8,2623,ACTUAL,35
2019-12-04T04:00:00-00:00,2019-12-04T05:00:00-00:00,0,2019-12-03,21,0,ACTUAL,AZPS,Total Actual Hourly Integrated Load,SYS_FCST_ACT_MW,3.8,3038,ACTUAL,35
2019-12-03T08:00:00-00:00,2019-12-03T09:00:00-00:00,0,2019-12-03,1,0,ACTUAL,AZPS,Total Actual Hourly Integrated Load,SYS_FCST_ACT_MW,3.8,2606,ACTUAL,35
2019-12-03T10:00:00-00:00,2019-12-03T11:00:00-00:00,0,2019-12-03,3,0,ACTUAL,AZPS,Total Actual Hourly Integrated Load,SYS_FCST_ACT_MW,3.8,2636,ACTUAL,35
2019-12-03T17:00:00-00:00,2019-12-03T18:00:00-00:00,0,2019-12-03,10,0,ACTUAL,AZPS,Total Actual Hourly Integrated Load,SYS_FCST_ACT_MW,3.8,2716,ACTUAL,35
2019-12-03T12:00:00-00:00,2019-12-03T13:00:00-00:00,0,2019-12-03,5,0,ACTUAL,AZPS,Total Actual Hourly Integrated Load,SYS_FCST_ACT_MW,3.8,3026,ACTUAL,35
2019-12-03T14:00:00-00:00,2019-12-03T15:00:00-00:00,0,2019-12-03,7,0,ACTUAL,AZPS,Total Actual Hourly Integrated Load,SYS_FCST_ACT_MW,3.8,3390,ACTUAL,35
2019-12-03T16:00:00-00:00,2019-12-03T17:00:00-00:00,0,2019-12-03,9,0,ACTUAL,AZPS,Total Actual Hourly Integrated Load,SYS_FCST_ACT_MW,3.8,2898,ACTUAL,35
2019-12-04T02:00:00-00:00,2019-12-04T03:00:00-00:00,0,2019-12-03,19,0,ACTUAL,BANCSMUD,Total Actual Hourly Integrated Load,SYS_FCST_ACT_MW,3.8,1350,ACTUAL,36
2019-12-03T21:00:00-00:00,2019-12-03T22:00:00-00:00,0,2019-12-03,14,0,ACTUAL,BANCSMUD,Total Actual Hourly Integrated Load,SYS_FCST_ACT_MW,3.8,1188,ACTUAL,36
2019-12-03T09:00:00-00:00,2019-12-03T10:00:00-00:00,0,2019-12-03,2,0,ACTUAL,BANCSMUD,Total Actual Hourly Integrated Load,SYS_FCST_ACT_MW,3.8,926,ACTUAL,36
2019-12-03T20:00:00-00:00,2019-12-03T21:00:00-00:00,0,2019-12-03,13,0,ACTUAL,BANCSMUD,Total Actual Hourly Integrated Load,SYS_FCST_ACT_MW,3.8,1185,ACTUAL,36
2019-12-03T14:00:00-00:00,2019-12-03T15:00:00-00:00,0,2019-12-03,7,0,ACTUAL,BANCSMUD,Total Actual Hourly Integrated Load,SYS_FCST_ACT_MW,3.8,1169,ACTUAL,36
2019-12-03T18:00:00-00:00,2019-12-03T19:00:00-00:00,0,2019-12-03,11,0,ACTUAL,BANCSMUD,Total Actual Hourly Integrated Load,SYS_FCST_ACT_MW,3.8,1252,ACTUAL,36
2019-12-03T15:00:00-00:00,2019-12-03T16:00:00-00:00,0,2019-12-03,8,0,ACTUAL,BANCSMUD,Total Actual Hourly Integrated Load,SYS_FCST_ACT_MW,3.8,1236,ACTUAL,36
2019-12-03T19:00:00-00:00,2019-12-03T20:00:00-00:00,0,2019-12-03,12,0,ACTUAL,BANCSMUD,Total Actual Hourly Integrated Load,SYS_FCST_ACT_MW,3.8,1219,ACTUAL,36
2019-12-03T17:00:00-00:00,2019-12-03T18:00:00-00:00,0,2019-12-03,10,0,ACTUAL,BANCSMUD,Total Actual Hourly Integrated Load,SYS_FCST_ACT_MW,3.8,1255,ACTUAL,36
2019-12-04T04:00:00-00:00,2019-12-04T05:00:00-00:00,0,2019-12-03,21,0,ACTUAL,BANCSMUD,Total Actual Hourly Integrated Load,SYS_FCST_ACT_MW,3.8,1300,ACTUAL,36
2019-12-03T13:00:00-00:00,2019-12-03T14:00:00-00:00,0,2019-12-03,6,0,ACTUAL,BANCSMUD,Total Actual Hourly Integrated Load,SYS_FCST_ACT_MW,3.8,1035,ACTUAL,36
2019-12-03T12:00:00-00:00,2019-12-03T13:00:00-00:00,0,2019-12-03,5,0,ACTUAL,BANCSMUD,Total Actual Hourly Integrated Load,SYS_FCST_ACT_MW,3.8,943,ACTUAL,36
2019-12-03T08:00:00-00:00,2019-12-03T09:00:00-00:00,0,2019-12-03,1,0,ACTUAL,BANCSMUD,Total Actual Hourly Integrated Load,SYS_FCST_ACT_MW,3.8,969,ACTUAL,36
2019-12-04T07:00:00-00:00,2019-12-04T08:00:00-00:00,0,2019-12-03,24,0,ACTUAL,BANCSMUD,Total Actual Hourly Integrated Load,SYS_FCST_ACT_MW,3.8,1031,ACTUAL,36
2019-12-04T05:00:00-00:00,2019-12-04T06:00:00-00:00,0,2019-12-03,22,0,ACTUAL,BANCSMUD,Total Actual Hourly Integrated Load,SYS_FCST_ACT_MW,3.8,1230,ACTUAL,36
2019-12-04T01:00:00-00:00,2019-12-04T02:00:00-00:00,0,2019-12-03,18,0,ACTUAL,BANCSMUD,Total Actual Hourly Integrated Load,SYS_FCST_ACT_MW,3.8,1349,ACTUAL,36
2019-12-04T00:00:00-00:00,2019-12-04T01:00:00-00:00,0,2019-12-03,17,0,ACTUAL,BANCSMUD,Total Actual Hourly Integrated Load,SYS_FCST_ACT_MW,3.8,1273,ACTUAL,36
2019-12-03T23:00:00-00:00,2019-12-04T00:00:00-00:00,0,2019-12-03,16,0,ACTUAL,BANCSMUD,Total Actual Hourly Integrated Load,SYS_FCST_ACT_MW,3.8,1206,ACTUAL,36
2019-12-03T11:00:00-00:00,2019-12-03T12:00:00-00:00,0,2019-12-03,4,0,ACTUAL,BANCSMUD,Total Actual Hourly Integrated Load,SYS_FCST_ACT_MW,3.8,904,ACTUAL,36
2019-12-04T03:00:00-00:00,2019-12-04T04:00:00-00:00,0,2019-12-03,20,0,ACTUAL,BANCSMUD,Total Actual Hourly Integrated Load,SYS_FCST_ACT_MW,3.8,1331,ACTUAL,36
2019-12-03T22:00:00-00:00,2019-12-03T23:00:00-00:00,0,2019-12-03,15,0,ACTUAL,BANCSMUD,Total Actual Hourly Integrated Load,SYS_FCST_ACT_MW,3.8,1184,ACTUAL,36
2019-12-03T10:00:00-00:00,2019-12-03T11:00:00-00:00,0,2019-12-03,3,0,ACTUAL,BANCSMUD,Total Actual Hourly Integrated Load,SYS_FCST_ACT_MW,3.8,903,ACTUAL,36
2019-12-03T16:00:00-00:00,2019-12-03T17:00:00-00:00,0,2019-12-03,9,0,ACTUAL,BANCSMUD,Total Actual Hourly Integrated Load,SYS_FCST_ACT_MW,3.8,1243,ACTUAL,36
2019-12-04T06:00:00-00:00,2019-12-04T07:00:00-00:00,0,2019-12-03,23,0,ACTUAL,BANCSMUD,Total Actual Hourly Integrated Load,SYS_FCST_ACT_MW,3.8,1128,ACTUAL,36
2019-12-03T16:00:00-00:00,2019-12-03T17:00:00-00:00,0,2019-12-03,9,0,ACTUAL,BCHA,Total Actual Hourly Integrated Load,SYS_FCST_ACT_MW,3.8,8942,ACTUAL,37
2019-12-04T01:00:00-00:00,2019-12-04T02:00:00-00:00,0,2019-12-03,18,0,ACTUAL,BCHA,Total Actual Hourly Integrated Load,SYS_FCST_ACT_MW,3.8,9363,ACTUAL,37
2019-12-03T22:00:00-00:00,2019-12-03T23:00:00-00:00,0,2019-12-03,15,0,ACTUAL,BCHA,Total Actual Hourly Integrated Load,SYS_FCST_ACT_MW,3.8,8591,ACTUAL,37
2019-12-03T20:00:00-00:00,2019-12-03T21:00:00-00:00,0,2019-12-03,13,0,ACTUAL,BCHA,Total Actual Hourly Integrated Load,SYS_FCST_ACT_MW,3.8,8748,ACTUAL,37
2019-12-03T18:00:00-00:00,2019-12-03T19:00:00-00:00,0,2019-12-03,11,0,ACTUAL,BCHA,Total Actual Hourly Integrated Load,SYS_FCST_ACT_MW,3.8,8858,ACTUAL,37
2019-12-03T15:00:00-00:00,2019-12-03T16:00:00-00:00,0,2019-12-03,8,0,ACTUAL,BCHA,Total Actual Hourly Integrated Load,SYS_FCST_ACT_MW,3.8,8856,ACTUAL,37
2019-12-04T03:00:00-00:00,2019-12-04T04:00:00-00:00,0,2019-12-03,20,0,ACTUAL,BCHA,Total Actual Hourly Integrated Load,SYS_FCST_ACT_MW,3.8,9011,ACTUAL,37
2019-12-04T00:00:00-00:00,2019-12-04T01:00:00-00:00,0,2019-12-03,17,0,ACTUAL,BCHA,Total Actual Hourly Integrated Load,SYS_FCST_ACT_MW,3.8,9101,ACTUAL,37
2019-12-03T13:00:00-00:00,2019-12-03T14:00:00-00:00,0,2019-12-03,6,0,ACTUAL,BCHA,Total Actual Hourly Integrated Load,SYS_FCST_ACT_MW,3.8,7444,ACTUAL,37
2019-12-03T09:00:00-00:00,2019-12-03T10:00:00-00:00,0,2019-12-03,2,0,ACTUAL,BCHA,Total Actual Hourly Integrated Load,SYS_FCST_ACT_MW,3.8,7061,ACTUAL,37
2019-12-03T17:00:00-00:00,2019-12-03T18:00:00-00:00,0,2019-12-03,10,0,ACTUAL,BCHA,Total Actual Hourly Integrated Load,SYS_FCST_ACT_MW,3.8,8881,ACTUAL,37
2019-12-03T12:00:00-00:00,2019-12-03T13:00:00-00:00,0,2019-12-03,5,0,ACTUAL,BCHA,Total Actual Hourly Integrated Load,SYS_FCST_ACT_MW,3.8,7020,ACTUAL,37
2019-12-03T10:00:00-00:00,2019-12-03T11:00:00-00:00,0,2019-12-03,3,0,ACTUAL,BCHA,Total Actual Hourly Integrated Load,SYS_FCST_ACT_MW,3.8,6935,ACTUAL,37
2019-12-04T04:00:00-00:00,2019-12-04T05:00:00-00:00,0,2019-12-03,21,0,ACTUAL,BCHA,Total Actual Hourly Integrated Load,SYS_FCST_ACT_MW,3.8,8722,ACTUAL,37
2019-12-03T23:00:00-00:00,2019-12-04T00:00:00-00:00,0,2019-12-03,16,0,ACTUAL,BCHA,Total Actual Hourly Integrated Load,SYS_FCST_ACT_MW,3.8,8687,ACTUAL,37
2019-12-03T21:00:00-00:00,2019-12-03T22:00:00-00:00,0,2019-12-03,14,0,ACTUAL,BCHA,Total Actual Hourly Integrated Load,SYS_FCST_ACT_MW,3.8,8623,ACTUAL,37
2019-12-03T19:00:00-00:00,2019-12-03T20:00:00-00:00,0,2019-12-03,12,0,ACTUAL,BCHA,Total Actual Hourly Integrated Load,SYS_FCST_ACT_MW,3.8,8765,ACTUAL,37
2019-12-03T14:00:00-00:00,2019-12-03T15:00:00-00:00,0,2019-12-03,7,0,ACTUAL,BCHA,Total Actual Hourly Integrated Load,SYS_FCST_ACT_MW,3.8,8182,ACTUAL,37
2019-12-03T11:00:00-00:00,2019-12-03T12:00:00-00:00,0,2019-12-03,4,0,ACTUAL,BCHA,Total Actual Hourly Integrated Load,SYS_FCST_ACT_MW,3.8,6907,ACTUAL,37
2019-12-03T08:00:00-00:00,2019-12-03T09:00:00-00:00,0,2019-12-03,1,0,ACTUAL,BCHA,Total Actual Hourly Integrated Load,SYS_FCST_ACT_MW,3.8,7305,ACTUAL,37
2019-12-04T05:00:00-00:00,2019-12-04T06:00:00-00:00,0,2019-12-03,22,0,ACTUAL,BCHA,Total Actual Hourly Integrated Load,SYS_FCST_ACT_MW,3.8,8341,ACTUAL,37
2019-12-04T02:00:00-00:00,2019-12-04T03:00:00-00:00,0,2019-12-03,19,0,ACTUAL,BCHA,Total Actual Hourly Integrated Load,SYS_FCST_ACT_MW,3.8,9232,ACTUAL,37
2019-12-04T06:00:00-00:00,2019-12-04T07:00:00-00:00,0,2019-12-03,23,0,ACTUAL,BCHA,Total Actual Hourly Integrated Load,SYS_FCST_ACT_MW,3.8,7800,ACTUAL,37
2019-12-04T07:00:00-00:00,2019-12-04T08:00:00-00:00,0,2019-12-03,24,0,ACTUAL,BCHA,Total Actual Hourly Integrated Load,SYS_FCST_ACT_MW,3.8,7278,ACTUAL,37
2019-12-03T09:00:00-00:00,2019-12-03T10:00:00-00:00,0,2019-12-03,2,0,ACTUAL,CA ISO-TAC,Total Actual Hourly Integrated Load,SYS_FCST_ACT_MW,3,20957,ACTUAL,38
2019-12-04T06:00:00-00:00,2019-12-04T07:00:00-00:00,0,2019-12-03,23,0,ACTUAL,CA ISO-TAC,Total Actual Hourly Integrated Load,SYS_FCST_ACT_MW,3,24351,ACTUAL,38
2019-12-04T02:00:00-00:00,2019-12-04T03:00:00-00:00,0,2019-12-03,19,0,ACTUAL,CA ISO-TAC,Total Actual Hourly Integrated Load,SYS_FCST_ACT_MW,3,29058,ACTUAL,38
2019-12-03T20:00:00-00:00,2019-12-03T21:00:00-00:00,0,2019-12-03,13,0,ACTUAL,CA ISO-TAC,Total Actual Hourly Integrated Load,SYS_FCST_ACT_MW,3,25301,ACTUAL,38
2019-12-03T22:00:00-00:00,2019-12-03T23:00:00-00:00,0,2019-12-03,15,0,ACTUAL,CA ISO-TAC,Total Actual Hourly Integrated Load,SYS_FCST_ACT_MW,3,25925,ACTUAL,38
2019-12-03T14:00:00-00:00,2019-12-03T15:00:00-00:00,0,2019-12-03,7,0,ACTUAL,CA ISO-TAC,Total Actual Hourly Integrated Load,SYS_FCST_ACT_MW,3,24788,ACTUAL,38
2019-12-03T19:00:00-00:00,2019-12-03T20:00:00-00:00,0,2019-12-03,12,0,ACTUAL,CA ISO-TAC,Total Actual Hourly Integrated Load,SYS_FCST_ACT_MW,3,25264,ACTUAL,38
2019-12-04T01:00:00-00:00,2019-12-04T02:00:00-00:00,0,2019-12-03,18,0,ACTUAL,CA ISO-TAC,Total Actual Hourly Integrated Load,SYS_FCST_ACT_MW,3,29060,ACTUAL,38
2019-12-03T13:00:00-00:00,2019-12-03T14:00:00-00:00,0,2019-12-03,6,0,ACTUAL,CA ISO-TAC,Total Actual Hourly Integrated Load,SYS_FCST_ACT_MW,3,22295,ACTUAL,38
2019-12-03T15:00:00-00:00,2019-12-03T16:00:00-00:00,0,2019-12-03,8,0,ACTUAL,CA ISO-TAC,Total Actual Hourly Integrated Load,SYS_FCST_ACT_MW,3,26001,ACTUAL,38
2019-12-04T00:00:00-00:00,2019-12-04T01:00:00-00:00,0,2019-12-03,17,0,ACTUAL,CA ISO-TAC,Total Actual Hourly Integrated Load,SYS_FCST_ACT_MW,3,27514,ACTUAL,38
2019-12-04T07:00:00-00:00,2019-12-04T08:00:00-00:00,0,2019-12-03,24,0,ACTUAL,CA ISO-TAC,Total Actual Hourly Integrated Load,SYS_FCST_ACT_MW,3,22492,ACTUAL,38
2019-12-03T21:00:00-00:00,2019-12-03T22:00:00-00:00,0,2019-12-03,14,0,ACTUAL,CA ISO-TAC,Total Actual Hourly Integrated Load,SYS_FCST_ACT_MW,3,25639,ACTUAL,38
2019-12-04T03:00:00-00:00,2019-12-04T04:00:00-00:00,0,2019-12-03,20,0,ACTUAL,CA ISO-TAC,Total Actual Hourly Integrated Load,SYS_FCST_ACT_MW,3,28617,ACTUAL,38
2019-12-04T05:00:00-00:00,2019-12-04T06:00:00-00:00,0,2019-12-03,22,0,ACTUAL,CA ISO-TAC,Total Actual Hourly Integrated Load,SYS_FCST_ACT_MW,3,26361,ACTUAL,38
2019-12-03T10:00:00-00:00,2019-12-03T11:00:00-00:00,0,2019-12-03,3,0,ACTUAL,CA ISO-TAC,Total Actual Hourly Integrated Load,SYS_FCST_ACT_MW,3,20403,ACTUAL,38
2019-12-03T11:00:00-00:00,2019-12-03T12:00:00-00:00,0,2019-12-03,4,0,ACTUAL,CA ISO-TAC,Total Actual Hourly Integrated Load,SYS_FCST_ACT_MW,3,20173,ACTUAL,38
2019-12-04T04:00:00-00:00,2019-12-04T05:00:00-00:00,0,2019-12-03,21,0,ACTUAL,CA ISO-TAC,Total Actual Hourly Integrated Load,SYS_FCST_ACT_MW,3,27735,ACTUAL,38
2019-12-03T08:00:00-00:00,2019-12-03T09:00:00-00:00,0,2019-12-03,1,0,ACTUAL,CA ISO-TAC,Total Actual Hourly Integrated Load,SYS_FCST_ACT_MW,3,21697,ACTUAL,38
2019-12-03T12:00:00-00:00,2019-12-03T13:00:00-00:00,0,2019-12-03,5,0,ACTUAL,CA ISO-TAC,Total Actual Hourly Integrated Load,SYS_FCST_ACT_MW,3,20711,ACTUAL,38
2019-12-03T16:00:00-00:00,2019-12-03T17:00:00-00:00,0,2019-12-03,9,0,ACTUAL,CA ISO-TAC,Total Actual Hourly Integrated Load,SYS_FCST_ACT_MW,3,25870,ACTUAL,38
2019-12-03T18:00:00-00:00,2019-12-03T19:00:00-00:00,0,2019-12-03,11,0,ACTUAL,CA ISO-TAC,Total Actual Hourly Integrated Load,SYS_FCST_ACT_MW,3,25363,ACTUAL,38
2019-12-03T23:00:00-00:00,2019-12-04T00:00:00-00:00,0,2019-12-03,16,0,ACTUAL,CA ISO-TAC,Total Actual Hourly Integrated Load,SYS_FCST_ACT_MW,3,26431,ACTUAL,38
2019-12-03T17:00:00-00:00,2019-12-03T18:00:00-00:00,0,2019-12-03,10,0,ACTUAL,CA ISO-TAC,Total Actual Hourly Integrated Load,SYS_FCST_ACT_MW,3,25640,ACTUAL,38
2019-12-04T01:00:00-00:00,2019-12-04T02:00:00-00:00,0,2019-12-03,18,0,ACTUAL,IPCO,Total Actual Hourly Integrated Load,SYS_FCST_ACT_MW,3.8,2148,ACTUAL,39
2019-12-03T11:00:00-00:00,2019-12-03T12:00:00-00:00,0,2019-12-03,4,0,ACTUAL,IPCO,Total Actual Hourly Integrated Load,SYS_FCST_ACT_MW,3.8,1734,ACTUAL,39
2019-12-04T07:00:00-00:00,2019-12-04T08:00:00-00:00,0,2019-12-03,24,0,ACTUAL,IPCO,Total Actual Hourly Integrated Load,SYS_FCST_ACT_MW,3.8,1665,ACTUAL,39
2019-12-03T18:00:00-00:00,2019-12-03T19:00:00-00:00,0,2019-12-03,11,0,ACTUAL,IPCO,Total Actual Hourly Integrated Load,SYS_FCST_ACT_MW,3.8,2031,ACTUAL,39
2019-12-03T10:00:00-00:00,2019-12-03T11:00:00-00:00,0,2019-12-03,3,0,ACTUAL,IPCO,Total Actual Hourly Integrated Load,SYS_FCST_ACT_MW,3.8,1688,ACTUAL,39
2019-12-03T19:00:00-00:00,2019-12-03T20:00:00-00:00,0,2019-12-03,12,0,ACTUAL,IPCO,Total Actual Hourly Integrated Load,SYS_FCST_ACT_MW,3.8,1995,ACTUAL,39
2019-12-03T14:00:00-00:00,2019-12-03T15:00:00-00:00,0,2019-12-03,7,0,ACTUAL,IPCO,Total Actual Hourly Integrated Load,SYS_FCST_ACT_MW,3.8,2126,ACTUAL,39
2019-12-03T15:00:00-00:00,2019-12-03T16:00:00-00:00,0,2019-12-03,8,0,ACTUAL,IPCO,Total Actual Hourly Integrated Load,SYS_FCST_ACT_MW,3.8,2127,ACTUAL,39
2019-12-03T21:00:00-00:00,2019-12-03T22:00:00-00:00,0,2019-12-03,14,0,ACTUAL,IPCO,Total Actual Hourly Integrated Load,SYS_FCST_ACT_MW,3.8,1967,ACTUAL,39
2019-12-03T08:00:00-00:00,2019-12-03T09:00:00-00:00,0,2019-12-03,1,0,ACTUAL,IPCO,Total Actual Hourly Integrated Load,SYS_FCST_ACT_MW,3.8,1683,ACTUAL,39
2019-12-03T13:00:00-00:00,2019-12-03T14:00:00-00:00,0,2019-12-03,6,0,ACTUAL,IPCO,Total Actual Hourly Integrated Load,SYS_FCST_ACT_MW,3.8,2007,ACTUAL,39
2019-12-04T02:00:00-00:00,2019-12-04T03:00:00-00:00,0,2019-12-03,19,0,ACTUAL,IPCO,Total Actual Hourly Integrated Load,SYS_FCST_ACT_MW,3.8,2115,ACTUAL,39
2019-12-03T09:00:00-00:00,2019-12-03T10:00:00-00:00,0,2019-12-03,2,0,ACTUAL,IPCO,Total Actual Hourly Integrated Load,SYS_FCST_ACT_MW,3.8,1680,ACTUAL,39
2019-12-03T12:00:00-00:00,2019-12-03T13:00:00-00:00,0,2019-12-03,5,0,ACTUAL,IPCO,Total Actual Hourly Integrated Load,SYS_FCST_ACT_MW,3.8,1831,ACTUAL,39
2019-12-03T23:00:00-00:00,2019-12-04T00:00:00-00:00,0,2019-12-03,16,0,ACTUAL,IPCO,Total Actual Hourly Integrated Load,SYS_FCST_ACT_MW,3.8,2038,ACTUAL,39
2019-12-03T20:00:00-00:00,2019-12-03T21:00:00-00:00,0,2019-12-03,13,0,ACTUAL,IPCO,Total Actual Hourly Integrated Load,SYS_FCST_ACT_MW,3.8,1976,ACTUAL,39
2019-12-03T22:00:00-00:00,2019-12-03T23:00:00-00:00,0,2019-12-03,15,0,ACTUAL,IPCO,Total Actual Hourly Integrated Load,SYS_FCST_ACT_MW,3.8,1975,ACTUAL,39
2019-12-04T00:00:00-00:00,2019-12-04T01:00:00-00:00,0,2019-12-03,17,0,ACTUAL,IPCO,Total Actual Hourly Integrated Load,SYS_FCST_ACT_MW,3.8,2134,ACTUAL,39
2019-12-04T04:00:00-00:00,2019-12-04T05:00:00-00:00,0,2019-12-03,21,0,ACTUAL,IPCO,Total Actual Hourly Integrated Load,SYS_FCST_ACT_MW,3.8,1983,ACTUAL,39
2019-12-03T16:00:00-00:00,2019-12-03T17:00:00-00:00,0,2019-12-03,9,0,ACTUAL,IPCO,Total Actual Hourly Integrated Load,SYS_FCST_ACT_MW,3.8,2094,ACTUAL,39
2019-12-03T17:00:00-00:00,2019-12-03T18:00:00-00:00,0,2019-12-03,10,0,ACTUAL,IPCO,Total Actual Hourly Integrated Load,SYS_FCST_ACT_MW,3.8,2065,ACTUAL,39
2019-12-04T05:00:00-00:00,2019-12-04T06:00:00-00:00,0,2019-12-03,22,0,ACTUAL,IPCO,Total Actual Hourly Integrated Load,SYS_FCST_ACT_MW,3.8,1851,ACTUAL,39
2019-12-04T06:00:00-00:00,2019-12-04T07:00:00-00:00,0,2019-12-03,23,0,ACTUAL,IPCO,Total Actual Hourly Integrated Load,SYS_FCST_ACT_MW,3.8,1734,ACTUAL,39
2019-12-04T03:00:00-00:00,2019-12-04T04:00:00-00:00,0,2019-12-03,20,0,ACTUAL,IPCO,Total Actual Hourly Integrated Load,SYS_FCST_ACT_MW,3.8,2072,ACTUAL,39
2019-12-04T07:00:00-00:00,2019-12-04T08:00:00-00:00,0,2019-12-03,24,0,ACTUAL,MWD-TAC,Total Actual Hourly Integrated Load,SYS_FCST_ACT_MW,3.3,35,ACTUAL,40
2019-12-03T18:00:00-00:00,2019-12-03T19:00:00-00:00,0,2019-12-03,11,0,ACTUAL,MWD-TAC,Total Actual Hourly Integrated Load,SYS_FCST_ACT_MW,3.3,35,ACTUAL,40
2019-12-03T19:00:00-00:00,2019-12-03T20:00:00-00:00,0,2019-12-03,12,0,ACTUAL,MWD-TAC,Total Actual Hourly Integrated Load,SYS_FCST_ACT_MW,3.3,34,ACTUAL,40
2019-12-03T22:00:00-00:00,2019-12-03T23:00:00-00:00,0,2019-12-03,15,0,ACTUAL,MWD-TAC,Total Actual Hourly Integrated Load,SYS_FCST_ACT_MW,3.3,29,ACTUAL,40
2019-12-03T20:00:00-00:00,2019-12-03T21:00:00-00:00,0,2019-12-03,13,0,ACTUAL,MWD-TAC,Total Actual Hourly Integrated Load,SYS_FCST_ACT_MW,3.3,35,ACTUAL,40
2019-12-04T02:00:00-00:00,2019-12-04T03:00:00-00:00,0,2019-12-03,19,0,ACTUAL,MWD-TAC,Total Actual Hourly Integrated Load,SYS_FCST_ACT_MW,3.3,35,ACTUAL,40
2019-12-04T06:00:00-00:00,2019-12-04T07:00:00-00:00,0,2019-12-03,23,0,ACTUAL,MWD-TAC,Total Actual Hourly Integrated Load,SYS_FCST_ACT_MW,3.3,36,ACTUAL,40
2019-12-03T08:00:00-00:00,2019-12-03T09:00:00-00:00,0,2019-12-03,1,0,ACTUAL,MWD-TAC,Total Actual Hourly Integrated Load,SYS_FCST_ACT_MW,3.3,35,ACTUAL,40
2019-12-03T09:00:00-00:00,2019-12-03T10:00:00-00:00,0,2019-12-03,2,0,ACTUAL,MWD-TAC,Total Actual Hourly Integrated Load,SYS_FCST_ACT_MW,3.3,35,ACTUAL,40
2019-12-03T13:00:00-00:00,2019-12-03T14:00:00-00:00,0,2019-12-03,6,0,ACTUAL,MWD-TAC,Total Actual Hourly Integrated Load,SYS_FCST_ACT_MW,3.3,35,ACTUAL,40
2019-12-03T14:00:00-00:00,2019-12-03T15:00:00-00:00,0,2019-12-03,7,0,ACTUAL,MWD-TAC,Total Actual Hourly Integrated Load,SYS_FCST_ACT_MW,3.3,35,ACTUAL,40
2019-12-04T03:00:00-00:00,2019-12-04T04:00:00-00:00,0,2019-12-03,20,0,ACTUAL,MWD-TAC,Total Actual Hourly Integrated Load,SYS_FCST_ACT_MW,3.3,36,ACTUAL,40
2019-12-03T17:00:00-00:00,2019-12-03T18:00:00-00:00,0,2019-12-03,10,0,ACTUAL,MWD-TAC,Total Actual Hourly Integrated Load,SYS_FCST_ACT_MW,3.3,36,ACTUAL,40
2019-12-04T04:00:00-00:00,2019-12-04T05:00:00-00:00,0,2019-12-03,21,0,ACTUAL,MWD-TAC,Total Actual Hourly Integrated Load,SYS_FCST_ACT_MW,3.3,36,ACTUAL,40
2019-12-04T05:00:00-00:00,2019-12-04T06:00:00-00:00,0,2019-12-03,22,0,ACTUAL,MWD-TAC,Total Actual Hourly Integrated Load,SYS_FCST_ACT_MW,3.3,36,ACTUAL,40
2019-12-03T21:00:00-00:00,2019-12-03T22:00:00-00:00,0,2019-12-03,14,0,ACTUAL,MWD-TAC,Total Actual Hourly Integrated Load,SYS_FCST_ACT_MW,3.3,33,ACTUAL,40
2019-12-03T23:00:00-00:00,2019-12-04T00:00:00-00:00,0,2019-12-03,16,0,ACTUAL,MWD-TAC,Total Actual Hourly Integrated Load,SYS_FCST_ACT_MW,3.3,32,ACTUAL,40
2019-12-04T00:00:00-00:00,2019-12-04T01:00:00-00:00,0,2019-12-03,17,0,ACTUAL,MWD-TAC,Total Actual Hourly Integrated Load,SYS_FCST_ACT_MW,3.3,27,ACTUAL,40
2019-12-03T11:00:00-00:00,2019-12-03T12:00:00-00:00,0,2019-12-03,4,0,ACTUAL,MWD-TAC,Total Actual Hourly Integrated Load,SYS_FCST_ACT_MW,3.3,36,ACTUAL,40
2019-12-03T12:00:00-00:00,2019-12-03T13:00:00-00:00,0,2019-12-03,5,0,ACTUAL,MWD-TAC,Total Actual Hourly Integrated Load,SYS_FCST_ACT_MW,3.3,35,ACTUAL,40
2019-12-03T16:00:00-00:00,2019-12-03T17:00:00-00:00,0,2019-12-03,9,0,ACTUAL,MWD-TAC,Total Actual Hourly Integrated Load,SYS_FCST_ACT_MW,3.3,36,ACTUAL,40
2019-12-04T01:00:00-00:00,2019-12-04T02:00:00-00:00,0,2019-12-03,18,0,ACTUAL,MWD-TAC,Total Actual Hourly Integrated Load,SYS_FCST_ACT_MW,3.3,35,ACTUAL,40
2019-12-03T10:00:00-00:00,2019-12-03T11:00:00-00:00,0,2019-12-03,3,0,ACTUAL,MWD-TAC,Total Actual Hourly Integrated Load,SYS_FCST_ACT_MW,3.3,35,ACTUAL,40
2019-12-03T15:00:00-00:00,2019-12-03T16:00:00-00:00,0,2019-12-03,8,0,ACTUAL,MWD-TAC,Total Actual Hourly Integrated Load,SYS_FCST_ACT_MW,3.3,36,ACTUAL,40
2019-12-03T08:00:00-00:00,2019-12-03T09:00:00-00:00,0,2019-12-03,1,0,ACTUAL,NEVP,Total Actual Hourly Integrated Load,SYS_FCST_ACT_MW,3.8,3582,ACTUAL,41
2019-12-03T19:00:00-00:00,2019-12-03T20:00:00-00:00,0,2019-12-03,12,0,ACTUAL,NEVP,Total Actual Hourly Integrated Load,SYS_FCST_ACT_MW,3.8,3825,ACTUAL,41
2019-12-03T16:00:00-00:00,2019-12-03T17:00:00-00:00,0,2019-12-03,9,0,ACTUAL,NEVP,Total Actual Hourly Integrated Load,SYS_FCST_ACT_MW,3.8,3985,ACTUAL,41
2019-12-03T18:00:00-00:00,2019-12-03T19:00:00-00:00,0,2019-12-03,11,0,ACTUAL,NEVP,Total Actual Hourly Integrated Load,SYS_FCST_ACT_MW,3.8,3894,ACTUAL,41
2019-12-03T20:00:00-00:00,2019-12-03T21:00:00-00:00,0,2019-12-03,13,0,ACTUAL,NEVP,Total Actual Hourly Integrated Load,SYS_FCST_ACT_MW,3.8,3816,ACTUAL,41
2019-12-04T00:00:00-00:00,2019-12-04T01:00:00-00:00,0,2019-12-03,17,0,ACTUAL,NEVP,Total Actual Hourly Integrated Load,SYS_FCST_ACT_MW,3.8,4169,ACTUAL,41
2019-12-04T02:00:00-00:00,2019-12-04T03:00:00-00:00,0,2019-12-03,19,0,ACTUAL,NEVP,Total Actual Hourly Integrated Load,SYS_FCST_ACT_MW,3.8,4312,ACTUAL,41
2019-12-04T04:00:00-00:00,2019-12-04T05:00:00-00:00,0,2019-12-03,21,0,ACTUAL,NEVP,Total Actual Hourly Integrated Load,SYS_FCST_ACT_MW,3.8,4174,ACTUAL,41
2019-12-04T07:00:00-00:00,2019-12-04T08:00:00-00:00,0,2019-12-03,24,0,ACTUAL,NEVP,Total Actual Hourly Integrated Load,SYS_FCST_ACT_MW,3.8,3619,ACTUAL,41
2019-12-04T01:00:00-00:00,2019-12-04T02:00:00-00:00,0,2019-12-03,18,0,ACTUAL,NEVP,Total Actual Hourly Integrated Load,SYS_FCST_ACT_MW,3.8,4320,ACTUAL,41
2019-12-03T09:00:00-00:00,2019-12-03T10:00:00-00:00,0,2019-12-03,2,0,ACTUAL,NEVP,Total Actual Hourly Integrated Load,SYS_FCST_ACT_MW,3.8,3518,ACTUAL,41
2019-12-03T10:00:00-00:00,2019-12-03T11:00:00-00:00,0,2019-12-03,3,0,ACTUAL,NEVP,Total Actual Hourly Integrated Load,SYS_FCST_ACT_MW,3.8,3489,ACTUAL,41
2019-12-03T14:00:00-00:00,2019-12-03T15:00:00-00:00,0,2019-12-03,7,0,ACTUAL,NEVP,Total Actual Hourly Integrated Load,SYS_FCST_ACT_MW,3.8,3970,ACTUAL,41
2019-12-03T22:00:00-00:00,2019-12-03T23:00:00-00:00,0,2019-12-03,15,0,ACTUAL,NEVP,Total Actual Hourly Integrated Load,SYS_FCST_ACT_MW,3.8,3851,ACTUAL,41
2019-12-04T05:00:00-00:00,2019-12-04T06:00:00-00:00,0,2019-12-03,22,0,ACTUAL,NEVP,Total Actual Hourly Integrated Load,SYS_FCST_ACT_MW,3.8,4003,ACTUAL,41
2019-12-03T15:00:00-00:00,2019-12-03T16:00:00-00:00,0,2019-12-03,8,0,ACTUAL,NEVP,Total Actual Hourly Integrated Load,SYS_FCST_ACT_MW,3.8,4001,ACTUAL,41
2019-12-03T11:00:00-00:00,2019-12-03T12:00:00-00:00,0,2019-12-03,4,0,ACTUAL,NEVP,Total Actual Hourly Integrated Load,SYS_FCST_ACT_MW,3.8,3504,ACTUAL,41
2019-12-03T23:00:00-00:00,2019-12-04T00:00:00-00:00,0,2019-12-03,16,0,ACTUAL,NEVP,Total Actual Hourly Integrated Load,SYS_FCST_ACT_MW,3.8,3937,ACTUAL,41
2019-12-03T21:00:00-00:00,2019-12-03T22:00:00-00:00,0,2019-12-03,14,0,ACTUAL,NEVP,Total Actual Hourly Integrated Load,SYS_FCST_ACT_MW,3.8,3834,ACTUAL,41
2019-12-03T13:00:00-00:00,2019-12-03T14:00:00-00:00,0,2019-12-03,6,0,ACTUAL,NEVP,Total Actual Hourly Integrated Load,SYS_FCST_ACT_MW,3.8,3753,ACTUAL,41
2019-12-04T03:00:00-00:00,2019-12-04T04:00:00-00:00,0,2019-12-03,20,0,ACTUAL,NEVP,Total Actual Hourly Integrated Load,SYS_FCST_ACT_MW,3.8,4271,ACTUAL,41
2019-12-04T06:00:00-00:00,2019-12-04T07:00:00-00:00,0,2019-12-03,23,0,ACTUAL,NEVP,Total Actual Hourly Integrated Load,SYS_FCST_ACT_MW,3.8,3809,ACTUAL,41
2019-12-03T17:00:00-00:00,2019-12-03T18:00:00-00:00,0,2019-12-03,10,0,ACTUAL,NEVP,Total Actual Hourly Integrated Load,SYS_FCST_ACT_MW,3.8,3937,ACTUAL,41
2019-12-03T12:00:00-00:00,2019-12-03T13:00:00-00:00,0,2019-12-03,5,0,ACTUAL,NEVP,Total Actual Hourly Integrated Load,SYS_FCST_ACT_MW,3.8,3582,ACTUAL,41
2019-12-03T13:00:00-00:00,2019-12-03T14:00:00-00:00,0,2019-12-03,6,0,ACTUAL,PACE,Total Actual Hourly Integrated Load,SYS_FCST_ACT_MW,3.8,5519,ACTUAL,42
2019-12-03T14:00:00-00:00,2019-12-03T15:00:00-00:00,0,2019-12-03,7,0,ACTUAL,PACE,Total Actual Hourly Integrated Load,SYS_FCST_ACT_MW,3.8,5804,ACTUAL,42
2019-12-04T02:00:00-00:00,2019-12-04T03:00:00-00:00,0,2019-12-03,19,0,ACTUAL,PACE,Total Actual Hourly Integrated Load,SYS_FCST_ACT_MW,3.8,6023,ACTUAL,42
2019-12-03T11:00:00-00:00,2019-12-03T12:00:00-00:00,0,2019-12-03,4,0,ACTUAL,PACE,Total Actual Hourly Integrated Load,SYS_FCST_ACT_MW,3.8,4932,ACTUAL,42
2019-12-03T19:00:00-00:00,2019-12-03T20:00:00-00:00,0,2019-12-03,12,0,ACTUAL,PACE,Total Actual Hourly Integrated Load,SYS_FCST_ACT_MW,3.8,5514,ACTUAL,42
2019-12-03T18:00:00-00:00,2019-12-03T19:00:00-00:00,0,2019-12-03,11,0,ACTUAL,PACE,Total Actual Hourly Integrated Load,SYS_FCST_ACT_MW,3.8,5556,ACTUAL,42
2019-12-04T05:00:00-00:00,2019-12-04T06:00:00-00:00,0,2019-12-03,22,0,ACTUAL,PACE,Total Actual Hourly Integrated Load,SYS_FCST_ACT_MW,3.8,5421,ACTUAL,42
2019-12-03T23:00:00-00:00,2019-12-04T00:00:00-00:00,0,2019-12-03,16,0,ACTUAL,PACE,Total Actual Hourly Integrated Load,SYS_FCST_ACT_MW,3.8,5711,ACTUAL,42
2019-12-03T12:00:00-00:00,2019-12-03T13:00:00-00:00,0,2019-12-03,5,0,ACTUAL,PACE,Total Actual Hourly Integrated Load,SYS_FCST_ACT_MW,3.8,5149,ACTUAL,42
2019-12-03T21:00:00-00:00,2019-12-03T22:00:00-00:00,0,2019-12-03,14,0,ACTUAL,PACE,Total Actual Hourly Integrated Load,SYS_FCST_ACT_MW,3.8,5502,ACTUAL,42
2019-12-04T04:00:00-00:00,2019-12-04T05:00:00-00:00,0,2019-12-03,21,0,ACTUAL,PACE,Total Actual Hourly Integrated Load,SYS_FCST_ACT_MW,3.8,5743,ACTUAL,42
2019-12-03T09:00:00-00:00,2019-12-03T10:00:00-00:00,0,2019-12-03,2,0,ACTUAL,PACE,Total Actual Hourly Integrated Load,SYS_FCST_ACT_MW,3.8,4837,ACTUAL,42
2019-12-03T08:00:00-00:00,2019-12-03T09:00:00-00:00,0,2019-12-03,1,0,ACTUAL,PACE,Total Actual Hourly Integrated Load,SYS_FCST_ACT_MW,3.8,4874,ACTUAL,42
2019-12-03T20:00:00-00:00,2019-12-03T21:00:00-00:00,0,2019-12-03,13,0,ACTUAL,PACE,Total Actual Hourly Integrated Load,SYS_FCST_ACT_MW,3.8,5503,ACTUAL,42
2019-12-03T17:00:00-00:00,2019-12-03T18:00:00-00:00,0,2019-12-03,10,0,ACTUAL,PACE,Total Actual Hourly Integrated Load,SYS_FCST_ACT_MW,3.8,5633,ACTUAL,42
2019-12-03T10:00:00-00:00,2019-12-03T11:00:00-00:00,0,2019-12-03,3,0,ACTUAL,PACE,Total Actual Hourly Integrated Load,SYS_FCST_ACT_MW,3.8,4837,ACTUAL,42
2019-12-03T15:00:00-00:00,2019-12-03T16:00:00-00:00,0,2019-12-03,8,0,ACTUAL,PACE,Total Actual Hourly Integrated Load,SYS_FCST_ACT_MW,3.8,5801,ACTUAL,42
2019-12-04T01:00:00-00:00,2019-12-04T02:00:00-00:00,0,2019-12-03,18,0,ACTUAL,PACE,Total Actual Hourly Integrated Load,SYS_FCST_ACT_MW,3.8,6090,ACTUAL,42
2019-12-04T00:00:00-00:00,2019-12-04T01:00:00-00:00,0,2019-12-03,17,0,ACTUAL,PACE,Total Actual Hourly Integrated Load,SYS_FCST_ACT_MW,3.8,6047,ACTUAL,42
2019-12-03T22:00:00-00:00,2019-12-03T23:00:00-00:00,0,2019-12-03,15,0,ACTUAL,PACE,Total Actual Hourly Integrated Load,SYS_FCST_ACT_MW,3.8,5533,ACTUAL,42
2019-12-03T16:00:00-00:00,2019-12-03T17:00:00-00:00,0,2019-12-03,9,0,ACTUAL,PACE,Total Actual Hourly Integrated Load,SYS_FCST_ACT_MW,3.8,5721,ACTUAL,42
2019-12-04T06:00:00-00:00,2019-12-04T07:00:00-00:00,0,2019-12-03,23,0,ACTUAL,PACE,Total Actual Hourly Integrated Load,SYS_FCST_ACT_MW,3.8,5130,ACTUAL,42
2019-12-04T07:00:00-00:00,2019-12-04T08:00:00-00:00,0,2019-12-03,24,0,ACTUAL,PACE,Total Actual Hourly Integrated Load,SYS_FCST_ACT_MW,3.8,4958,ACTUAL,42
2019-12-04T03:00:00-00:00,2019-12-04T04:00:00-00:00,0,2019-12-03,20,0,ACTUAL,PACE,Total Actual Hourly Integrated Load,SYS_FCST_ACT_MW,3.8,5934,ACTUAL,42
2019-12-03T08:00:00-00:00,2019-12-03T09:00:00-00:00,0,2019-12-03,1,0,ACTUAL,PACW,Total Actual Hourly Integrated Load,SYS_FCST_ACT_MW,3.8,2379,ACTUAL,43
2019-12-03T12:00:00-00:00,2019-12-03T13:00:00-00:00,0,2019-12-03,5,0,ACTUAL,PACW,Total Actual Hourly Integrated Load,SYS_FCST_ACT_MW,3.8,2513,ACTUAL,43
2019-12-04T07:00:00-00:00,2019-12-04T08:00:00-00:00,0,2019-12-03,24,0,ACTUAL,PACW,Total Actual Hourly Integrated Load,SYS_FCST_ACT_MW,3.8,2408,ACTUAL,43
2019-12-04T05:00:00-00:00,2019-12-04T06:00:00-00:00,0,2019-12-03,22,0,ACTUAL,PACW,Total Actual Hourly Integrated Load,SYS_FCST_ACT_MW,3.8,2781,ACTUAL,43
2019-12-03T20:00:00-00:00,2019-12-03T21:00:00-00:00,0,2019-12-03,13,0,ACTUAL,PACW,Total Actual Hourly Integrated Load,SYS_FCST_ACT_MW,3.8,2873,ACTUAL,43
2019-12-03T19:00:00-00:00,2019-12-03T20:00:00-00:00,0,2019-12-03,12,0,ACTUAL,PACW,Total Actual Hourly Integrated Load,SYS_FCST_ACT_MW,3.8,2949,ACTUAL,43
2019-12-03T13:00:00-00:00,2019-12-03T14:00:00-00:00,0,2019-12-03,6,0,ACTUAL,PACW,Total Actual Hourly Integrated Load,SYS_FCST_ACT_MW,3.8,2784,ACTUAL,43
2019-12-03T10:00:00-00:00,2019-12-03T11:00:00-00:00,0,2019-12-03,3,0,ACTUAL,PACW,Total Actual Hourly Integrated Load,SYS_FCST_ACT_MW,3.8,2348,ACTUAL,43
2019-12-04T06:00:00-00:00,2019-12-04T07:00:00-00:00,0,2019-12-03,23,0,ACTUAL,PACW,Total Actual Hourly Integrated Load,SYS_FCST_ACT_MW,3.8,2573,ACTUAL,43
2019-12-03T15:00:00-00:00,2019-12-03T16:00:00-00:00,0,2019-12-03,8,0,ACTUAL,PACW,Total Actual Hourly Integrated Load,SYS_FCST_ACT_MW,3.8,3312,ACTUAL,43
2019-12-04T02:00:00-00:00,2019-12-04T03:00:00-00:00,0,2019-12-03,19,0,ACTUAL,PACW,Total Actual Hourly Integrated Load,SYS_FCST_ACT_MW,3.8,3086,ACTUAL,43
2019-12-04T00:00:00-00:00,2019-12-04T01:00:00-00:00,0,2019-12-03,17,0,ACTUAL,PACW,Total Actual Hourly Integrated Load,SYS_FCST_ACT_MW,3.8,2942,ACTUAL,43
2019-12-03T22:00:00-00:00,2019-12-03T23:00:00-00:00,0,2019-12-03,15,0,ACTUAL,PACW,Total Actual Hourly Integrated Load,SYS_FCST_ACT_MW,3.8,2768,ACTUAL,43
2019-12-03T21:00:00-00:00,2019-12-03T22:00:00-00:00,0,2019-12-03,14,0,ACTUAL,PACW,Total Actual Hourly Integrated Load,SYS_FCST_ACT_MW,3.8,2802,ACTUAL,43
2019-12-03T11:00:00-00:00,2019-12-03T12:00:00-00:00,0,2019-12-03,4,0,ACTUAL,PACW,Total Actual Hourly Integrated Load,SYS_FCST_ACT_MW,3.8,2390,ACTUAL,43
2019-12-04T03:00:00-00:00,2019-12-04T04:00:00-00:00,0,2019-12-03,20,0,ACTUAL,PACW,Total Actual Hourly Integrated Load,SYS_FCST_ACT_MW,3.8,3050,ACTUAL,43
2019-12-03T09:00:00-00:00,2019-12-03T10:00:00-00:00,0,2019-12-03,2,0,ACTUAL,PACW,Total Actual Hourly Integrated Load,SYS_FCST_ACT_MW,3.8,2348,ACTUAL,43
2019-12-03T18:00:00-00:00,2019-12-03T19:00:00-00:00,0,2019-12-03,11,0,ACTUAL,PACW,Total Actual Hourly Integrated Load,SYS_FCST_ACT_MW,3.8,3050,ACTUAL,43
2019-12-03T17:00:00-00:00,2019-12-03T18:00:00-00:00,0,2019-12-03,10,0,ACTUAL,PACW,Total Actual Hourly Integrated Load,SYS_FCST_ACT_MW,3.8,3167,ACTUAL,43
2019-12-03T14:00:00-00:00,2019-12-03T15:00:00-00:00,0,2019-12-03,7,0,ACTUAL,PACW,Total Actual Hourly Integrated Load,SYS_FCST_ACT_MW,3.8,3144,ACTUAL,43
2019-12-04T04:00:00-00:00,2019-12-04T05:00:00-00:00,0,2019-12-03,21,0,ACTUAL,PACW,Total Actual Hourly Integrated Load,SYS_FCST_ACT_MW,3.8,2954,ACTUAL,43
2019-12-04T01:00:00-00:00,2019-12-04T02:00:00-00:00,0,2019-12-03,18,0,ACTUAL,PACW,Total Actual Hourly Integrated Load,SYS_FCST_ACT_MW,3.8,3148,ACTUAL,43
2019-12-03T16:00:00-00:00,2019-12-03T17:00:00-00:00,0,2019-12-03,9,0,ACTUAL,PACW,Total Actual Hourly Integrated Load,SYS_FCST_ACT_MW,3.8,3251,ACTUAL,43
2019-12-03T23:00:00-00:00,2019-12-04T00:00:00-00:00,0,2019-12-03,16,0,ACTUAL,PACW,Total Actual Hourly Integrated Load,SYS_FCST_ACT_MW,3.8,2787,ACTUAL,43
2019-12-03T21:00:00-00:00,2019-12-03T22:00:00-00:00,0,2019-12-03,14,0,ACTUAL,PGE,Total Actual Hourly Integrated Load,SYS_FCST_ACT_MW,3.8,2797,ACTUAL,44
2019-12-03T15:00:00-00:00,2019-12-03T16:00:00-00:00,0,2019-12-03,8,0,ACTUAL,PGE,Total Actual Hourly Integrated Load,SYS_FCST_ACT_MW,3.8,3237,ACTUAL,44
2019-12-03T13:00:00-00:00,2019-12-03T14:00:00-00:00,0,2019-12-03,6,0,ACTUAL,PGE,Total Actual Hourly Integrated Load,SYS_FCST_ACT_MW,3.8,2697,ACTUAL,44
2019-12-04T05:00:00-00:00,2019-12-04T06:00:00-00:00,0,2019-12-03,22,0,ACTUAL,PGE,Total Actual Hourly Integrated Load,SYS_FCST_ACT_MW,3.8,2755,ACTUAL,44
2019-12-04T04:00:00-00:00,2019-12-04T05:00:00-00:00,0,2019-12-03,21,0,ACTUAL,PGE,Total Actual Hourly Integrated Load,SYS_FCST_ACT_MW,3.8,2940,ACTUAL,44
2019-12-03T08:00:00-00:00,2019-12-03T09:00:00-00:00,0,2019-12-03,1,0,ACTUAL,PGE,Total Actual Hourly Integrated Load,SYS_FCST_ACT_MW,3.8,2305,ACTUAL,44
2019-12-03T10:00:00-00:00,2019-12-03T11:00:00-00:00,0,2019-12-03,3,0,ACTUAL,PGE,Total Actual Hourly Integrated Load,SYS_FCST_ACT_MW,3.8,2253,ACTUAL,44
2019-12-03T19:00:00-00:00,2019-12-03T20:00:00-00:00,0,2019-12-03,12,0,ACTUAL,PGE,Total Actual Hourly Integrated Load,SYS_FCST_ACT_MW,3.8,2957,ACTUAL,44
2019-12-04T00:00:00-00:00,2019-12-04T01:00:00-00:00,0,2019-12-03,17,0,ACTUAL,PGE,Total Actual Hourly Integrated Load,SYS_FCST_ACT_MW,3.8,2988,ACTUAL,44
2019-12-04T03:00:00-00:00,2019-12-04T04:00:00-00:00,0,2019-12-03,20,0,ACTUAL,PGE,Total Actual Hourly Integrated Load,SYS_FCST_ACT_MW,3.8,3045,ACTUAL,44
2019-12-03T14:00:00-00:00,2019-12-03T15:00:00-00:00,0,2019-12-03,7,0,ACTUAL,PGE,Total Actual Hourly Integrated Load,SYS_FCST_ACT_MW,3.8,3037,ACTUAL,44
2019-12-03T16:00:00-00:00,2019-12-03T17:00:00-00:00,0,2019-12-03,9,0,ACTUAL,PGE,Total Actual Hourly Integrated Load,SYS_FCST_ACT_MW,3.8,3209,ACTUAL,44
2019-12-04T01:00:00-00:00,2019-12-04T02:00:00-00:00,0,2019-12-03,18,0,ACTUAL,PGE,Total Actual Hourly Integrated Load,SYS_FCST_ACT_MW,3.8,3122,ACTUAL,44
2019-12-03T11:00:00-00:00,2019-12-03T12:00:00-00:00,0,2019-12-03,4,0,ACTUAL,PGE,Total Actual Hourly Integrated Load,SYS_FCST_ACT_MW,3.8,2296,ACTUAL,44
2019-12-03T23:00:00-00:00,2019-12-04T00:00:00-00:00,0,2019-12-03,16,0,ACTUAL,PGE,Total Actual Hourly Integrated Load,SYS_FCST_ACT_MW,3.8,2834,ACTUAL,44
2019-12-04T02:00:00-00:00,2019-12-04T03:00:00-00:00,0,2019-12-03,19,0,ACTUAL,PGE,Total Actual Hourly Integrated Load,SYS_FCST_ACT_MW,3.8,3102,ACTUAL,44
2019-12-04T06:00:00-00:00,2019-12-04T07:00:00-00:00,0,2019-12-03,23,0,ACTUAL,PGE,Total Actual Hourly Integrated Load,SYS_FCST_ACT_MW,3.8,2510,ACTUAL,44
2019-12-04T07:00:00-00:00,2019-12-04T08:00:00-00:00,0,2019-12-03,24,0,ACTUAL,PGE,Total Actual Hourly Integrated Load,SYS_FCST_ACT_MW,3.8,2299,ACTUAL,44
2019-12-03T09:00:00-00:00,2019-12-03T10:00:00-00:00,0,2019-12-03,2,0,ACTUAL,PGE,Total Actual Hourly Integrated Load,SYS_FCST_ACT_MW,3.8,2256,ACTUAL,44
2019-12-03T12:00:00-00:00,2019-12-03T13:00:00-00:00,0,2019-12-03,5,0,ACTUAL,PGE,Total Actual Hourly Integrated Load,SYS_FCST_ACT_MW,3.8,2426,ACTUAL,44
2019-12-03T20:00:00-00:00,2019-12-03T21:00:00-00:00,0,2019-12-03,13,0,ACTUAL,PGE,Total Actual Hourly Integrated Load,SYS_FCST_ACT_MW,3.8,2864,ACTUAL,44
2019-12-03T22:00:00-00:00,2019-12-03T23:00:00-00:00,0,2019-12-03,15,0,ACTUAL,PGE,Total Actual Hourly Integrated Load,SYS_FCST_ACT_MW,3.8,2773,ACTUAL,44
2019-12-03T18:00:00-00:00,2019-12-03T19:00:00-00:00,0,2019-12-03,11,0,ACTUAL,PGE,Total Actual Hourly Integrated Load,SYS_FCST_ACT_MW,3.8,3047,ACTUAL,44
2019-12-03T17:00:00-00:00,2019-12-03T18:00:00-00:00,0,2019-12-03,10,0,ACTUAL,PGE,Total Actual Hourly Integrated Load,SYS_FCST_ACT_MW,3.8,3126,ACTUAL,44
2019-12-04T07:00:00-00:00,2019-12-04T08:00:00-00:00,0,2019-12-03,24,0,ACTUAL,PGE-TAC,Total Actual Hourly Integrated Load,SYS_FCST_ACT_MW,3.1,10035,ACTUAL,45
2019-12-03T10:00:00-00:00,2019-12-03T11:00:00-00:00,0,2019-12-03,3,0,ACTUAL,PGE-TAC,Total Actual Hourly Integrated Load,SYS_FCST_ACT_MW,3.1,9118,ACTUAL,45
2019-12-03T15:00:00-00:00,2019-12-03T16:00:00-00:00,0,2019-12-03,8,0,ACTUAL,PGE-TAC,Total Actual Hourly Integrated Load,SYS_FCST_ACT_MW,3.1,11815,ACTUAL,45
2019-12-04T01:00:00-00:00,2019-12-04T02:00:00-00:00,0,2019-12-03,18,0,ACTUAL,PGE-TAC,Total Actual Hourly Integrated Load,SYS_FCST_ACT_MW,3.1,13009,ACTUAL,45
2019-12-04T06:00:00-00:00,2019-12-04T07:00:00-00:00,0,2019-12-03,23,0,ACTUAL,PGE-TAC,Total Actual Hourly Integrated Load,SYS_FCST_ACT_MW,3.1,10830,ACTUAL,45
2019-12-03T18:00:00-00:00,2019-12-03T19:00:00-00:00,0,2019-12-03,11,0,ACTUAL,PGE-TAC,Total Actual Hourly Integrated Load,SYS_FCST_ACT_MW,3.1,11140,ACTUAL,45
2019-12-04T04:00:00-00:00,2019-12-04T05:00:00-00:00,0,2019-12-03,21,0,ACTUAL,PGE-TAC,Total Actual Hourly Integrated Load,SYS_FCST_ACT_MW,3.1,12402,ACTUAL,45
2019-12-03T08:00:00-00:00,2019-12-03T09:00:00-00:00,0,2019-12-03,1,0,ACTUAL,PGE-TAC,Total Actual Hourly Integrated Load,SYS_FCST_ACT_MW,3.1,9660,ACTUAL,45
2019-12-03T17:00:00-00:00,2019-12-03T18:00:00-00:00,0,2019-12-03,10,0,ACTUAL,PGE-TAC,Total Actual Hourly Integrated Load,SYS_FCST_ACT_MW,3.1,11433,ACTUAL,45
2019-12-03T21:00:00-00:00,2019-12-03T22:00:00-00:00,0,2019-12-03,14,0,ACTUAL,PGE-TAC,Total Actual Hourly Integrated Load,SYS_FCST_ACT_MW,3.1,11321,ACTUAL,45
2019-12-03T22:00:00-00:00,2019-12-03T23:00:00-00:00,0,2019-12-03,15,0,ACTUAL,PGE-TAC,Total Actual Hourly Integrated Load,SYS_FCST_ACT_MW,3.1,11538,ACTUAL,45
2019-12-04T05:00:00-00:00,2019-12-04T06:00:00-00:00,0,2019-12-03,22,0,ACTUAL,PGE-TAC,Total Actual Hourly Integrated Load,SYS_FCST_ACT_MW,3.1,11757,ACTUAL,45
2019-12-03T11:00:00-00:00,2019-12-03T12:00:00-00:00,0,2019-12-03,4,0,ACTUAL,PGE-TAC,Total Actual Hourly Integrated Load,SYS_FCST_ACT_MW,3.1,9066,ACTUAL,45
2019-12-03T19:00:00-00:00,2019-12-03T20:00:00-00:00,0,2019-12-03,12,0,ACTUAL,PGE-TAC,Total Actual Hourly Integrated Load,SYS_FCST_ACT_MW,3.1,10953,ACTUAL,45
2019-12-03T20:00:00-00:00,2019-12-03T21:00:00-00:00,0,2019-12-03,13,0,ACTUAL,PGE-TAC,Total Actual Hourly Integrated Load,SYS_FCST_ACT_MW,3.1,11060,ACTUAL,45
2019-12-04T03:00:00-00:00,2019-12-04T04:00:00-00:00,0,2019-12-03,20,0,ACTUAL,PGE-TAC,Total Actual Hourly Integrated Load,SYS_FCST_ACT_MW,3.1,12805,ACTUAL,45
2019-12-03T09:00:00-00:00,2019-12-03T10:00:00-00:00,0,2019-12-03,2,0,ACTUAL,PGE-TAC,Total Actual Hourly Integrated Load,SYS_FCST_ACT_MW,3.1,9319,ACTUAL,45
2019-12-03T14:00:00-00:00,2019-12-03T15:00:00-00:00,0,2019-12-03,7,0,ACTUAL,PGE-TAC,Total Actual Hourly Integrated Load,SYS_FCST_ACT_MW,3.1,11175,ACTUAL,45
2019-12-04T00:00:00-00:00,2019-12-04T01:00:00-00:00,0,2019-12-03,17,0,ACTUAL,PGE-TAC,Total Actual Hourly Integrated Load,SYS_FCST_ACT_MW,3.1,12263,ACTUAL,45
2019-12-04T02:00:00-00:00,2019-12-04T03:00:00-00:00,0,2019-12-03,19,0,ACTUAL,PGE-TAC,Total Actual Hourly Integrated Load,SYS_FCST_ACT_MW,3.1,13054,ACTUAL,45
2019-12-03T12:00:00-00:00,2019-12-03T13:00:00-00:00,0,2019-12-03,5,0,ACTUAL,PGE-TAC,Total Actual Hourly Integrated Load,SYS_FCST_ACT_MW,3.1,9329,ACTUAL,45
2019-12-03T13:00:00-00:00,2019-12-03T14:00:00-00:00,0,2019-12-03,6,0,ACTUAL,PGE-TAC,Total Actual Hourly Integrated Load,SYS_FCST_ACT_MW,3.1,10031,ACTUAL,45
2019-12-03T23:00:00-00:00,2019-12-04T00:00:00-00:00,0,2019-12-03,16,0,ACTUAL,PGE-TAC,Total Actual Hourly Integrated Load,SYS_FCST_ACT_MW,3.1,11821,ACTUAL,45
2019-12-03T16:00:00-00:00,2019-12-03T17:00:00-00:00,0,2019-12-03,9,0,ACTUAL,PGE-TAC,Total Actual Hourly Integrated Load,SYS_FCST_ACT_MW,3.1,11704,ACTUAL,45
2019-12-04T03:00:00-00:00,2019-12-04T04:00:00-00:00,0,2019-12-03,20,0,ACTUAL,PSEI,Total Actual Hourly Integrated Load,SYS_FCST_ACT_MW,3.8,3513,ACTUAL,46
2019-12-03T14:00:00-00:00,2019-12-03T15:00:00-00:00,0,2019-12-03,7,0,ACTUAL,PSEI,Total Actual Hourly Integrated Load,SYS_FCST_ACT_MW,3.8,3352,ACTUAL,46
2019-12-03T21:00:00-00:00,2019-12-03T22:00:00-00:00,0,2019-12-03,14,0,ACTUAL,PSEI,Total Actual Hourly Integrated Load,SYS_FCST_ACT_MW,3.8,3256,ACTUAL,46
2019-12-04T05:00:00-00:00,2019-12-04T06:00:00-00:00,0,2019-12-03,22,0,ACTUAL,PSEI,Total Actual Hourly Integrated Load,SYS_FCST_ACT_MW,3.8,3143,ACTUAL,46
2019-12-04T06:00:00-00:00,2019-12-04T07:00:00-00:00,0,2019-12-03,23,0,ACTUAL,PSEI,Total Actual Hourly Integrated Load,SYS_FCST_ACT_MW,3.8,2837,ACTUAL,46
2019-12-03T22:00:00-00:00,2019-12-03T23:00:00-00:00,0,2019-12-03,15,0,ACTUAL,PSEI,Total Actual Hourly Integrated Load,SYS_FCST_ACT_MW,3.8,3243,ACTUAL,46
2019-12-03T17:00:00-00:00,2019-12-03T18:00:00-00:00,0,2019-12-03,10,0,ACTUAL,PSEI,Total Actual Hourly Integrated Load,SYS_FCST_ACT_MW,3.8,3426,ACTUAL,46
2019-12-03T08:00:00-00:00,2019-12-03T09:00:00-00:00,0,2019-12-03,1,0,ACTUAL,PSEI,Total Actual Hourly Integrated Load,SYS_FCST_ACT_MW,3.8,2564,ACTUAL,46
2019-12-03T09:00:00-00:00,2019-12-03T10:00:00-00:00,0,2019-12-03,2,0,ACTUAL,PSEI,Total Actual Hourly Integrated Load,SYS_FCST_ACT_MW,3.8,2480,ACTUAL,46
2019-12-03T23:00:00-00:00,2019-12-04T00:00:00-00:00,0,2019-12-03,16,0,ACTUAL,PSEI,Total Actual Hourly Integrated Load,SYS_FCST_ACT_MW,3.8,3300,ACTUAL,46
2019-12-04T00:00:00-00:00,2019-12-04T01:00:00-00:00,0,2019-12-03,17,0,ACTUAL,PSEI,Total Actual Hourly Integrated Load,SYS_FCST_ACT_MW,3.8,3499,ACTUAL,46
2019-12-04T01:00:00-00:00,2019-12-04T02:00:00-00:00,0,2019-12-03,18,0,ACTUAL,PSEI,Total Actual Hourly Integrated Load,SYS_FCST_ACT_MW,3.8,3645,ACTUAL,46
2019-12-03T10:00:00-00:00,2019-12-03T11:00:00-00:00,0,2019-12-03,3,0,ACTUAL,PSEI,Total Actual Hourly Integrated Load,SYS_FCST_ACT_MW,3.8,2460,ACTUAL,46
2019-12-03T20:00:00-00:00,2019-12-03T21:00:00-00:00,0,2019-12-03,13,0,ACTUAL,PSEI,Total Actual Hourly Integrated Load,SYS_FCST_ACT_MW,3.8,3282,ACTUAL,46
2019-12-04T04:00:00-00:00,2019-12-04T05:00:00-00:00,0,2019-12-03,21,0,ACTUAL,PSEI,Total Actual Hourly Integrated Load,SYS_FCST_ACT_MW,3.8,3375,ACTUAL,46
2019-12-04T02:00:00-00:00,2019-12-04T03:00:00-00:00,0,2019-12-03,19,0,ACTUAL,PSEI,Total Actual Hourly Integrated Load,SYS_FCST_ACT_MW,3.8,3609,ACTUAL,46
2019-12-04T07:00:00-00:00,2019-12-04T08:00:00-00:00,0,2019-12-03,24,0,ACTUAL,PSEI,Total Actual Hourly Integrated Load,SYS_FCST_ACT_MW,3.8,2571,ACTUAL,46
2019-12-03T11:00:00-00:00,2019-12-03T12:00:00-00:00,0,2019-12-03,4,0,ACTUAL,PSEI,Total Actual Hourly Integrated Load,SYS_FCST_ACT_MW,3.8,2509,ACTUAL,46
2019-12-03T13:00:00-00:00,2019-12-03T14:00:00-00:00,0,2019-12-03,6,0,ACTUAL,PSEI,Total Actual Hourly Integrated Load,SYS_FCST_ACT_MW,3.8,2986,ACTUAL,46
2019-12-03T15:00:00-00:00,2019-12-03T16:00:00-00:00,0,2019-12-03,8,0,ACTUAL,PSEI,Total Actual Hourly Integrated Load,SYS_FCST_ACT_MW,3.8,3548,ACTUAL,46
2019-12-03T16:00:00-00:00,2019-12-03T17:00:00-00:00,0,2019-12-03,9,0,ACTUAL,PSEI,Total Actual Hourly Integrated Load,SYS_FCST_ACT_MW,3.8,3497,ACTUAL,46
2019-12-03T19:00:00-00:00,2019-12-03T20:00:00-00:00,0,2019-12-03,12,0,ACTUAL,PSEI,Total Actual Hourly Integrated Load,SYS_FCST_ACT_MW,3.8,3307,ACTUAL,46
2019-12-03T12:00:00-00:00,2019-12-03T13:00:00-00:00,0,2019-12-03,5,0,ACTUAL,PSEI,Total Actual Hourly Integrated Load,SYS_FCST_ACT_MW,3.8,2677,ACTUAL,46
2019-12-03T18:00:00-00:00,2019-12-03T19:00:00-00:00,0,2019-12-03,11,0,ACTUAL,PSEI,Total Actual Hourly Integrated Load,SYS_FCST_ACT_MW,3.8,3362,ACTUAL,46
2019-12-04T05:00:00-00:00,2019-12-04T06:00:00-00:00,0,2019-12-03,22,0,ACTUAL,SCE-TAC,Total Actual Hourly Integrated Load,SYS_FCST_ACT_MW,3.2,12034,ACTUAL,47
2019-12-03T09:00:00-00:00,2019-12-03T10:00:00-00:00,0,2019-12-03,2,0,ACTUAL,SCE-TAC,Total Actual Hourly Integrated Load,SYS_FCST_ACT_MW,3.2,9631,ACTUAL,47
2019-12-03T15:00:00-00:00,2019-12-03T16:00:00-00:00,0,2019-12-03,8,0,ACTUAL,SCE-TAC,Total Actual Hourly Integrated Load,SYS_FCST_ACT_MW,3.2,11686,ACTUAL,47
2019-12-03T19:00:00-00:00,2019-12-03T20:00:00-00:00,0,2019-12-03,12,0,ACTUAL,SCE-TAC,Total Actual Hourly Integrated Load,SYS_FCST_ACT_MW,3.2,11931,ACTUAL,47
2019-12-03T12:00:00-00:00,2019-12-03T13:00:00-00:00,0,2019-12-03,5,0,ACTUAL,SCE-TAC,Total Actual Hourly Integrated Load,SYS_FCST_ACT_MW,3.2,9416,ACTUAL,47
2019-12-03T17:00:00-00:00,2019-12-03T18:00:00-00:00,0,2019-12-03,10,0,ACTUAL,SCE-TAC,Total Actual Hourly Integrated Load,SYS_FCST_ACT_MW,3.2,11827,ACTUAL,47
2019-12-04T04:00:00-00:00,2019-12-04T05:00:00-00:00,0,2019-12-03,21,0,ACTUAL,SCE-TAC,Total Actual Hourly Integrated Load,SYS_FCST_ACT_MW,3.2,12605,ACTUAL,47
2019-12-04T06:00:00-00:00,2019-12-04T07:00:00-00:00,0,2019-12-03,23,0,ACTUAL,SCE-TAC,Total Actual Hourly Integrated Load,SYS_FCST_ACT_MW,3.2,11198,ACTUAL,47
2019-12-03T18:00:00-00:00,2019-12-03T19:00:00-00:00,0,2019-12-03,11,0,ACTUAL,SCE-TAC,Total Actual Hourly Integrated Load,SYS_FCST_ACT_MW,3.2,11848,ACTUAL,47
2019-12-03T20:00:00-00:00,2019-12-03T21:00:00-00:00,0,2019-12-03,13,0,ACTUAL,SCE-TAC,Total Actual Hourly Integrated Load,SYS_FCST_ACT_MW,3.2,11822,ACTUAL,47
2019-12-03T22:00:00-00:00,2019-12-03T23:00:00-00:00,0,2019-12-03,15,0,ACTUAL,SCE-TAC,Total Actual Hourly Integrated Load,SYS_FCST_ACT_MW,3.2,11878,ACTUAL,47
2019-12-04T07:00:00-00:00,2019-12-04T08:00:00-00:00,0,2019-12-03,24,0,ACTUAL,SCE-TAC,Total Actual Hourly Integrated Load,SYS_FCST_ACT_MW,3.2,10349,ACTUAL,47
2019-12-03T21:00:00-00:00,2019-12-03T22:00:00-00:00,0,2019-12-03,14,0,ACTUAL,SCE-TAC,Total Actual Hourly Integrated Load,SYS_FCST_ACT_MW,3.2,11860,ACTUAL,47
2019-12-04T01:00:00-00:00,2019-12-04T02:00:00-00:00,0,2019-12-03,18,0,ACTUAL,SCE-TAC,Total Actual Hourly Integrated Load,SYS_FCST_ACT_MW,3.2,13132,ACTUAL,47
2019-12-04T03:00:00-00:00,2019-12-04T04:00:00-00:00,0,2019-12-03,20,0,ACTUAL,SCE-TAC,Total Actual Hourly Integrated Load,SYS_FCST_ACT_MW,3.2,12968,ACTUAL,47
2019-12-03T23:00:00-00:00,2019-12-04T00:00:00-00:00,0,2019-12-03,16,0,ACTUAL,SCE-TAC,Total Actual Hourly Integrated Load,SYS_FCST_ACT_MW,3.2,12015,ACTUAL,47
2019-12-03T08:00:00-00:00,2019-12-03T09:00:00-00:00,0,2019-12-03,1,0,ACTUAL,SCE-TAC,Total Actual Hourly Integrated Load,SYS_FCST_ACT_MW,3.2,9980,ACTUAL,47
2019-12-03T14:00:00-00:00,2019-12-03T15:00:00-00:00,0,2019-12-03,7,0,ACTUAL,SCE-TAC,Total Actual Hourly Integrated Load,SYS_FCST_ACT_MW,3.2,11202,ACTUAL,47
2019-12-03T16:00:00-00:00,2019-12-03T17:00:00-00:00,0,2019-12-03,9,0,ACTUAL,SCE-TAC,Total Actual Hourly Integrated Load,SYS_FCST_ACT_MW,3.2,11721,ACTUAL,47
2019-12-04T00:00:00-00:00,2019-12-04T01:00:00-00:00,0,2019-12-03,17,0,ACTUAL,SCE-TAC,Total Actual Hourly Integrated Load,SYS_FCST_ACT_MW,3.2,12516,ACTUAL,47
2019-12-03T10:00:00-00:00,2019-12-03T11:00:00-00:00,0,2019-12-03,3,0,ACTUAL,SCE-TAC,Total Actual Hourly Integrated Load,SYS_FCST_ACT_MW,3.2,9346,ACTUAL,47
2019-12-03T11:00:00-00:00,2019-12-03T12:00:00-00:00,0,2019-12-03,4,0,ACTUAL,SCE-TAC,Total Actual Hourly Integrated Load,SYS_FCST_ACT_MW,3.2,9204,ACTUAL,47
2019-12-03T13:00:00-00:00,2019-12-03T14:00:00-00:00,0,2019-12-03,6,0,ACTUAL,SCE-TAC,Total Actual Hourly Integrated Load,SYS_FCST_ACT_MW,3.2,10119,ACTUAL,47
2019-12-04T02:00:00-00:00,2019-12-04T03:00:00-00:00,0,2019-12-03,19,0,ACTUAL,SCE-TAC,Total Actual Hourly Integrated Load,SYS_FCST_ACT_MW,3.2,13098,ACTUAL,47
2019-12-04T00:00:00-00:00,2019-12-04T01:00:00-00:00,0,2019-12-03,17,0,ACTUAL,SCL,Total Actual Hourly Integrated Load,SYS_FCST_ACT_MW,3.8,1321,ACTUAL,48
2019-12-03T22:00:00-00:00,2019-12-03T23:00:00-00:00,0,2019-12-03,15,0,ACTUAL,SCL,Total Actual Hourly Integrated Load,SYS_FCST_ACT_MW,3.8,1255,ACTUAL,48
2019-12-03T19:00:00-00:00,2019-12-03T20:00:00-00:00,0,2019-12-03,12,0,ACTUAL,SCL,Total Actual Hourly Integrated Load,SYS_FCST_ACT_MW,3.8,1265,ACTUAL,48
2019-12-04T03:00:00-00:00,2019-12-04T04:00:00-00:00,0,2019-12-03,20,0,ACTUAL,SCL,Total Actual Hourly Integrated Load,SYS_FCST_ACT_MW,3.8,1312,ACTUAL,48
2019-12-04T06:00:00-00:00,2019-12-04T07:00:00-00:00,0,2019-12-03,23,0,ACTUAL,SCL,Total Actual Hourly Integrated Load,SYS_FCST_ACT_MW,3.8,1087,ACTUAL,48
2019-12-03T18:00:00-00:00,2019-12-03T19:00:00-00:00,0,2019-12-03,11,0,ACTUAL,SCL,Total Actual Hourly Integrated Load,SYS_FCST_ACT_MW,3.8,1285,ACTUAL,48
2019-12-03T13:00:00-00:00,2019-12-03T14:00:00-00:00,0,2019-12-03,6,0,ACTUAL,SCL,Total Actual Hourly Integrated Load,SYS_FCST_ACT_MW,3.8,1100,ACTUAL,48
2019-12-03T14:00:00-00:00,2019-12-03T15:00:00-00:00,0,2019-12-03,7,0,ACTUAL,SCL,Total Actual Hourly Integrated Load,SYS_FCST_ACT_MW,3.8,1266,ACTUAL,48
2019-12-03T16:00:00-00:00,2019-12-03T17:00:00-00:00,0,2019-12-03,9,0,ACTUAL,SCL,Total Actual Hourly Integrated Load,SYS_FCST_ACT_MW,3.8,1347,ACTUAL,48
2019-12-03T17:00:00-00:00,2019-12-03T18:00:00-00:00,0,2019-12-03,10,0,ACTUAL,SCL,Total Actual Hourly Integrated Load,SYS_FCST_ACT_MW,3.8,1315,ACTUAL,48
2019-12-04T04:00:00-00:00,2019-12-04T05:00:00-00:00,0,2019-12-03,21,0,ACTUAL,SCL,Total Actual Hourly Integrated Load,SYS_FCST_ACT_MW,3.8,1268,ACTUAL,48
2019-12-03T23:00:00-00:00,2019-12-04T00:00:00-00:00,0,2019-12-03,16,0,ACTUAL,SCL,Total Actual Hourly Integrated Load,SYS_FCST_ACT_MW,3.8,1269,ACTUAL,48
2019-12-03T12:00:00-00:00,2019-12-03T13:00:00-00:00,0,2019-12-03,5,0,ACTUAL,SCL,Total Actual Hourly Integrated Load,SYS_FCST_ACT_MW,3.8,978,ACTUAL,48
2019-12-03T09:00:00-00:00,2019-12-03T10:00:00-00:00,0,2019-12-03,2,0,ACTUAL,SCL,Total Actual Hourly Integrated Load,SYS_FCST_ACT_MW,3.8,935,ACTUAL,48
2019-12-03T20:00:00-00:00,2019-12-03T21:00:00-00:00,0,2019-12-03,13,0,ACTUAL,SCL,Total Actual Hourly Integrated Load,SYS_FCST_ACT_MW,3.8,1262,ACTUAL,48
2019-12-03T08:00:00-00:00,2019-12-03T09:00:00-00:00,0,2019-12-03,1,0,ACTUAL,SCL,Total Actual Hourly Integrated Load,SYS_FCST_ACT_MW,3.8,972,ACTUAL,48
2019-12-03T11:00:00-00:00,2019-12-03T12:00:00-00:00,0,2019-12-03,4,0,ACTUAL,SCL,Total Actual Hourly Integrated Load,SYS_FCST_ACT_MW,3.8,923,ACTUAL,48
2019-12-03T21:00:00-00:00,2019-12-03T22:00:00-00:00,0,2019-12-03,14,0,ACTUAL,SCL,Total Actual Hourly Integrated Load,SYS_FCST_ACT_MW,3.8,1261,ACTUAL,48
2019-12-04T01:00:00-00:00,2019-12-04T02:00:00-00:00,0,2019-12-03,18,0,ACTUAL,SCL,Total Actual Hourly Integrated Load,SYS_FCST_ACT_MW,3.8,1368,ACTUAL,48
2019-12-04T02:00:00-00:00,2019-12-04T03:00:00-00:00,0,2019-12-03,19,0,ACTUAL,SCL,Total Actual Hourly Integrated Load,SYS_FCST_ACT_MW,3.8,1349,ACTUAL,48
2019-12-04T05:00:00-00:00,2019-12-04T06:00:00-00:00,0,2019-12-03,22,0,ACTUAL,SCL,Total Actual Hourly Integrated Load,SYS_FCST_ACT_MW,3.8,1194,ACTUAL,48
2019-12-04T07:00:00-00:00,2019-12-04T08:00:00-00:00,0,2019-12-03,24,0,ACTUAL,SCL,Total Actual Hourly Integrated Load,SYS_FCST_ACT_MW,3.8,989,ACTUAL,48
2019-12-03T15:00:00-00:00,2019-12-03T16:00:00-00:00,0,2019-12-03,8,0,ACTUAL,SCL,Total Actual Hourly Integrated Load,SYS_FCST_ACT_MW,3.8,1377,ACTUAL,48
2019-12-03T10:00:00-00:00,2019-12-03T11:00:00-00:00,0,2019-12-03,3,0,ACTUAL,SCL,Total Actual Hourly Integrated Load,SYS_FCST_ACT_MW,3.8,919,ACTUAL,48
2019-12-03T21:00:00-00:00,2019-12-03T22:00:00-00:00,0,2019-12-03,14,0,ACTUAL,SDGE-TAC,Total Actual Hourly Integrated Load,SYS_FCST_ACT_MW,3.4,2360,ACTUAL,49
2019-12-04T01:00:00-00:00,2019-12-04T02:00:00-00:00,0,2019-12-03,18,0,ACTUAL,SDGE-TAC,Total Actual Hourly Integrated Load,SYS_FCST_ACT_MW,3.4,2807,ACTUAL,49
2019-12-04T03:00:00-00:00,2019-12-04T04:00:00-00:00,0,2019-12-03,20,0,ACTUAL,SDGE-TAC,Total Actual Hourly Integrated Load,SYS_FCST_ACT_MW,3.4,2732,ACTUAL,49
2019-12-04T06:00:00-00:00,2019-12-04T07:00:00-00:00,0,2019-12-03,23,0,ACTUAL,SDGE-TAC,Total Actual Hourly Integrated Load,SYS_FCST_ACT_MW,3.4,2221,ACTUAL,49
2019-12-03T09:00:00-00:00,2019-12-03T10:00:00-00:00,0,2019-12-03,2,0,ACTUAL,SDGE-TAC,Total Actual Hourly Integrated Load,SYS_FCST_ACT_MW,3.4,1900,ACTUAL,49
2019-12-03T15:00:00-00:00,2019-12-03T16:00:00-00:00,0,2019-12-03,8,0,ACTUAL,SDGE-TAC,Total Actual Hourly Integrated Load,SYS_FCST_ACT_MW,3.4,2366,ACTUAL,49
2019-12-03T16:00:00-00:00,2019-12-03T17:00:00-00:00,0,2019-12-03,9,0,ACTUAL,SDGE-TAC,Total Actual Hourly Integrated Load,SYS_FCST_ACT_MW,3.4,2317,ACTUAL,49
2019-12-03T17:00:00-00:00,2019-12-03T18:00:00-00:00,0,2019-12-03,10,0,ACTUAL,SDGE-TAC,Total Actual Hourly Integrated Load,SYS_FCST_ACT_MW,3.4,2261,ACTUAL,49
2019-12-03T20:00:00-00:00,2019-12-03T21:00:00-00:00,0,2019-12-03,13,0,ACTUAL,SDGE-TAC,Total Actual Hourly Integrated Load,SYS_FCST_ACT_MW,3.4,2318,ACTUAL,49
2019-12-03T23:00:00-00:00,2019-12-04T00:00:00-00:00,0,2019-12-03,16,0,ACTUAL,SDGE-TAC,Total Actual Hourly Integrated Load,SYS_FCST_ACT_MW,3.4,2495,ACTUAL,49
2019-12-03T10:00:00-00:00,2019-12-03T11:00:00-00:00,0,2019-12-03,3,0,ACTUAL,SDGE-TAC,Total Actual Hourly Integrated Load,SYS_FCST_ACT_MW,3.4,1830,ACTUAL,49
2019-12-04T07:00:00-00:00,2019-12-04T08:00:00-00:00,0,2019-12-03,24,0,ACTUAL,SDGE-TAC,Total Actual Hourly Integrated Load,SYS_FCST_ACT_MW,3.4,2010,ACTUAL,49
2019-12-04T04:00:00-00:00,2019-12-04T05:00:00-00:00,0,2019-12-03,21,0,ACTUAL,SDGE-TAC,Total Actual Hourly Integrated Load,SYS_FCST_ACT_MW,3.4,2618,ACTUAL,49
2019-12-03T19:00:00-00:00,2019-12-03T20:00:00-00:00,0,2019-12-03,12,0,ACTUAL,SDGE-TAC,Total Actual Hourly Integrated Load,SYS_FCST_ACT_MW,3.4,2276,ACTUAL,49
2019-12-03T08:00:00-00:00,2019-12-03T09:00:00-00:00,0,2019-12-03,1,0,ACTUAL,SDGE-TAC,Total Actual Hourly Integrated Load,SYS_FCST_ACT_MW,3.4,1951,ACTUAL,49
2019-12-03T12:00:00-00:00,2019-12-03T13:00:00-00:00,0,2019-12-03,5,0,ACTUAL,SDGE-TAC,Total Actual Hourly Integrated Load,SYS_FCST_ACT_MW,3.4,1849,ACTUAL,49
2019-12-03T18:00:00-00:00,2019-12-03T19:00:00-00:00,0,2019-12-03,11,0,ACTUAL,SDGE-TAC,Total Actual Hourly Integrated Load,SYS_FCST_ACT_MW,3.4,2263,ACTUAL,49
2019-12-03T11:00:00-00:00,2019-12-03T12:00:00-00:00,0,2019-12-03,4,0,ACTUAL,SDGE-TAC,Total Actual Hourly Integrated Load,SYS_FCST_ACT_MW,3.4,1791,ACTUAL,49
2019-12-03T13:00:00-00:00,2019-12-03T14:00:00-00:00,0,2019-12-03,6,0,ACTUAL,SDGE-TAC,Total Actual Hourly Integrated Load,SYS_FCST_ACT_MW,3.4,2022,ACTUAL,49
2019-12-04T00:00:00-00:00,2019-12-04T01:00:00-00:00,0,2019-12-03,17,0,ACTUAL,SDGE-TAC,Total Actual Hourly Integrated Load,SYS_FCST_ACT_MW,3.4,2635,ACTUAL,49
2019-12-04T02:00:00-00:00,2019-12-04T03:00:00-00:00,0,2019-12-03,19,0,ACTUAL,SDGE-TAC,Total Actual Hourly Integrated Load,SYS_FCST_ACT_MW,3.4,2794,ACTUAL,49
2019-12-04T05:00:00-00:00,2019-12-04T06:00:00-00:00,0,2019-12-03,22,0,ACTUAL,SDGE-TAC,Total Actual Hourly Integrated Load,SYS_FCST_ACT_MW,3.4,2463,ACTUAL,49
2019-12-03T14:00:00-00:00,2019-12-03T15:00:00-00:00,0,2019-12-03,7,0,ACTUAL,SDGE-TAC,Total Actual Hourly Integrated Load,SYS_FCST_ACT_MW,3.4,2280,ACTUAL,49
2019-12-03T22:00:00-00:00,2019-12-03T23:00:00-00:00,0,2019-12-03,15,0,ACTUAL,SDGE-TAC,Total Actual Hourly Integrated Load,SYS_FCST_ACT_MW,3.4,2415,ACTUAL,49
2019-12-03T19:00:00-00:00,2019-12-03T20:00:00-00:00,0,2019-12-03,12,0,ACTUAL,SRP,Total Actual Hourly Integrated Load,SYS_FCST_ACT_MW,3.8,2700,ACTUAL,50
2019-12-04T04:00:00-00:00,2019-12-04T05:00:00-00:00,0,2019-12-03,21,0,ACTUAL,SRP,Total Actual Hourly Integrated Load,SYS_FCST_ACT_MW,3.8,2938,ACTUAL,50
2019-12-03T12:00:00-00:00,2019-12-03T13:00:00-00:00,0,2019-12-03,5,0,ACTUAL,SRP,Total Actual Hourly Integrated Load,SYS_FCST_ACT_MW,3.8,2905,ACTUAL,50
2019-12-03T15:00:00-00:00,2019-12-03T16:00:00-00:00,0,2019-12-03,8,0,ACTUAL,SRP,Total Actual Hourly Integrated Load,SYS_FCST_ACT_MW,3.8,3077,ACTUAL,50
2019-12-03T16:00:00-00:00,2019-12-03T17:00:00-00:00,0,2019-12-03,9,0,ACTUAL,SRP,Total Actual Hourly Integrated Load,SYS_FCST_ACT_MW,3.8,2923,ACTUAL,50
2019-12-03T20:00:00-00:00,2019-12-03T21:00:00-00:00,0,2019-12-03,13,0,ACTUAL,SRP,Total Actual Hourly Integrated Load,SYS_FCST_ACT_MW,3.8,2687,ACTUAL,50
2019-12-03T21:00:00-00:00,2019-12-03T22:00:00-00:00,0,2019-12-03,14,0,ACTUAL,SRP,Total Actual Hourly Integrated Load,SYS_FCST_ACT_MW,3.8,2679,ACTUAL,50
2019-12-04T02:00:00-00:00,2019-12-04T03:00:00-00:00,0,2019-12-03,19,0,ACTUAL,SRP,Total Actual Hourly Integrated Load,SYS_FCST_ACT_MW,3.8,3133,ACTUAL,50
2019-12-03T10:00:00-00:00,2019-12-03T11:00:00-00:00,0,2019-12-03,3,0,ACTUAL,SRP,Total Actual Hourly Integrated Load,SYS_FCST_ACT_MW,3.8,2549,ACTUAL,50
2019-12-03T17:00:00-00:00,2019-12-03T18:00:00-00:00,0,2019-12-03,10,0,ACTUAL,SRP,Total Actual Hourly Integrated Load,SYS_FCST_ACT_MW,3.8,2815,ACTUAL,50
2019-12-04T00:00:00-00:00,2019-12-04T01:00:00-00:00,0,2019-12-03,17,0,ACTUAL,SRP,Total Actual Hourly Integrated Load,SYS_FCST_ACT_MW,3.8,3042,ACTUAL,50
2019-12-04T05:00:00-00:00,2019-12-04T06:00:00-00:00,0,2019-12-03,22,0,ACTUAL,SRP,Total Actual Hourly Integrated Load,SYS_FCST_ACT_MW,3.8,2722,ACTUAL,50
2019-12-04T06:00:00-00:00,2019-12-04T07:00:00-00:00,0,2019-12-03,23,0,ACTUAL,SRP,Total Actual Hourly Integrated Load,SYS_FCST_ACT_MW,3.8,2520,ACTUAL,50
2019-12-03T18:00:00-00:00,2019-12-03T19:00:00-00:00,0,2019-12-03,11,0,ACTUAL,SRP,Total Actual Hourly Integrated Load,SYS_FCST_ACT_MW,3.8,2735,ACTUAL,50
2019-12-03T23:00:00-00:00,2019-12-04T00:00:00-00:00,0,2019-12-03,16,0,ACTUAL,SRP,Total Actual Hourly Integrated Load,SYS_FCST_ACT_MW,3.8,2803,ACTUAL,50
2019-12-03T08:00:00-00:00,2019-12-03T09:00:00-00:00,0,2019-12-03,1,0,ACTUAL,SRP,Total Actual Hourly Integrated Load,SYS_FCST_ACT_MW,3.8,2538,ACTUAL,50
2019-12-03T11:00:00-00:00,2019-12-03T12:00:00-00:00,0,2019-12-03,4,0,ACTUAL,SRP,Total Actual Hourly Integrated Load,SYS_FCST_ACT_MW,3.8,2666,ACTUAL,50
2019-12-03T22:00:00-00:00,2019-12-03T23:00:00-00:00,0,2019-12-03,15,0,ACTUAL,SRP,Total Actual Hourly Integrated Load,SYS_FCST_ACT_MW,3.8,2678,ACTUAL,50
2019-12-04T01:00:00-00:00,2019-12-04T02:00:00-00:00,0,2019-12-03,18,0,ACTUAL,SRP,Total Actual Hourly Integrated Load,SYS_FCST_ACT_MW,3.8,3164,ACTUAL,50
2019-12-04T03:00:00-00:00,2019-12-04T04:00:00-00:00,0,2019-12-03,20,0,ACTUAL,SRP,Total Actual Hourly Integrated Load,SYS_FCST_ACT_MW,3.8,3075,ACTUAL,50
2019-12-04T07:00:00-00:00,2019-12-04T08:00:00-00:00,0,2019-12-03,24,0,ACTUAL,SRP,Total Actual Hourly Integrated Load,SYS_FCST_ACT_MW,3.8,2385,ACTUAL,50
2019-12-03T13:00:00-00:00,2019-12-03T14:00:00-00:00,0,2019-12-03,6,0,ACTUAL,SRP,Total Actual Hourly Integrated Load,SYS_FCST_ACT_MW,3.8,3219,ACTUAL,50
2019-12-03T14:00:00-00:00,2019-12-03T15:00:00-00:00,0,2019-12-03,7,0,ACTUAL,SRP,Total Actual Hourly Integrated Load,SYS_FCST_ACT_MW,3.8,3242,ACTUAL,50
2019-12-03T09:00:00-00:00,2019-12-03T10:00:00-00:00,0,2019-12-03,2,0,ACTUAL,SRP,Total Actual Hourly Integrated Load,SYS_FCST_ACT_MW,3.8,2530,ACTUAL,50
2019-12-04T06:00:00-00:00,2019-12-04T07:00:00-00:00,0,2019-12-03,23,0,ACTUAL,VEA-TAC,Total Actual Hourly Integrated Load,SYS_FCST_ACT_MW,3.5,66,ACTUAL,51
2019-12-03T10:00:00-00:00,2019-12-03T11:00:00-00:00,0,2019-12-03,3,0,ACTUAL,VEA-TAC,Total Actual Hourly Integrated Load,SYS_FCST_ACT_MW,3.5,74,ACTUAL,51
2019-12-03T23:00:00-00:00,2019-12-04T00:00:00-00:00,0,2019-12-03,16,0,ACTUAL,VEA-TAC,Total Actual Hourly Integrated Load,SYS_FCST_ACT_MW,3.5,68,ACTUAL,51
2019-12-04T04:00:00-00:00,2019-12-04T05:00:00-00:00,0,2019-12-03,21,0,ACTUAL,VEA-TAC,Total Actual Hourly Integrated Load,SYS_FCST_ACT_MW,3.5,74,ACTUAL,51
2019-12-03T21:00:00-00:00,2019-12-03T22:00:00-00:00,0,2019-12-03,14,0,ACTUAL,VEA-TAC,Total Actual Hourly Integrated Load,SYS_FCST_ACT_MW,3.5,65,ACTUAL,51
2019-12-03T22:00:00-00:00,2019-12-03T23:00:00-00:00,0,2019-12-03,15,0,ACTUAL,VEA-TAC,Total Actual Hourly Integrated Load,SYS_FCST_ACT_MW,3.5,65,ACTUAL,51
2019-12-03T08:00:00-00:00,2019-12-03T09:00:00-00:00,0,2019-12-03,1,0,ACTUAL,VEA-TAC,Total Actual Hourly Integrated Load,SYS_FCST_ACT_MW,3.5,71,ACTUAL,51
2019-12-03T12:00:00-00:00,2019-12-03T13:00:00-00:00,0,2019-12-03,5,0,ACTUAL,VEA-TAC,Total Actual Hourly Integrated Load,SYS_FCST_ACT_MW,3.5,82,ACTUAL,51
2019-12-03T17:00:00-00:00,2019-12-03T18:00:00-00:00,0,2019-12-03,10,0,ACTUAL,VEA-TAC,Total Actual Hourly Integrated Load,SYS_FCST_ACT_MW,3.5,83,ACTUAL,51
2019-12-04T07:00:00-00:00,2019-12-04T08:00:00-00:00,0,2019-12-03,24,0,ACTUAL,VEA-TAC,Total Actual Hourly Integrated Load,SYS_FCST_ACT_MW,3.5,63,ACTUAL,51
2019-12-03T20:00:00-00:00,2019-12-03T21:00:00-00:00,0,2019-12-03,13,0,ACTUAL,VEA-TAC,Total Actual Hourly Integrated Load,SYS_FCST_ACT_MW,3.5,66,ACTUAL,51
2019-12-04T02:00:00-00:00,2019-12-04T03:00:00-00:00,0,2019-12-03,19,0,ACTUAL,VEA-TAC,Total Actual Hourly Integrated Load,SYS_FCST_ACT_MW,3.5,77,ACTUAL,51
2019-12-04T00:00:00-00:00,2019-12-04T01:00:00-00:00,0,2019-12-03,17,0,ACTUAL,VEA-TAC,Total Actual Hourly Integrated Load,SYS_FCST_ACT_MW,3.5,73,ACTUAL,51
2019-12-04T03:00:00-00:00,2019-12-04T04:00:00-00:00,0,2019-12-03,20,0,ACTUAL,VEA-TAC,Total Actual Hourly Integrated Load,SYS_FCST_ACT_MW,3.5,76,ACTUAL,51
2019-12-03T09:00:00-00:00,2019-12-03T10:00:00-00:00,0,2019-12-03,2,0,ACTUAL,VEA-TAC,Total Actual Hourly Integrated Load,SYS_FCST_ACT_MW,3.5,72,ACTUAL,51
2019-12-03T11:00:00-00:00,2019-12-03T12:00:00-00:00,0,2019-12-03,4,0,ACTUAL,VEA-TAC,Total Actual Hourly Integrated Load,SYS_FCST_ACT_MW,3.5,76,ACTUAL,51
2019-12-03T14:00:00-00:00,2019-12-03T15:00:00-00:00,0,2019-12-03,7,0,ACTUAL,VEA-TAC,Total Actual Hourly Integrated Load,SYS_FCST_ACT_MW,3.5,96,ACTUAL,51
2019-12-03T16:00:00-00:00,2019-12-03T17:00:00-00:00,0,2019-12-03,9,0,ACTUAL,VEA-TAC,Total Actual Hourly Integrated Load,SYS_FCST_ACT_MW,3.5,92,ACTUAL,51
2019-12-03T18:00:00-00:00,2019-12-03T19:00:00-00:00,0,2019-12-03,11,0,ACTUAL,VEA-TAC,Total Actual Hourly Integrated Load,SYS_FCST_ACT_MW,3.5,77,ACTUAL,51
2019-12-03T13:00:00-00:00,2019-12-03T14:00:00-00:00,0,2019-12-03,6,0,ACTUAL,VEA-TAC,Total Actual Hourly Integrated Load,SYS_FCST_ACT_MW,3.5,88,ACTUAL,51
2019-12-03T19:00:00-00:00,2019-12-03T20:00:00-00:00,0,2019-12-03,12,0,ACTUAL,VEA-TAC,Total Actual Hourly Integrated Load,SYS_FCST_ACT_MW,3.5,70,ACTUAL,51
2019-12-04T01:00:00-00:00,2019-12-04T02:00:00-00:00,0,2019-12-03,18,0,ACTUAL,VEA-TAC,Total Actual Hourly Integrated Load,SYS_FCST_ACT_MW,3.5,77,ACTUAL,51
2019-12-04T05:00:00-00:00,2019-12-04T06:00:00-00:00,0,2019-12-03,22,0,ACTUAL,VEA-TAC,Total Actual Hourly Integrated Load,SYS_FCST_ACT_MW,3.5,71,ACTUAL,51
2019-12-03T15:00:00-00:00,2019-12-03T16:00:00-00:00,0,2019-12-03,8,0,ACTUAL,VEA-TAC,Total Actual Hourly Integrated Load,SYS_FCST_ACT_MW,3.5,98,ACTUAL,51
2019-12-05T06:00:00-00:00,2019-12-05T07:00:00-00:00,0,2019-12-04,23,0,ACTUAL,AZPS,Total Actual Hourly Integrated Load,SYS_FCST_ACT_MW,3.8,2620,ACTUAL,52
2019-12-05T04:00:00-00:00,2019-12-05T05:00:00-00:00,0,2019-12-04,21,0,ACTUAL,AZPS,Total Actual Hourly Integrated Load,SYS_FCST_ACT_MW,3.8,3042,ACTUAL,52
2019-12-04T11:00:00-00:00,2019-12-04T12:00:00-00:00,0,2019-12-04,4,0,ACTUAL,AZPS,Total Actual Hourly Integrated Load,SYS_FCST_ACT_MW,3.8,2523,ACTUAL,52
2019-12-04T13:00:00-00:00,2019-12-04T14:00:00-00:00,0,2019-12-04,6,0,ACTUAL,AZPS,Total Actual Hourly Integrated Load,SYS_FCST_ACT_MW,3.8,3049,ACTUAL,52
2019-12-04T15:00:00-00:00,2019-12-04T16:00:00-00:00,0,2019-12-04,8,0,ACTUAL,AZPS,Total Actual Hourly Integrated Load,SYS_FCST_ACT_MW,3.8,3043,ACTUAL,52
2019-12-04T16:00:00-00:00,2019-12-04T17:00:00-00:00,0,2019-12-04,9,0,ACTUAL,AZPS,Total Actual Hourly Integrated Load,SYS_FCST_ACT_MW,3.8,2927,ACTUAL,52
2019-12-04T20:00:00-00:00,2019-12-04T21:00:00-00:00,0,2019-12-04,13,0,ACTUAL,AZPS,Total Actual Hourly Integrated Load,SYS_FCST_ACT_MW,3.8,2532,ACTUAL,52
2019-12-05T05:00:00-00:00,2019-12-05T06:00:00-00:00,0,2019-12-04,22,0,ACTUAL,AZPS,Total Actual Hourly Integrated Load,SYS_FCST_ACT_MW,3.8,2827,ACTUAL,52
2019-12-04T08:00:00-00:00,2019-12-04T09:00:00-00:00,0,2019-12-04,1,0,ACTUAL,AZPS,Total Actual Hourly Integrated Load,SYS_FCST_ACT_MW,3.8,2425,ACTUAL,52
2019-12-04T23:00:00-00:00,2019-12-05T00:00:00-00:00,0,2019-12-04,16,0,ACTUAL,AZPS,Total Actual Hourly Integrated Load,SYS_FCST_ACT_MW,3.8,2928,ACTUAL,52
2019-12-05T03:00:00-00:00,2019-12-05T04:00:00-00:00,0,2019-12-04,20,0,ACTUAL,AZPS,Total Actual Hourly Integrated Load,SYS_FCST_ACT_MW,3.8,3167,ACTUAL,52
2019-12-05T07:00:00-00:00,2019-12-05T08:00:00-00:00,0,2019-12-04,24,0,ACTUAL,AZPS,Total Actual Hourly Integrated Load,SYS_FCST_ACT_MW,3.8,2494,ACTUAL,52
2019-12-04T18:00:00-00:00,2019-12-04T19:00:00-00:00,0,2019-12-04,11,0,ACTUAL,AZPS,Total Actual Hourly Integrated Load,SYS_FCST_ACT_MW,3.8,2530,ACTUAL,52
2019-12-04T22:00:00-00:00,2019-12-04T23:00:00-00:00,0,2019-12-04,15,0,ACTUAL,AZPS,Total Actual Hourly Integrated Load,SYS_FCST_ACT_MW,3.8,2745,ACTUAL,52
2019-12-05T01:00:00-00:00,2019-12-05T02:00:00-00:00,0,2019-12-04,18,0,ACTUAL,AZPS,Total Actual Hourly Integrated Load,SYS_FCST_ACT_MW,3.8,3258,ACTUAL,52
2019-12-04T10:00:00-00:00,2019-12-04T11:00:00-00:00,0,2019-12-04,3,0,ACTUAL,AZPS,Total Actual Hourly Integrated Load,SYS_FCST_ACT_MW,3.8,2417,ACTUAL,52
2019-12-04T14:00:00-00:00,2019-12-04T15:00:00-00:00,0,2019-12-04,7,0,ACTUAL,AZPS,Total Actual Hourly Integrated Load,SYS_FCST_ACT_MW,3.8,3131,ACTUAL,52
2019-12-04T17:00:00-00:00,2019-12-04T18:00:00-00:00,0,2019-12-04,10,0,ACTUAL,AZPS,Total Actual Hourly Integrated Load,SYS_FCST_ACT_MW,3.8,2668,ACTUAL,52
2019-12-04T19:00:00-00:00,2019-12-04T20:00:00-00:00,0,2019-12-04,12,0,ACTUAL,AZPS,Total Actual Hourly Integrated Load,SYS_FCST_ACT_MW,3.8,2524,ACTUAL,52
2019-12-05T02:00:00-00:00,2019-12-05T03:00:00-00:00,0,2019-12-04,19,0,ACTUAL,AZPS,Total Actual Hourly Integrated Load,SYS_FCST_ACT_MW,3.8,3214,ACTUAL,52
2019-12-04T12:00:00-00:00,2019-12-04T13:00:00-00:00,0,2019-12-04,5,0,ACTUAL,AZPS,Total Actual Hourly Integrated Load,SYS_FCST_ACT_MW,3.8,2749,ACTUAL,52
2019-12-04T21:00:00-00:00,2019-12-04T22:00:00-00:00,0,2019-12-04,14,0,ACTUAL,AZPS,Total Actual Hourly Integrated Load,SYS_FCST_ACT_MW,3.8,2594,ACTUAL,52
2019-12-05T00:00:00-00:00,2019-12-05T01:00:00-00:00,0,2019-12-04,17,0,ACTUAL,AZPS,Total Actual Hourly Integrated Load,SYS_FCST_ACT_MW,3.8,3167,ACTUAL,52
2019-12-04T09:00:00-00:00,2019-12-04T10:00:00-00:00,0,2019-12-04,2,0,ACTUAL,AZPS,Total Actual Hourly Integrated Load,SYS_FCST_ACT_MW,3.8,2399,ACTUAL,52
2019-12-04T11:00:00-00:00,2019-12-04T12:00:00-00:00,0,2019-12-04,4,0,ACTUAL,BANCSMUD,Total Actual Hourly Integrated Load,SYS_FCST_ACT_MW,3.8,909,ACTUAL,53
2019-12-04T09:00:00-00:00,2019-12-04T10:00:00-00:00,0,2019-12-04,2,0,ACTUAL,BANCSMUD,Total Actual Hourly Integrated Load,SYS_FCST_ACT_MW,3.8,929,ACTUAL,53
2019-12-04T14:00:00-00:00,2019-12-04T15:00:00-00:00,0,2019-12-04,7,0,ACTUAL,BANCSMUD,Total Actual Hourly Integrated Load,SYS_FCST_ACT_MW,3.8,1178,ACTUAL,53
2019-12-04T12:00:00-00:00,2019-12-04T13:00:00-00:00,0,2019-12-04,5,0,ACTUAL,BANCSMUD,Total Actual Hourly Integrated Load,SYS_FCST_ACT_MW,3.8,944,ACTUAL,53
2019-12-04T17:00:00-00:00,2019-12-04T18:00:00-00:00,0,2019-12-04,10,0,ACTUAL,BANCSMUD,Total Actual Hourly Integrated Load,SYS_FCST_ACT_MW,3.8,1296,ACTUAL,53
2019-12-04T08:00:00-00:00,2019-12-04T09:00:00-00:00,0,2019-12-04,1,0,ACTUAL,BANCSMUD,Total Actual Hourly Integrated Load,SYS_FCST_ACT_MW,3.8,970,ACTUAL,53
2019-12-05T07:00:00-00:00,2019-12-05T08:00:00-00:00,0,2019-12-04,24,0,ACTUAL,BANCSMUD,Total Actual Hourly Integrated Load,SYS_FCST_ACT_MW,3.8,1022,ACTUAL,53
2019-12-04T21:00:00-00:00,2019-12-04T22:00:00-00:00,0,2019-12-04,14,0,ACTUAL,BANCSMUD,Total Actual Hourly Integrated Load,SYS_FCST_ACT_MW,3.8,1271,ACTUAL,53
2019-12-04T16:00:00-00:00,2019-12-04T17:00:00-00:00,0,2019-12-04,9,0,ACTUAL,BANCSMUD,Total Actual Hourly Integrated Load,SYS_FCST_ACT_MW,3.8,1279,ACTUAL,53
2019-12-04T23:00:00-00:00,2019-12-05T00:00:00-00:00,0,2019-12-04,16,0,ACTUAL,BANCSMUD,Total Actual Hourly Integrated Load,SYS_FCST_ACT_MW,3.8,1278,ACTUAL,53
2019-12-05T00:00:00-00:00,2019-12-05T01:00:00-00:00,0,2019-12-04,17,0,ACTUAL,BANCSMUD,Total Actual Hourly Integrated Load,SYS_FCST_ACT_MW,3.8,1329,ACTUAL,53
2019-12-04T10:00:00-00:00,2019-12-04T11:00:00-00:00,0,2019-12-04,3,0,ACTUAL,BANCSMUD,Total Actual Hourly Integrated Load,SYS_FCST_ACT_MW,3.8,908,ACTUAL,53
2019-12-05T06:00:00-00:00,2019-12-05T07:00:00-00:00,0,2019-12-04,23,0,ACTUAL,BANCSMUD,Total Actual Hourly Integrated Load,SYS_FCST_ACT_MW,3.8,1123,ACTUAL,53
2019-12-05T04:00:00-00:00,2019-12-05T05:00:00-00:00,0,2019-12-04,21,0,ACTUAL,BANCSMUD,Total Actual Hourly Integrated Load,SYS_FCST_ACT_MW,3.8,1303,ACTUAL,53
2019-12-05T03:00:00-00:00,2019-12-05T04:00:00-00:00,0,2019-12-04,20,0,ACTUAL,BANCSMUD,Total Actual Hourly Integrated Load,SYS_FCST_ACT_MW,3.8,1340,ACTUAL,53
2019-12-04T19:00:00-00:00,2019-12-04T20:00:00-00:00,0,2019-12-04,12,0,ACTUAL,BANCSMUD,Total Actual Hourly Integrated Load,SYS_FCST_ACT_MW,3.8,1294,ACTUAL,53
2019-12-04T18:00:00-00:00,2019-12-04T19:00:00-00:00,0,2019-12-04,11,0,ACTUAL,BANCSMUD,Total Actual Hourly Integrated Load,SYS_FCST_ACT_MW,3.8,1302,ACTUAL,53
2019-12-04T13:00:00-00:00,2019-12-04T14:00:00-00:00,0,2019-12-04,6,0,ACTUAL,BANCSMUD,Total Actual Hourly Integrated Load,SYS_FCST_ACT_MW,3.8,1038,ACTUAL,53
2019-12-05T02:00:00-00:00,2019-12-05T03:00:00-00:00,0,2019-12-04,19,0,ACTUAL,BANCSMUD,Total Actual Hourly Integrated Load,SYS_FCST_ACT_MW,3.8,1369,ACTUAL,53
2019-12-05T05:00:00-00:00,2019-12-05T06:00:00-00:00,0,2019-12-04,22,0,ACTUAL,BANCSMUD,Total Actual Hourly Integrated Load,SYS_FCST_ACT_MW,3.8,1230,ACTUAL,53
2019-12-05T01:00:00-00:00,2019-12-05T02:00:00-00:00,0,2019-12-04,18,0,ACTUAL,BANCSMUD,Total Actual Hourly Integrated Load,SYS_FCST_ACT_MW,3.8,1385,ACTUAL,53
2019-12-04T15:00:00-00:00,2019-12-04T16:00:00-00:00,0,2019-12-04,8,0,ACTUAL,BANCSMUD,Total Actual Hourly Integrated Load,SYS_FCST_ACT_MW,3.8,1264,ACTUAL,53
2019-12-04T22:00:00-00:00,2019-12-04T23:00:00-00:00,0,2019-12-04,15,0,ACTUAL,BANCSMUD,Total Actual Hourly Integrated Load,SYS_FCST_ACT_MW,3.8,1272,ACTUAL,53
2019-12-04T20:00:00-00:00,2019-12-04T21:00:00-00:00,0,2019-12-04,13,0,ACTUAL,BANCSMUD,Total Actual Hourly Integrated Load,SYS_FCST_ACT_MW,3.8,1281,ACTUAL,53
2019-12-04T10:00:00-00:00,2019-12-04T11:00:00-00:00,0,2019-12-04,3,0,ACTUAL,BCHA,Total Actual Hourly Integrated Load,SYS_FCST_ACT_MW,3.8,6603,ACTUAL,54
2019-12-04T09:00:00-00:00,2019-12-04T10:00:00-00:00,0,2019-12-04,2,0,ACTUAL,BCHA,Total Actual Hourly Integrated Load,SYS_FCST_ACT_MW,3.8,6704,ACTUAL,54
2019-12-04T12:00:00-00:00,2019-12-04T13:00:00-00:00,0,2019-12-04,5,0,ACTUAL,BCHA,Total Actual Hourly Integrated Load,SYS_FCST_ACT_MW,3.8,6748,ACTUAL,54
2019-12-05T01:00:00-00:00,2019-12-05T02:00:00-00:00,0,2019-12-04,18,0,ACTUAL,BCHA,Total Actual Hourly Integrated Load,SYS_FCST_ACT_MW,3.8,9390,ACTUAL,54
2019-12-04T19:00:00-00:00,2019-12-04T20:00:00-00:00,0,2019-12-04,12,0,ACTUAL,BCHA,Total Actual Hourly Integrated Load,SYS_FCST_ACT_MW,3.8,8692,ACTUAL,54
2019-12-05T04:00:00-00:00,2019-12-05T05:00:00-00:00,0,2019-12-04,21,0,ACTUAL,BCHA,Total Actual Hourly Integrated Load,SYS_FCST_ACT_MW,3.8,8844,ACTUAL,54
2019-12-04T13:00:00-00:00,2019-12-04T14:00:00-00:00,0,2019-12-04,6,0,ACTUAL,BCHA,Total Actual Hourly Integrated Load,SYS_FCST_ACT_MW,3.8,7163,ACTUAL,54
2019-12-05T05:00:00-00:00,2019-12-05T06:00:00-00:00,0,2019-12-04,22,0,ACTUAL,BCHA,Total Actual Hourly Integrated Load,SYS_FCST_ACT_MW,3.8,8481,ACTUAL,54
2019-12-05T02:00:00-00:00,2019-12-05T03:00:00-00:00,0,2019-12-04,19,0,ACTUAL,BCHA,Total Actual Hourly Integrated Load,SYS_FCST_ACT_MW,3.8,9283,ACTUAL,54
2019-12-05T00:00:00-00:00,2019-12-05T01:00:00-00:00,0,2019-12-04,17,0,ACTUAL,BCHA,Total Actual Hourly Integrated Load,SYS_FCST_ACT_MW,3.8,9096,ACTUAL,54
2019-12-04T20:00:00-00:00,2019-12-04T21:00:00-00:00,0,2019-12-04,13,0,ACTUAL,BCHA,Total Actual Hourly Integrated Load,SYS_FCST_ACT_MW,3.8,8627,ACTUAL,54
2019-12-04T18:00:00-00:00,2019-12-04T19:00:00-00:00,0,2019-12-04,11,0,ACTUAL,BCHA,Total Actual Hourly Integrated Load,SYS_FCST_ACT_MW,3.8,8755,ACTUAL,54
2019-12-04T11:00:00-00:00,2019-12-04T12:00:00-00:00,0,2019-12-04,4,0,ACTUAL,BCHA,Total Actual Hourly Integrated Load,SYS_FCST_ACT_MW,3.8,6609,ACTUAL,54
2019-12-04T17:00:00-00:00,2019-12-04T18:00:00-00:00,0,2019-12-04,10,0,ACTUAL,BCHA,Total Actual Hourly Integrated Load,SYS_FCST_ACT_MW,3.8,8813,ACTUAL,54
2019-12-04T15:00:00-00:00,2019-12-04T16:00:00-00:00,0,2019-12-04,8,0,ACTUAL,BCHA,Total Actual Hourly Integrated Load,SYS_FCST_ACT_MW,3.8,8645,ACTUAL,54
2019-12-04T08:00:00-00:00,2019-12-04T09:00:00-00:00,0,2019-12-04,1,0,ACTUAL,BCHA,Total Actual Hourly Integrated Load,SYS_FCST_ACT_MW,3.8,6902,ACTUAL,54
2019-12-05T07:00:00-00:00,2019-12-05T08:00:00-00:00,0,2019-12-04,24,0,ACTUAL,BCHA,Total Actual Hourly Integrated Load,SYS_FCST_ACT_MW,3.8,7476,ACTUAL,54
2019-12-04T22:00:00-00:00,2019-12-04T23:00:00-00:00,0,2019-12-04,15,0,ACTUAL,BCHA,Total Actual Hourly Integrated Load,SYS_FCST_ACT_MW,3.8,8520,ACTUAL,54
2019-12-05T06:00:00-00:00,2019-12-05T07:00:00-00:00,0,2019-12-04,23,0,ACTUAL,BCHA,Total Actual Hourly Integrated Load,SYS_FCST_ACT_MW,3.8,7953,ACTUAL,54
2019-12-04T23:00:00-00:00,2019-12-05T00:00:00-00:00,0,2019-12-04,16,0,ACTUAL,BCHA,Total Actual Hourly Integrated Load,SYS_FCST_ACT_MW,3.8,8615,ACTUAL,54
2019-12-04T21:00:00-00:00,2019-12-04T22:00:00-00:00,0,2019-12-04,14,0,ACTUAL,BCHA,Total Actual Hourly Integrated Load,SYS_FCST_ACT_MW,3.8,8554,ACTUAL,54
2019-12-04T16:00:00-00:00,2019-12-04T17:00:00-00:00,0,2019-12-04,9,0,ACTUAL,BCHA,Total Actual Hourly Integrated Load,SYS_FCST_ACT_MW,3.8,8787,ACTUAL,54
2019-12-05T03:00:00-00:00,2019-12-05T04:00:00-00:00,0,2019-12-04,20,0,ACTUAL,BCHA,Total Actual Hourly Integrated Load,SYS_FCST_ACT_MW,3.8,9096,ACTUAL,54
2019-12-04T14:00:00-00:00,2019-12-04T15:00:00-00:00,0,2019-12-04,7,0,ACTUAL,BCHA,Total Actual Hourly Integrated Load,SYS_FCST_ACT_MW,3.8,7899,ACTUAL,54
2019-12-04T08:00:00-00:00,2019-12-04T09:00:00-00:00,0,2019-12-04,1,0,ACTUAL,CA ISO-TAC,Total Actual Hourly Integrated Load,SYS_FCST_ACT_MW,3,21465,ACTUAL,55
2019-12-05T04:00:00-00:00,2019-12-05T05:00:00-00:00,0,2019-12-04,21,0,ACTUAL,CA ISO-TAC,Total Actual Hourly Integrated Load,SYS_FCST_ACT_MW,3,27836,ACTUAL,55
2019-12-04T18:00:00-00:00,2019-12-04T19:00:00-00:00,0,2019-12-04,11,0,ACTUAL,CA ISO-TAC,Total Actual Hourly Integrated Load,SYS_FCST_ACT_MW,3,27700,ACTUAL,55
2019-12-04T21:00:00-00:00,2019-12-04T22:00:00-00:00,0,2019-12-04,14,0,ACTUAL,CA ISO-TAC,Total Actual Hourly Integrated Load,SYS_FCST_ACT_MW,3,26496,ACTUAL,55
2019-12-05T01:00:00-00:00,2019-12-05T02:00:00-00:00,0,2019-12-04,18,0,ACTUAL,CA ISO-TAC,Total Actual Hourly Integrated Load,SYS_FCST_ACT_MW,3,29271,ACTUAL,55
2019-12-05T07:00:00-00:00,2019-12-05T08:00:00-00:00,0,2019-12-04,24,0,ACTUAL,CA ISO-TAC,Total Actual Hourly Integrated Load,SYS_FCST_ACT_MW,3,22584,ACTUAL,55
2019-12-04T10:00:00-00:00,2019-12-04T11:00:00-00:00,0,2019-12-04,3,0,ACTUAL,CA ISO-TAC,Total Actual Hourly Integrated Load,SYS_FCST_ACT_MW,3,20166,ACTUAL,55
2019-12-04T13:00:00-00:00,2019-12-04T14:00:00-00:00,0,2019-12-04,6,0,ACTUAL,CA ISO-TAC,Total Actual Hourly Integrated Load,SYS_FCST_ACT_MW,3,22194,ACTUAL,55
2019-12-04T19:00:00-00:00,2019-12-04T20:00:00-00:00,0,2019-12-04,12,0,ACTUAL,CA ISO-TAC,Total Actual Hourly Integrated Load,SYS_FCST_ACT_MW,3,27290,ACTUAL,55
2019-12-04T23:00:00-00:00,2019-12-05T00:00:00-00:00,0,2019-12-04,16,0,ACTUAL,CA ISO-TAC,Total Actual Hourly Integrated Load,SYS_FCST_ACT_MW,3,26669,ACTUAL,55
2019-12-05T03:00:00-00:00,2019-12-05T04:00:00-00:00,0,2019-12-04,20,0,ACTUAL,CA ISO-TAC,Total Actual Hourly Integrated Load,SYS_FCST_ACT_MW,3,28673,ACTUAL,55
2019-12-05T06:00:00-00:00,2019-12-05T07:00:00-00:00,0,2019-12-04,23,0,ACTUAL,CA ISO-TAC,Total Actual Hourly Integrated Load,SYS_FCST_ACT_MW,3,24422,ACTUAL,55
2019-12-04T20:00:00-00:00,2019-12-04T21:00:00-00:00,0,2019-12-04,13,0,ACTUAL,CA ISO-TAC,Total Actual Hourly Integrated Load,SYS_FCST_ACT_MW,3,26755,ACTUAL,55
2019-12-05T00:00:00-00:00,2019-12-05T01:00:00-00:00,0,2019-12-04,17,0,ACTUAL,CA ISO-TAC,Total Actual Hourly Integrated Load,SYS_FCST_ACT_MW,3,27682,ACTUAL,55
2019-12-04T09:00:00-00:00,2019-12-04T10:00:00-00:00,0,2019-12-04,2,0,ACTUAL,CA ISO-TAC,Total Actual Hourly Integrated Load,SYS_FCST_ACT_MW,3,20691,ACTUAL,55
2019-12-04T12:00:00-00:00,2019-12-04T13:00:00-00:00,0,2019-12-04,5,0,ACTUAL,CA ISO-TAC,Total Actual Hourly Integrated Load,SYS_FCST_ACT_MW,3,20683,ACTUAL,55
2019-12-04T16:00:00-00:00,2019-12-04T17:00:00-00:00,0,2019-12-04,9,0,ACTUAL,CA ISO-TAC,Total Actual Hourly Integrated Load,SYS_FCST_ACT_MW,3,26943,ACTUAL,55
2019-12-04T17:00:00-00:00,2019-12-04T18:00:00-00:00,0,2019-12-04,10,0,ACTUAL,CA ISO-TAC,Total Actual Hourly Integrated Load,SYS_FCST_ACT_MW,3,27463,ACTUAL,55
2019-12-04T14:00:00-00:00,2019-12-04T15:00:00-00:00,0,2019-12-04,7,0,ACTUAL,CA ISO-TAC,Total Actual Hourly Integrated Load,SYS_FCST_ACT_MW,3,24602,ACTUAL,55
2019-12-05T02:00:00-00:00,2019-12-05T03:00:00-00:00,0,2019-12-04,19,0,ACTUAL,CA ISO-TAC,Total Actual Hourly Integrated Load,SYS_FCST_ACT_MW,3,29246,ACTUAL,55
2019-12-04T22:00:00-00:00,2019-12-04T23:00:00-00:00,0,2019-12-04,15,0,ACTUAL,CA ISO-TAC,Total Actual Hourly Integrated Load,SYS_FCST_ACT_MW,3,26457,ACTUAL,55
2019-12-05T05:00:00-00:00,2019-12-05T06:00:00-00:00,0,2019-12-04,22,0,ACTUAL,CA ISO-TAC,Total Actual Hourly Integrated Load,SYS_FCST_ACT_MW,3,26421,ACTUAL,55
2019-12-04T11:00:00-00:00,2019-12-04T12:00:00-00:00,0,2019-12-04,4,0,ACTUAL,CA ISO-TAC,Total Actual Hourly Integrated Load,SYS_FCST_ACT_MW,3,20111,ACTUAL,55
2019-12-04T15:00:00-00:00,2019-12-04T16:00:00-00:00,0,2019-12-04,8,0,ACTUAL,CA ISO-TAC,Total Actual Hourly Integrated Load,SYS_FCST_ACT_MW,3,26178,ACTUAL,55
2019-12-05T02:00:00-00:00,2019-12-05T03:00:00-00:00,0,2019-12-04,19,0,ACTUAL,IPCO,Total Actual Hourly Integrated Load,SYS_FCST_ACT_MW,3.8,2116,ACTUAL,56
2019-12-04T08:00:00-00:00,2019-12-04T09:00:00-00:00,0,2019-12-04,1,0,ACTUAL,IPCO,Total Actual Hourly Integrated Load,SYS_FCST_ACT_MW,3.8,1638,ACTUAL,56
2019-12-04T22:00:00-00:00,2019-12-04T23:00:00-00:00,0,2019-12-04,15,0,ACTUAL,IPCO,Total Actual Hourly Integrated Load,SYS_FCST_ACT_MW,3.8,1881,ACTUAL,56
2019-12-04T23:00:00-00:00,2019-12-05T00:00:00-00:00,0,2019-12-04,16,0,ACTUAL,IPCO,Total Actual Hourly Integrated Load,SYS_FCST_ACT_MW,3.8,1966,ACTUAL,56
2019-12-05T04:00:00-00:00,2019-12-05T05:00:00-00:00,0,2019-12-04,21,0,ACTUAL,IPCO,Total Actual Hourly Integrated Load,SYS_FCST_ACT_MW,3.8,2012,ACTUAL,56
2019-12-04T18:00:00-00:00,2019-12-04T19:00:00-00:00,0,2019-12-04,11,0,ACTUAL,IPCO,Total Actual Hourly Integrated Load,SYS_FCST_ACT_MW,3.8,1972,ACTUAL,56
2019-12-05T00:00:00-00:00,2019-12-05T01:00:00-00:00,0,2019-12-04,17,0,ACTUAL,IPCO,Total Actual Hourly Integrated Load,SYS_FCST_ACT_MW,3.8,2101,ACTUAL,56
2019-12-05T01:00:00-00:00,2019-12-05T02:00:00-00:00,0,2019-12-04,18,0,ACTUAL,IPCO,Total Actual Hourly Integrated Load,SYS_FCST_ACT_MW,3.8,2136,ACTUAL,56
2019-12-05T05:00:00-00:00,2019-12-05T06:00:00-00:00,0,2019-12-04,22,0,ACTUAL,IPCO,Total Actual Hourly Integrated Load,SYS_FCST_ACT_MW,3.8,1892,ACTUAL,56
2019-12-05T07:00:00-00:00,2019-12-05T08:00:00-00:00,0,2019-12-04,24,0,ACTUAL,IPCO,Total Actual Hourly Integrated Load,SYS_FCST_ACT_MW,3.8,1712,ACTUAL,56
2019-12-05T06:00:00-00:00,2019-12-05T07:00:00-00:00,0,2019-12-04,23,0,ACTUAL,IPCO,Total Actual Hourly Integrated Load,SYS_FCST_ACT_MW,3.8,1783,ACTUAL,56
2019-12-04T13:00:00-00:00,2019-12-04T14:00:00-00:00,0,2019-12-04,6,0,ACTUAL,IPCO,Total Actual Hourly Integrated Load,SYS_FCST_ACT_MW,3.8,1986,ACTUAL,56
2019-12-04T15:00:00-00:00,2019-12-04T16:00:00-00:00,0,2019-12-04,8,0,ACTUAL,IPCO,Total Actual Hourly Integrated Load,SYS_FCST_ACT_MW,3.8,2109,ACTUAL,56
2019-12-04T17:00:00-00:00,2019-12-04T18:00:00-00:00,0,2019-12-04,10,0,ACTUAL,IPCO,Total Actual Hourly Integrated Load,SYS_FCST_ACT_MW,3.8,2027,ACTUAL,56
2019-12-04T21:00:00-00:00,2019-12-04T22:00:00-00:00,0,2019-12-04,14,0,ACTUAL,IPCO,Total Actual Hourly Integrated Load,SYS_FCST_ACT_MW,3.8,1860,ACTUAL,56
2019-12-04T10:00:00-00:00,2019-12-04T11:00:00-00:00,0,2019-12-04,3,0,ACTUAL,IPCO,Total Actual Hourly Integrated Load,SYS_FCST_ACT_MW,3.8,1648,ACTUAL,56
2019-12-04T12:00:00-00:00,2019-12-04T13:00:00-00:00,0,2019-12-04,5,0,ACTUAL,IPCO,Total Actual Hourly Integrated Load,SYS_FCST_ACT_MW,3.8,1805,ACTUAL,56
2019-12-04T19:00:00-00:00,2019-12-04T20:00:00-00:00,0,2019-12-04,12,0,ACTUAL,IPCO,Total Actual Hourly Integrated Load,SYS_FCST_ACT_MW,3.8,1912,ACTUAL,56
2019-12-05T03:00:00-00:00,2019-12-05T04:00:00-00:00,0,2019-12-04,20,0,ACTUAL,IPCO,Total Actual Hourly Integrated Load,SYS_FCST_ACT_MW,3.8,2085,ACTUAL,56
2019-12-04T09:00:00-00:00,2019-12-04T10:00:00-00:00,0,2019-12-04,2,0,ACTUAL,IPCO,Total Actual Hourly Integrated Load,SYS_FCST_ACT_MW,3.8,1633,ACTUAL,56
2019-12-04T11:00:00-00:00,2019-12-04T12:00:00-00:00,0,2019-12-04,4,0,ACTUAL,IPCO,Total Actual Hourly Integrated Load,SYS_FCST_ACT_MW,3.8,1694,ACTUAL,56
2019-12-04T14:00:00-00:00,2019-12-04T15:00:00-00:00,0,2019-12-04,7,0,ACTUAL,IPCO,Total Actual Hourly Integrated Load,SYS_FCST_ACT_MW,3.8,2118,ACTUAL,56
2019-12-04T16:00:00-00:00,2019-12-04T17:00:00-00:00,0,2019-12-04,9,0,ACTUAL,IPCO,Total Actual Hourly Integrated Load,SYS_FCST_ACT_MW,3.8,2068,ACTUAL,56
2019-12-04T20:00:00-00:00,2019-12-04T21:00:00-00:00,0,2019-12-04,13,0,ACTUAL,IPCO,Total Actual Hourly Integrated Load,SYS_FCST_ACT_MW,3.8,1873,ACTUAL,56
2019-12-05T02:00:00-00:00,2019-12-05T03:00:00-00:00,0,2019-12-04,19,0,ACTUAL,MWD-TAC,Total Actual Hourly Integrated Load,SYS_FCST_ACT_MW,3.3,50,ACTUAL,57
2019-12-04T08:00:00-00:00,2019-12-04T09:00:00-00:00,0,2019-12-04,1,0,ACTUAL,MWD-TAC,Total Actual Hourly Integrated Load,SYS_FCST_ACT_MW,3.3,35,ACTUAL,57
2019-12-04T20:00:00-00:00,2019-12-04T21:00:00-00:00,0,2019-12-04,13,0,ACTUAL,MWD-TAC,Total Actual Hourly Integrated Load,SYS_FCST_ACT_MW,3.3,60,ACTUAL,57
2019-12-05T00:00:00-00:00,2019-12-05T01:00:00-00:00,0,2019-12-04,17,0,ACTUAL,MWD-TAC,Total Actual Hourly Integrated Load,SYS_FCST_ACT_MW,3.3,50,ACTUAL,57
2019-12-05T01:00:00-00:00,2019-12-05T02:00:00-00:00,0,2019-12-04,18,0,ACTUAL,MWD-TAC,Total Actual Hourly Integrated Load,SYS_FCST_ACT_MW,3.3,50,ACTUAL,57
2019-12-05T03:00:00-00:00,2019-12-05T04:00:00-00:00,0,2019-12-04,20,0,ACTUAL,MWD-TAC,Total Actual Hourly Integrated Load,SYS_FCST_ACT_MW,3.3,54,ACTUAL,57
2019-12-04T10:00:00-00:00,2019-12-04T11:00:00-00:00,0,2019-12-04,3,0,ACTUAL,MWD-TAC,Total Actual Hourly Integrated Load,SYS_FCST_ACT_MW,3.3,36,ACTUAL,57
2019-12-04T12:00:00-00:00,2019-12-04T13:00:00-00:00,0,2019-12-04,5,0,ACTUAL,MWD-TAC,Total Actual Hourly Integrated Load,SYS_FCST_ACT_MW,3.3,36,ACTUAL,57
2019-12-05T07:00:00-00:00,2019-12-05T08:00:00-00:00,0,2019-12-04,24,0,ACTUAL,MWD-TAC,Total Actual Hourly Integrated Load,SYS_FCST_ACT_MW,3.3,55,ACTUAL,57
2019-12-04T14:00:00-00:00,2019-12-04T15:00:00-00:00,0,2019-12-04,7,0,ACTUAL,MWD-TAC,Total Actual Hourly Integrated Load,SYS_FCST_ACT_MW,3.3,47,ACTUAL,57
2019-12-04T16:00:00-00:00,2019-12-04T17:00:00-00:00,0,2019-12-04,9,0,ACTUAL,MWD-TAC,Total Actual Hourly Integrated Load,SYS_FCST_ACT_MW,3.3,50,ACTUAL,57
2019-12-05T04:00:00-00:00,2019-12-05T05:00:00-00:00,0,2019-12-04,21,0,ACTUAL,MWD-TAC,Total Actual Hourly Integrated Load,SYS_FCST_ACT_MW,3.3,57,ACTUAL,57
2019-12-04T15:00:00-00:00,2019-12-04T16:00:00-00:00,0,2019-12-04,8,0,ACTUAL,MWD-TAC,Total Actual Hourly Integrated Load,SYS_FCST_ACT_MW,3.3,49,ACTUAL,57
2019-12-04T18:00:00-00:00,2019-12-04T19:00:00-00:00,0,2019-12-04,11,0,ACTUAL,MWD-TAC,Total Actual Hourly Integrated Load,SYS_FCST_ACT_MW,3.3,53,ACTUAL,57
2019-12-04T21:00:00-00:00,2019-12-04T22:00:00-00:00,0,2019-12-04,14,0,ACTUAL,MWD-TAC,Total Actual Hourly Integrated Load,SYS_FCST_ACT_MW,3.3,57,ACTUAL,57
2019-12-05T06:00:00-00:00,2019-12-05T07:00:00-00:00,0,2019-12-04,23,0,ACTUAL,MWD-TAC,Total Actual Hourly Integrated Load,SYS_FCST_ACT_MW,3.3,55,ACTUAL,57
2019-12-04T09:00:00-00:00,2019-12-04T10:00:00-00:00,0,2019-12-04,2,0,ACTUAL,MWD-TAC,Total Actual Hourly Integrated Load,SYS_FCST_ACT_MW,3.3,36,ACTUAL,57
2019-12-04T13:00:00-00:00,2019-12-04T14:00:00-00:00,0,2019-12-04,6,0,ACTUAL,MWD-TAC,Total Actual Hourly Integrated Load,SYS_FCST_ACT_MW,3.3,36,ACTUAL,57
2019-12-04T17:00:00-00:00,2019-12-04T18:00:00-00:00,0,2019-12-04,10,0,ACTUAL,MWD-TAC,Total Actual Hourly Integrated Load,SYS_FCST_ACT_MW,3.3,54,ACTUAL,57
2019-12-04T19:00:00-00:00,2019-12-04T20:00:00-00:00,0,2019-12-04,12,0,ACTUAL,MWD-TAC,Total Actual Hourly Integrated Load,SYS_FCST_ACT_MW,3.3,59,ACTUAL,57
2019-12-04T22:00:00-00:00,2019-12-04T23:00:00-00:00,0,2019-12-04,15,0,ACTUAL,MWD-TAC,Total Actual Hourly Integrated Load,SYS_FCST_ACT_MW,3.3,52,ACTUAL,57
2019-12-04T23:00:00-00:00,2019-12-05T00:00:00-00:00,0,2019-12-04,16,0,ACTUAL,MWD-TAC,Total Actual Hourly Integrated Load,SYS_FCST_ACT_MW,3.3,50,ACTUAL,57
2019-12-05T05:00:00-00:00,2019-12-05T06:00:00-00:00,0,2019-12-04,22,0,ACTUAL,MWD-TAC,Total Actual Hourly Integrated Load,SYS_FCST_ACT_MW,3.3,56,ACTUAL,57
2019-12-04T11:00:00-00:00,2019-12-04T12:00:00-00:00,0,2019-12-04,4,0,ACTUAL,MWD-TAC,Total Actual Hourly Integrated Load,SYS_FCST_ACT_MW,3.3,36,ACTUAL,57
2019-12-04T10:00:00-00:00,2019-12-04T11:00:00-00:00,0,2019-12-04,3,0,ACTUAL,NEVP,Total Actual Hourly Integrated Load,SYS_FCST_ACT_MW,3.8,3382,ACTUAL,58
2019-12-04T12:00:00-00:00,2019-12-04T13:00:00-00:00,0,2019-12-04,5,0,ACTUAL,NEVP,Total Actual Hourly Integrated Load,SYS_FCST_ACT_MW,3.8,3466,ACTUAL,58
2019-12-04T17:00:00-00:00,2019-12-04T18:00:00-00:00,0,2019-12-04,10,0,ACTUAL,NEVP,Total Actual Hourly Integrated Load,SYS_FCST_ACT_MW,3.8,3981,ACTUAL,58
2019-12-05T02:00:00-00:00,2019-12-05T03:00:00-00:00,0,2019-12-04,19,0,ACTUAL,NEVP,Total Actual Hourly Integrated Load,SYS_FCST_ACT_MW,3.8,4447,ACTUAL,58
2019-12-05T03:00:00-00:00,2019-12-05T04:00:00-00:00,0,2019-12-04,20,0,ACTUAL,NEVP,Total Actual Hourly Integrated Load,SYS_FCST_ACT_MW,3.8,4380,ACTUAL,58
2019-12-04T20:00:00-00:00,2019-12-04T21:00:00-00:00,0,2019-12-04,13,0,ACTUAL,NEVP,Total Actual Hourly Integrated Load,SYS_FCST_ACT_MW,3.8,4087,ACTUAL,58
2019-12-04T23:00:00-00:00,2019-12-05T00:00:00-00:00,0,2019-12-04,16,0,ACTUAL,NEVP,Total Actual Hourly Integrated Load,SYS_FCST_ACT_MW,3.8,4141,ACTUAL,58
2019-12-04T16:00:00-00:00,2019-12-04T17:00:00-00:00,0,2019-12-04,9,0,ACTUAL,NEVP,Total Actual Hourly Integrated Load,SYS_FCST_ACT_MW,3.8,3963,ACTUAL,58
2019-12-04T19:00:00-00:00,2019-12-04T20:00:00-00:00,0,2019-12-04,12,0,ACTUAL,NEVP,Total Actual Hourly Integrated Load,SYS_FCST_ACT_MW,3.8,4064,ACTUAL,58
2019-12-04T08:00:00-00:00,2019-12-04T09:00:00-00:00,0,2019-12-04,1,0,ACTUAL,NEVP,Total Actual Hourly Integrated Load,SYS_FCST_ACT_MW,3.8,3496,ACTUAL,58
2019-12-04T14:00:00-00:00,2019-12-04T15:00:00-00:00,0,2019-12-04,7,0,ACTUAL,NEVP,Total Actual Hourly Integrated Load,SYS_FCST_ACT_MW,3.8,3822,ACTUAL,58
2019-12-04T21:00:00-00:00,2019-12-04T22:00:00-00:00,0,2019-12-04,14,0,ACTUAL,NEVP,Total Actual Hourly Integrated Load,SYS_FCST_ACT_MW,3.8,4116,ACTUAL,58
2019-12-04T22:00:00-00:00,2019-12-04T23:00:00-00:00,0,2019-12-04,15,0,ACTUAL,NEVP,Total Actual Hourly Integrated Load,SYS_FCST_ACT_MW,3.8,4117,ACTUAL,58
2019-12-05T06:00:00-00:00,2019-12-05T07:00:00-00:00,0,2019-12-04,23,0,ACTUAL,NEVP,Total Actual Hourly Integrated Load,SYS_FCST_ACT_MW,3.8,3896,ACTUAL,58
2019-12-05T01:00:00-00:00,2019-12-05T02:00:00-00:00,0,2019-12-04,18,0,ACTUAL,NEVP,Total Actual Hourly Integrated Load,SYS_FCST_ACT_MW,3.8,4473,ACTUAL,58
2019-12-05T04:00:00-00:00,2019-12-05T05:00:00-00:00,0,2019-12-04,21,0,ACTUAL,NEVP,Total Actual Hourly Integrated Load,SYS_FCST_ACT_MW,3.8,4289,ACTUAL,58
2019-12-05T05:00:00-00:00,2019-12-05T06:00:00-00:00,0,2019-12-04,22,0,ACTUAL,NEVP,Total Actual Hourly Integrated Load,SYS_FCST_ACT_MW,3.8,4107,ACTUAL,58
2019-12-04T15:00:00-00:00,2019-12-04T16:00:00-00:00,0,2019-12-04,8,0,ACTUAL,NEVP,Total Actual Hourly Integrated Load,SYS_FCST_ACT_MW,3.8,3899,ACTUAL,58
2019-12-04T18:00:00-00:00,2019-12-04T19:00:00-00:00,0,2019-12-04,11,0,ACTUAL,NEVP,Total Actual Hourly Integrated Load,SYS_FCST_ACT_MW,3.8,4002,ACTUAL,58
2019-12-05T00:00:00-00:00,2019-12-05T01:00:00-00:00,0,2019-12-04,17,0,ACTUAL,NEVP,Total Actual Hourly Integrated Load,SYS_FCST_ACT_MW,3.8,4331,ACTUAL,58
2019-12-04T13:00:00-00:00,2019-12-04T14:00:00-00:00,0,2019-12-04,6,0,ACTUAL,NEVP,Total Actual Hourly Integrated Load,SYS_FCST_ACT_MW,3.8,3622,ACTUAL,58
2019-12-04T11:00:00-00:00,2019-12-04T12:00:00-00:00,0,2019-12-04,4,0,ACTUAL,NEVP,Total Actual Hourly Integrated Load,SYS_FCST_ACT_MW,3.8,3387,ACTUAL,58
2019-12-05T07:00:00-00:00,2019-12-05T08:00:00-00:00,0,2019-12-04,24,0,ACTUAL,NEVP,Total Actual Hourly Integrated Load,SYS_FCST_ACT_MW,3.8,3708,ACTUAL,58
2019-12-04T09:00:00-00:00,2019-12-04T10:00:00-00:00,0,2019-12-04,2,0,ACTUAL,NEVP,Total Actual Hourly Integrated Load,SYS_FCST_ACT_MW,3.8,3419,ACTUAL,58
2019-12-04T23:00:00-00:00,2019-12-05T00:00:00-00:00,0,2019-12-04,16,0,ACTUAL,PACE,Total Actual Hourly Integrated Load,SYS_FCST_ACT_MW,3.8,5677,ACTUAL,59
2019-12-04T14:00:00-00:00,2019-12-04T15:00:00-00:00,0,2019-12-04,7,0,ACTUAL,PACE,Total Actual Hourly Integrated Load,SYS_FCST_ACT_MW,3.8,5821,ACTUAL,59
2019-12-05T02:00:00-00:00,2019-12-05T03:00:00-00:00,0,2019-12-04,19,0,ACTUAL,PACE,Total Actual Hourly Integrated Load,SYS_FCST_ACT_MW,3.8,5936,ACTUAL,59
2019-12-04T17:00:00-00:00,2019-12-04T18:00:00-00:00,0,2019-12-04,10,0,ACTUAL,PACE,Total Actual Hourly Integrated Load,SYS_FCST_ACT_MW,3.8,5648,ACTUAL,59
2019-12-04T20:00:00-00:00,2019-12-04T21:00:00-00:00,0,2019-12-04,13,0,ACTUAL,PACE,Total Actual Hourly Integrated Load,SYS_FCST_ACT_MW,3.8,5442,ACTUAL,59
2019-12-04T19:00:00-00:00,2019-12-04T20:00:00-00:00,0,2019-12-04,12,0,ACTUAL,PACE,Total Actual Hourly Integrated Load,SYS_FCST_ACT_MW,3.8,5467,ACTUAL,59
2019-12-05T00:00:00-00:00,2019-12-05T01:00:00-00:00,0,2019-12-04,17,0,ACTUAL,PACE,Total Actual Hourly Integrated Load,SYS_FCST_ACT_MW,3.8,5995,ACTUAL,59
2019-12-04T21:00:00-00:00,2019-12-04T22:00:00-00:00,0,2019-12-04,14,0,ACTUAL,PACE,Total Actual Hourly Integrated Load,SYS_FCST_ACT_MW,3.8,5458,ACTUAL,59
2019-12-04T09:00:00-00:00,2019-12-04T10:00:00-00:00,0,2019-12-04,2,0,ACTUAL,PACE,Total Actual Hourly Integrated Load,SYS_FCST_ACT_MW,3.8,4841,ACTUAL,59
2019-12-04T18:00:00-00:00,2019-12-04T19:00:00-00:00,0,2019-12-04,11,0,ACTUAL,PACE,Total Actual Hourly Integrated Load,SYS_FCST_ACT_MW,3.8,5545,ACTUAL,59
2019-12-04T12:00:00-00:00,2019-12-04T13:00:00-00:00,0,2019-12-04,5,0,ACTUAL,PACE,Total Actual Hourly Integrated Load,SYS_FCST_ACT_MW,3.8,5159,ACTUAL,59
2019-12-04T08:00:00-00:00,2019-12-04T09:00:00-00:00,0,2019-12-04,1,0,ACTUAL,PACE,Total Actual Hourly Integrated Load,SYS_FCST_ACT_MW,3.8,4885,ACTUAL,59
2019-12-04T10:00:00-00:00,2019-12-04T11:00:00-00:00,0,2019-12-04,3,0,ACTUAL,PACE,Total Actual Hourly Integrated Load,SYS_FCST_ACT_MW,3.8,4851,ACTUAL,59
2019-12-05T06:00:00-00:00,2019-12-05T07:00:00-00:00,0,2019-12-04,23,0,ACTUAL,PACE,Total Actual Hourly Integrated Load,SYS_FCST_ACT_MW,3.8,5109,ACTUAL,59
2019-12-04T22:00:00-00:00,2019-12-04T23:00:00-00:00,0,2019-12-04,15,0,ACTUAL,PACE,Total Actual Hourly Integrated Load,SYS_FCST_ACT_MW,3.8,5503,ACTUAL,59
2019-12-05T03:00:00-00:00,2019-12-05T04:00:00-00:00,0,2019-12-04,20,0,ACTUAL,PACE,Total Actual Hourly Integrated Load,SYS_FCST_ACT_MW,3.8,5859,ACTUAL,59
2019-12-04T15:00:00-00:00,2019-12-04T16:00:00-00:00,0,2019-12-04,8,0,ACTUAL,PACE,Total Actual Hourly Integrated Load,SYS_FCST_ACT_MW,3.8,5822,ACTUAL,59
2019-12-05T01:00:00-00:00,2019-12-05T02:00:00-00:00,0,2019-12-04,18,0,ACTUAL,PACE,Total Actual Hourly Integrated Load,SYS_FCST_ACT_MW,3.8,5997,ACTUAL,59
2019-12-04T13:00:00-00:00,2019-12-04T14:00:00-00:00,0,2019-12-04,6,0,ACTUAL,PACE,Total Actual Hourly Integrated Load,SYS_FCST_ACT_MW,3.8,5523,ACTUAL,59
2019-12-04T11:00:00-00:00,2019-12-04T12:00:00-00:00,0,2019-12-04,4,0,ACTUAL,PACE,Total Actual Hourly Integrated Load,SYS_FCST_ACT_MW,3.8,4936,ACTUAL,59
2019-12-05T05:00:00-00:00,2019-12-05T06:00:00-00:00,0,2019-12-04,22,0,ACTUAL,PACE,Total Actual Hourly Integrated Load,SYS_FCST_ACT_MW,3.8,5408,ACTUAL,59
2019-12-05T07:00:00-00:00,2019-12-05T08:00:00-00:00,0,2019-12-04,24,0,ACTUAL,PACE,Total Actual Hourly Integrated Load,SYS_FCST_ACT_MW,3.8,4923,ACTUAL,59
2019-12-04T16:00:00-00:00,2019-12-04T17:00:00-00:00,0,2019-12-04,9,0,ACTUAL,PACE,Total Actual Hourly Integrated Load,SYS_FCST_ACT_MW,3.8,5734,ACTUAL,59
2019-12-05T04:00:00-00:00,2019-12-05T05:00:00-00:00,0,2019-12-04,21,0,ACTUAL,PACE,Total Actual Hourly Integrated Load,SYS_FCST_ACT_MW,3.8,5693,ACTUAL,59
2019-12-05T05:00:00-00:00,2019-12-05T06:00:00-00:00,0,2019-12-04,22,0,ACTUAL,PACW,Total Actual Hourly Integrated Load,SYS_FCST_ACT_MW,3.8,2795,ACTUAL,60
2019-12-05T00:00:00-00:00,2019-12-05T01:00:00-00:00,0,2019-12-04,17,0,ACTUAL,PACW,Total Actual Hourly Integrated Load,SYS_FCST_ACT_MW,3.8,2992,ACTUAL,60
2019-12-05T07:00:00-00:00,2019-12-05T08:00:00-00:00,0,2019-12-04,24,0,ACTUAL,PACW,Total Actual Hourly Integrated Load,SYS_FCST_ACT_MW,3.8,2440,ACTUAL,60
2019-12-04T20:00:00-00:00,2019-12-04T21:00:00-00:00,0,2019-12-04,13,0,ACTUAL,PACW,Total Actual Hourly Integrated Load,SYS_FCST_ACT_MW,3.8,2885,ACTUAL,60
2019-12-04T11:00:00-00:00,2019-12-04T12:00:00-00:00,0,2019-12-04,4,0,ACTUAL,PACW,Total Actual Hourly Integrated Load,SYS_FCST_ACT_MW,3.8,2343,ACTUAL,60
2019-12-04T21:00:00-00:00,2019-12-04T22:00:00-00:00,0,2019-12-04,14,0,ACTUAL,PACW,Total Actual Hourly Integrated Load,SYS_FCST_ACT_MW,3.8,2818,ACTUAL,60
2019-12-04T16:00:00-00:00,2019-12-04T17:00:00-00:00,0,2019-12-04,9,0,ACTUAL,PACW,Total Actual Hourly Integrated Load,SYS_FCST_ACT_MW,3.8,3216,ACTUAL,60
2019-12-04T10:00:00-00:00,2019-12-04T11:00:00-00:00,0,2019-12-04,3,0,ACTUAL,PACW,Total Actual Hourly Integrated Load,SYS_FCST_ACT_MW,3.8,2304,ACTUAL,60
2019-12-04T08:00:00-00:00,2019-12-04T09:00:00-00:00,0,2019-12-04,1,0,ACTUAL,PACW,Total Actual Hourly Integrated Load,SYS_FCST_ACT_MW,3.8,2331,ACTUAL,60
2019-12-05T02:00:00-00:00,2019-12-05T03:00:00-00:00,0,2019-12-04,19,0,ACTUAL,PACW,Total Actual Hourly Integrated Load,SYS_FCST_ACT_MW,3.8,3091,ACTUAL,60
2019-12-04T19:00:00-00:00,2019-12-04T20:00:00-00:00,0,2019-12-04,12,0,ACTUAL,PACW,Total Actual Hourly Integrated Load,SYS_FCST_ACT_MW,3.8,2958,ACTUAL,60
2019-12-04T12:00:00-00:00,2019-12-04T13:00:00-00:00,0,2019-12-04,5,0,ACTUAL,PACW,Total Actual Hourly Integrated Load,SYS_FCST_ACT_MW,3.8,2454,ACTUAL,60
2019-12-05T04:00:00-00:00,2019-12-05T05:00:00-00:00,0,2019-12-04,21,0,ACTUAL,PACW,Total Actual Hourly Integrated Load,SYS_FCST_ACT_MW,3.8,2949,ACTUAL,60
2019-12-04T09:00:00-00:00,2019-12-04T10:00:00-00:00,0,2019-12-04,2,0,ACTUAL,PACW,Total Actual Hourly Integrated Load,SYS_FCST_ACT_MW,3.8,2293,ACTUAL,60
2019-12-04T15:00:00-00:00,2019-12-04T16:00:00-00:00,0,2019-12-04,8,0,ACTUAL,PACW,Total Actual Hourly Integrated Load,SYS_FCST_ACT_MW,3.8,3248,ACTUAL,60
2019-12-04T14:00:00-00:00,2019-12-04T15:00:00-00:00,0,2019-12-04,7,0,ACTUAL,PACW,Total Actual Hourly Integrated Load,SYS_FCST_ACT_MW,3.8,3084,ACTUAL,60
2019-12-04T22:00:00-00:00,2019-12-04T23:00:00-00:00,0,2019-12-04,15,0,ACTUAL,PACW,Total Actual Hourly Integrated Load,SYS_FCST_ACT_MW,3.8,2809,ACTUAL,60
2019-12-04T17:00:00-00:00,2019-12-04T18:00:00-00:00,0,2019-12-04,10,0,ACTUAL,PACW,Total Actual Hourly Integrated Load,SYS_FCST_ACT_MW,3.8,3140,ACTUAL,60
2019-12-04T13:00:00-00:00,2019-12-04T14:00:00-00:00,0,2019-12-04,6,0,ACTUAL,PACW,Total Actual Hourly Integrated Load,SYS_FCST_ACT_MW,3.8,2721,ACTUAL,60
2019-12-05T03:00:00-00:00,2019-12-05T04:00:00-00:00,0,2019-12-04,20,0,ACTUAL,PACW,Total Actual Hourly Integrated Load,SYS_FCST_ACT_MW,3.8,3034,ACTUAL,60
2019-12-05T01:00:00-00:00,2019-12-05T02:00:00-00:00,0,2019-12-04,18,0,ACTUAL,PACW,Total Actual Hourly Integrated Load,SYS_FCST_ACT_MW,3.8,3107,ACTUAL,60
2019-12-04T23:00:00-00:00,2019-12-05T00:00:00-00:00,0,2019-12-04,16,0,ACTUAL,PACW,Total Actual Hourly Integrated Load,SYS_FCST_ACT_MW,3.8,2846,ACTUAL,60
2019-12-05T06:00:00-00:00,2019-12-05T07:00:00-00:00,0,2019-12-04,23,0,ACTUAL,PACW,Total Actual Hourly Integrated Load,SYS_FCST_ACT_MW,3.8,2603,ACTUAL,60
2019-12-04T18:00:00-00:00,2019-12-04T19:00:00-00:00,0,2019-12-04,11,0,ACTUAL,PACW,Total Actual Hourly Integrated Load,SYS_FCST_ACT_MW,3.8,3059,ACTUAL,60
2019-12-04T18:00:00-00:00,2019-12-04T19:00:00-00:00,0,2019-12-04,11,0,ACTUAL,PGE,Total Actual Hourly Integrated Load,SYS_FCST_ACT_MW,3.8,2831,ACTUAL,61
2019-12-05T04:00:00-00:00,2019-12-05T05:00:00-00:00,0,2019-12-04,21,0,ACTUAL,PGE,Total Actual Hourly Integrated Load,SYS_FCST_ACT_MW,3.8,2863,ACTUAL,61
2019-12-04T08:00:00-00:00,2019-12-04T09:00:00-00:00,0,2019-12-04,1,0,ACTUAL,PGE,Total Actual Hourly Integrated Load,SYS_FCST_ACT_MW,3.8,2162,ACTUAL,61
2019-12-04T11:00:00-00:00,2019-12-04T12:00:00-00:00,0,2019-12-04,4,0,ACTUAL,PGE,Total Actual Hourly Integrated Load,SYS_FCST_ACT_MW,3.8,2108,ACTUAL,61
2019-12-04T10:00:00-00:00,2019-12-04T11:00:00-00:00,0,2019-12-04,3,0,ACTUAL,PGE,Total Actual Hourly Integrated Load,SYS_FCST_ACT_MW,3.8,2069,ACTUAL,61
2019-12-04T20:00:00-00:00,2019-12-04T21:00:00-00:00,0,2019-12-04,13,0,ACTUAL,PGE,Total Actual Hourly Integrated Load,SYS_FCST_ACT_MW,3.8,2726,ACTUAL,61
2019-12-04T23:00:00-00:00,2019-12-05T00:00:00-00:00,0,2019-12-04,16,0,ACTUAL,PGE,Total Actual Hourly Integrated Load,SYS_FCST_ACT_MW,3.8,2730,ACTUAL,61
2019-12-05T01:00:00-00:00,2019-12-05T02:00:00-00:00,0,2019-12-04,18,0,ACTUAL,PGE,Total Actual Hourly Integrated Load,SYS_FCST_ACT_MW,3.8,3015,ACTUAL,61
2019-12-05T02:00:00-00:00,2019-12-05T03:00:00-00:00,0,2019-12-04,19,0,ACTUAL,PGE,Total Actual Hourly Integrated Load,SYS_FCST_ACT_MW,3.8,3003,ACTUAL,61
2019-12-05T06:00:00-00:00,2019-12-05T07:00:00-00:00,0,2019-12-04,23,0,ACTUAL,PGE,Total Actual Hourly Integrated Load,SYS_FCST_ACT_MW,3.8,2484,ACTUAL,61
2019-12-04T15:00:00-00:00,2019-12-04T16:00:00-00:00,0,2019-12-04,8,0,ACTUAL,PGE,Total Actual Hourly Integrated Load,SYS_FCST_ACT_MW,3.8,2997,ACTUAL,61
2019-12-04T17:00:00-00:00,2019-12-04T18:00:00-00:00,0,2019-12-04,10,0,ACTUAL,PGE,Total Actual Hourly Integrated Load,SYS_FCST_ACT_MW,3.8,2904,ACTUAL,61
2019-12-04T22:00:00-00:00,2019-12-04T23:00:00-00:00,0,2019-12-04,15,0,ACTUAL,PGE,Total Actual Hourly Integrated Load,SYS_FCST_ACT_MW,3.8,2682,ACTUAL,61
2019-12-04T19:00:00-00:00,2019-12-04T20:00:00-00:00,0,2019-12-04,12,0,ACTUAL,PGE,Total Actual Hourly Integrated Load,SYS_FCST_ACT_MW,3.8,2776,ACTUAL,61
2019-12-05T05:00:00-00:00,2019-12-05T06:00:00-00:00,0,2019-12-04,22,0,ACTUAL,PGE,Total Actual Hourly Integrated Load,SYS_FCST_ACT_MW,3.8,2705,ACTUAL,61
2019-12-04T14:00:00-00:00,2019-12-04T15:00:00-00:00,0,2019-12-04,7,0,ACTUAL,PGE,Total Actual Hourly Integrated Load,SYS_FCST_ACT_MW,3.8,2809,ACTUAL,61
2019-12-04T21:00:00-00:00,2019-12-04T22:00:00-00:00,0,2019-12-04,14,0,ACTUAL,PGE,Total Actual Hourly Integrated Load,SYS_FCST_ACT_MW,3.8,2680,ACTUAL,61
2019-12-05T07:00:00-00:00,2019-12-05T08:00:00-00:00,0,2019-12-04,24,0,ACTUAL,PGE,Total Actual Hourly Integrated Load,SYS_FCST_ACT_MW,3.8,2285,ACTUAL,61
2019-12-04T12:00:00-00:00,2019-12-04T13:00:00-00:00,0,2019-12-04,5,0,ACTUAL,PGE,Total Actual Hourly Integrated Load,SYS_FCST_ACT_MW,3.8,2218,ACTUAL,61
2019-12-04T16:00:00-00:00,2019-12-04T17:00:00-00:00,0,2019-12-04,9,0,ACTUAL,PGE,Total Actual Hourly Integrated Load,SYS_FCST_ACT_MW,3.8,2967,ACTUAL,61
2019-12-05T00:00:00-00:00,2019-12-05T01:00:00-00:00,0,2019-12-04,17,0,ACTUAL,PGE,Total Actual Hourly Integrated Load,SYS_FCST_ACT_MW,3.8,2880,ACTUAL,61
2019-12-04T09:00:00-00:00,2019-12-04T10:00:00-00:00,0,2019-12-04,2,0,ACTUAL,PGE,Total Actual Hourly Integrated Load,SYS_FCST_ACT_MW,3.8,2093,ACTUAL,61
2019-12-05T03:00:00-00:00,2019-12-05T04:00:00-00:00,0,2019-12-04,20,0,ACTUAL,PGE,Total Actual Hourly Integrated Load,SYS_FCST_ACT_MW,3.8,2952,ACTUAL,61
2019-12-04T13:00:00-00:00,2019-12-04T14:00:00-00:00,0,2019-12-04,6,0,ACTUAL,PGE,Total Actual Hourly Integrated Load,SYS_FCST_ACT_MW,3.8,2477,ACTUAL,61
2019-12-04T11:00:00-00:00,2019-12-04T12:00:00-00:00,0,2019-12-04,4,0,ACTUAL,PGE-TAC,Total Actual Hourly Integrated Load,SYS_FCST_ACT_MW,3.1,9120,ACTUAL,62
2019-12-04T17:00:00-00:00,2019-12-04T18:00:00-00:00,0,2019-12-04,10,0,ACTUAL,PGE-TAC,Total Actual Hourly Integrated Load,SYS_FCST_ACT_MW,3.1,12231,ACTUAL,62
2019-12-04T18:00:00-00:00,2019-12-04T19:00:00-00:00,0,2019-12-04,11,0,ACTUAL,PGE-TAC,Total Actual Hourly Integrated Load,SYS_FCST_ACT_MW,3.1,12161,ACTUAL,62
2019-12-04T23:00:00-00:00,2019-12-05T00:00:00-00:00,0,2019-12-04,16,0,ACTUAL,PGE-TAC,Total Actual Hourly Integrated Load,SYS_FCST_ACT_MW,3.1,11986,ACTUAL,62
2019-12-05T00:00:00-00:00,2019-12-05T01:00:00-00:00,0,2019-12-04,17,0,ACTUAL,PGE-TAC,Total Actual Hourly Integrated Load,SYS_FCST_ACT_MW,3.1,12363,ACTUAL,62
2019-12-05T02:00:00-00:00,2019-12-05T03:00:00-00:00,0,2019-12-04,19,0,ACTUAL,PGE-TAC,Total Actual Hourly Integrated Load,SYS_FCST_ACT_MW,3.1,13089,ACTUAL,62
2019-12-04T09:00:00-00:00,2019-12-04T10:00:00-00:00,0,2019-12-04,2,0,ACTUAL,PGE-TAC,Total Actual Hourly Integrated Load,SYS_FCST_ACT_MW,3.1,9360,ACTUAL,62
2019-12-05T05:00:00-00:00,2019-12-05T06:00:00-00:00,0,2019-12-04,22,0,ACTUAL,PGE-TAC,Total Actual Hourly Integrated Load,SYS_FCST_ACT_MW,3.1,11780,ACTUAL,62
2019-12-04T08:00:00-00:00,2019-12-04T09:00:00-00:00,0,2019-12-04,1,0,ACTUAL,PGE-TAC,Total Actual Hourly Integrated Load,SYS_FCST_ACT_MW,3.1,9698,ACTUAL,62
2019-12-04T10:00:00-00:00,2019-12-04T11:00:00-00:00,0,2019-12-04,3,0,ACTUAL,PGE-TAC,Total Actual Hourly Integrated Load,SYS_FCST_ACT_MW,3.1,9143,ACTUAL,62
2019-12-04T13:00:00-00:00,2019-12-04T14:00:00-00:00,0,2019-12-04,6,0,ACTUAL,PGE-TAC,Total Actual Hourly Integrated Load,SYS_FCST_ACT_MW,3.1,10064,ACTUAL,62
2019-12-04T14:00:00-00:00,2019-12-04T15:00:00-00:00,0,2019-12-04,7,0,ACTUAL,PGE-TAC,Total Actual Hourly Integrated Load,SYS_FCST_ACT_MW,3.1,11172,ACTUAL,62
2019-12-04T19:00:00-00:00,2019-12-04T20:00:00-00:00,0,2019-12-04,12,0,ACTUAL,PGE-TAC,Total Actual Hourly Integrated Load,SYS_FCST_ACT_MW,3.1,11936,ACTUAL,62
2019-12-04T21:00:00-00:00,2019-12-04T22:00:00-00:00,0,2019-12-04,14,0,ACTUAL,PGE-TAC,Total Actual Hourly Integrated Load,SYS_FCST_ACT_MW,3.1,11770,ACTUAL,62
2019-12-05T03:00:00-00:00,2019-12-05T04:00:00-00:00,0,2019-12-04,20,0,ACTUAL,PGE-TAC,Total Actual Hourly Integrated Load,SYS_FCST_ACT_MW,3.1,12827,ACTUAL,62
2019-12-05T07:00:00-00:00,2019-12-05T08:00:00-00:00,0,2019-12-04,24,0,ACTUAL,PGE-TAC,Total Actual Hourly Integrated Load,SYS_FCST_ACT_MW,3.1,10015,ACTUAL,62
2019-12-05T06:00:00-00:00,2019-12-05T07:00:00-00:00,0,2019-12-04,23,0,ACTUAL,PGE-TAC,Total Actual Hourly Integrated Load,SYS_FCST_ACT_MW,3.1,10841,ACTUAL,62
2019-12-04T12:00:00-00:00,2019-12-04T13:00:00-00:00,0,2019-12-04,5,0,ACTUAL,PGE-TAC,Total Actual Hourly Integrated Load,SYS_FCST_ACT_MW,3.1,9368,ACTUAL,62
2019-12-04T15:00:00-00:00,2019-12-04T16:00:00-00:00,0,2019-12-04,8,0,ACTUAL,PGE-TAC,Total Actual Hourly Integrated Load,SYS_FCST_ACT_MW,3.1,12010,ACTUAL,62
2019-12-04T20:00:00-00:00,2019-12-04T21:00:00-00:00,0,2019-12-04,13,0,ACTUAL,PGE-TAC,Total Actual Hourly Integrated Load,SYS_FCST_ACT_MW,3.1,11705,ACTUAL,62
2019-12-05T01:00:00-00:00,2019-12-05T02:00:00-00:00,0,2019-12-04,18,0,ACTUAL,PGE-TAC,Total Actual Hourly Integrated Load,SYS_FCST_ACT_MW,3.1,13068,ACTUAL,62
2019-12-05T04:00:00-00:00,2019-12-05T05:00:00-00:00,0,2019-12-04,21,0,ACTUAL,PGE-TAC,Total Actual Hourly Integrated Load,SYS_FCST_ACT_MW,3.1,12444,ACTUAL,62
2019-12-04T16:00:00-00:00,2019-12-04T17:00:00-00:00,0,2019-12-04,9,0,ACTUAL,PGE-TAC,Total Actual Hourly Integrated Load,SYS_FCST_ACT_MW,3.1,12229,ACTUAL,62
2019-12-04T22:00:00-00:00,2019-12-04T23:00:00-00:00,0,2019-12-04,15,0,ACTUAL,PGE-TAC,Total Actual Hourly Integrated Load,SYS_FCST_ACT_MW,3.1,11785,ACTUAL,62
2019-12-04T19:00:00-00:00,2019-12-04T20:00:00-00:00,0,2019-12-04,12,0,ACTUAL,PSEI,Total Actual Hourly Integrated Load,SYS_FCST_ACT_MW,3.8,3211,ACTUAL,63
2019-12-04T10:00:00-00:00,2019-12-04T11:00:00-00:00,0,2019-12-04,3,0,ACTUAL,PSEI,Total Actual Hourly Integrated Load,SYS_FCST_ACT_MW,3.8,2294,ACTUAL,63
2019-12-04T15:00:00-00:00,2019-12-04T16:00:00-00:00,0,2019-12-04,8,0,ACTUAL,PSEI,Total Actual Hourly Integrated Load,SYS_FCST_ACT_MW,3.8,3332,ACTUAL,63
2019-12-04T18:00:00-00:00,2019-12-04T19:00:00-00:00,0,2019-12-04,11,0,ACTUAL,PSEI,Total Actual Hourly Integrated Load,SYS_FCST_ACT_MW,3.8,3242,ACTUAL,63
2019-12-05T05:00:00-00:00,2019-12-05T06:00:00-00:00,0,2019-12-04,22,0,ACTUAL,PSEI,Total Actual Hourly Integrated Load,SYS_FCST_ACT_MW,3.8,3166,ACTUAL,63
2019-12-04T09:00:00-00:00,2019-12-04T10:00:00-00:00,0,2019-12-04,2,0,ACTUAL,PSEI,Total Actual Hourly Integrated Load,SYS_FCST_ACT_MW,3.8,2328,ACTUAL,63
2019-12-04T14:00:00-00:00,2019-12-04T15:00:00-00:00,0,2019-12-04,7,0,ACTUAL,PSEI,Total Actual Hourly Integrated Load,SYS_FCST_ACT_MW,3.8,3126,ACTUAL,63
2019-12-04T12:00:00-00:00,2019-12-04T13:00:00-00:00,0,2019-12-04,5,0,ACTUAL,PSEI,Total Actual Hourly Integrated Load,SYS_FCST_ACT_MW,3.8,2476,ACTUAL,63
2019-12-04T17:00:00-00:00,2019-12-04T18:00:00-00:00,0,2019-12-04,10,0,ACTUAL,PSEI,Total Actual Hourly Integrated Load,SYS_FCST_ACT_MW,3.8,3268,ACTUAL,63
2019-12-05T00:00:00-00:00,2019-12-05T01:00:00-00:00,0,2019-12-04,17,0,ACTUAL,PSEI,Total Actual Hourly Integrated Load,SYS_FCST_ACT_MW,3.8,3479,ACTUAL,63
2019-12-05T02:00:00-00:00,2019-12-05T03:00:00-00:00,0,2019-12-04,19,0,ACTUAL,PSEI,Total Actual Hourly Integrated Load,SYS_FCST_ACT_MW,3.8,3581,ACTUAL,63
2019-12-04T21:00:00-00:00,2019-12-04T22:00:00-00:00,0,2019-12-04,14,0,ACTUAL,PSEI,Total Actual Hourly Integrated Load,SYS_FCST_ACT_MW,3.8,3201,ACTUAL,63
2019-12-04T22:00:00-00:00,2019-12-04T23:00:00-00:00,0,2019-12-04,15,0,ACTUAL,PSEI,Total Actual Hourly Integrated Load,SYS_FCST_ACT_MW,3.8,3208,ACTUAL,63
2019-12-05T07:00:00-00:00,2019-12-05T08:00:00-00:00,0,2019-12-04,24,0,ACTUAL,PSEI,Total Actual Hourly Integrated Load,SYS_FCST_ACT_MW,3.8,2607,ACTUAL,63
2019-12-04T20:00:00-00:00,2019-12-04T21:00:00-00:00,0,2019-12-04,13,0,ACTUAL,PSEI,Total Actual Hourly Integrated Load,SYS_FCST_ACT_MW,3.8,3208,ACTUAL,63
2019-12-05T03:00:00-00:00,2019-12-05T04:00:00-00:00,0,2019-12-04,20,0,ACTUAL,PSEI,Total Actual Hourly Integrated Load,SYS_FCST_ACT_MW,3.8,3499,ACTUAL,63
2019-12-05T06:00:00-00:00,2019-12-05T07:00:00-00:00,0,2019-12-04,23,0,ACTUAL,PSEI,Total Actual Hourly Integrated Load,SYS_FCST_ACT_MW,3.8,2869,ACTUAL,63
2019-12-04T16:00:00-00:00,2019-12-04T17:00:00-00:00,0,2019-12-04,9,0,ACTUAL,PSEI,Total Actual Hourly Integrated Load,SYS_FCST_ACT_MW,3.8,3311,ACTUAL,63
2019-12-04T23:00:00-00:00,2019-12-05T00:00:00-00:00,0,2019-12-04,16,0,ACTUAL,PSEI,Total Actual Hourly Integrated Load,SYS_FCST_ACT_MW,3.8,3281,ACTUAL,63
2019-12-05T04:00:00-00:00,2019-12-05T05:00:00-00:00,0,2019-12-04,21,0,ACTUAL,PSEI,Total Actual Hourly Integrated Load,SYS_FCST_ACT_MW,3.8,3379,ACTUAL,63
2019-12-04T08:00:00-00:00,2019-12-04T09:00:00-00:00,0,2019-12-04,1,0,ACTUAL,PSEI,Total Actual Hourly Integrated Load,SYS_FCST_ACT_MW,3.8,2410,ACTUAL,63
2019-12-04T11:00:00-00:00,2019-12-04T12:00:00-00:00,0,2019-12-04,4,0,ACTUAL,PSEI,Total Actual Hourly Integrated Load,SYS_FCST_ACT_MW,3.8,2329,ACTUAL,63
2019-12-05T01:00:00-00:00,2019-12-05T02:00:00-00:00,0,2019-12-04,18,0,ACTUAL,PSEI,Total Actual Hourly Integrated Load,SYS_FCST_ACT_MW,3.8,3604,ACTUAL,63
2019-12-04T13:00:00-00:00,2019-12-04T14:00:00-00:00,0,2019-12-04,6,0,ACTUAL,PSEI,Total Actual Hourly Integrated Load,SYS_FCST_ACT_MW,3.8,2767,ACTUAL,63
2019-12-05T00:00:00-00:00,2019-12-05T01:00:00-00:00,0,2019-12-04,17,0,ACTUAL,SCE-TAC,Total Actual Hourly Integrated Load,SYS_FCST_ACT_MW,3.2,12523,ACTUAL,64
2019-12-04T20:00:00-00:00,2019-12-04T21:00:00-00:00,0,2019-12-04,13,0,ACTUAL,SCE-TAC,Total Actual Hourly Integrated Load,SYS_FCST_ACT_MW,3.2,12331,ACTUAL,64
2019-12-04T11:00:00-00:00,2019-12-04T12:00:00-00:00,0,2019-12-04,4,0,ACTUAL,SCE-TAC,Total Actual Hourly Integrated Load,SYS_FCST_ACT_MW,3.2,9098,ACTUAL,64
2019-12-05T02:00:00-00:00,2019-12-05T03:00:00-00:00,0,2019-12-04,19,0,ACTUAL,SCE-TAC,Total Actual Hourly Integrated Load,SYS_FCST_ACT_MW,3.2,13187,ACTUAL,64
2019-12-04T17:00:00-00:00,2019-12-04T18:00:00-00:00,0,2019-12-04,10,0,ACTUAL,SCE-TAC,Total Actual Hourly Integrated Load,SYS_FCST_ACT_MW,3.2,12514,ACTUAL,64
2019-12-04T14:00:00-00:00,2019-12-04T15:00:00-00:00,0,2019-12-04,7,0,ACTUAL,SCE-TAC,Total Actual Hourly Integrated Load,SYS_FCST_ACT_MW,3.2,11073,ACTUAL,64
2019-12-04T12:00:00-00:00,2019-12-04T13:00:00-00:00,0,2019-12-04,5,0,ACTUAL,SCE-TAC,Total Actual Hourly Integrated Load,SYS_FCST_ACT_MW,3.2,9359,ACTUAL,64
2019-12-05T06:00:00-00:00,2019-12-05T07:00:00-00:00,0,2019-12-04,23,0,ACTUAL,SCE-TAC,Total Actual Hourly Integrated Load,SYS_FCST_ACT_MW,3.2,11227,ACTUAL,64
2019-12-05T05:00:00-00:00,2019-12-05T06:00:00-00:00,0,2019-12-04,22,0,ACTUAL,SCE-TAC,Total Actual Hourly Integrated Load,SYS_FCST_ACT_MW,3.2,12047,ACTUAL,64
2019-12-04T22:00:00-00:00,2019-12-04T23:00:00-00:00,0,2019-12-04,15,0,ACTUAL,SCE-TAC,Total Actual Hourly Integrated Load,SYS_FCST_ACT_MW,3.2,12053,ACTUAL,64
2019-12-04T21:00:00-00:00,2019-12-04T22:00:00-00:00,0,2019-12-04,14,0,ACTUAL,SCE-TAC,Total Actual Hourly Integrated Load,SYS_FCST_ACT_MW,3.2,12100,ACTUAL,64
2019-12-04T08:00:00-00:00,2019-12-04T09:00:00-00:00,0,2019-12-04,1,0,ACTUAL,SCE-TAC,Total Actual Hourly Integrated Load,SYS_FCST_ACT_MW,3.2,9726,ACTUAL,64
2019-12-04T23:00:00-00:00,2019-12-05T00:00:00-00:00,0,2019-12-04,16,0,ACTUAL,SCE-TAC,Total Actual Hourly Integrated Load,SYS_FCST_ACT_MW,3.2,12039,ACTUAL,64
2019-12-04T16:00:00-00:00,2019-12-04T17:00:00-00:00,0,2019-12-04,9,0,ACTUAL,SCE-TAC,Total Actual Hourly Integrated Load,SYS_FCST_ACT_MW,3.2,12096,ACTUAL,64
2019-12-05T07:00:00-00:00,2019-12-05T08:00:00-00:00,0,2019-12-04,24,0,ACTUAL,SCE-TAC,Total Actual Hourly Integrated Load,SYS_FCST_ACT_MW,3.2,10413,ACTUAL,64
2019-12-05T04:00:00-00:00,2019-12-05T05:00:00-00:00,0,2019-12-04,21,0,ACTUAL,SCE-TAC,Total Actual Hourly Integrated Load,SYS_FCST_ACT_MW,3.2,12617,ACTUAL,64
2019-12-05T03:00:00-00:00,2019-12-05T04:00:00-00:00,0,2019-12-04,20,0,ACTUAL,SCE-TAC,Total Actual Hourly Integrated Load,SYS_FCST_ACT_MW,3.2,12962,ACTUAL,64
2019-12-04T10:00:00-00:00,2019-12-04T11:00:00-00:00,0,2019-12-04,3,0,ACTUAL,SCE-TAC,Total Actual Hourly Integrated Load,SYS_FCST_ACT_MW,3.2,9110,ACTUAL,64
2019-12-04T09:00:00-00:00,2019-12-04T10:00:00-00:00,0,2019-12-04,2,0,ACTUAL,SCE-TAC,Total Actual Hourly Integrated Load,SYS_FCST_ACT_MW,3.2,9361,ACTUAL,64
2019-12-05T01:00:00-00:00,2019-12-05T02:00:00-00:00,0,2019-12-04,18,0,ACTUAL,SCE-TAC,Total Actual Hourly Integrated Load,SYS_FCST_ACT_MW,3.2,13213,ACTUAL,64
2019-12-04T19:00:00-00:00,2019-12-04T20:00:00-00:00,0,2019-12-04,12,0,ACTUAL,SCE-TAC,Total Actual Hourly Integrated Load,SYS_FCST_ACT_MW,3.2,12678,ACTUAL,64
2019-12-04T18:00:00-00:00,2019-12-04T19:00:00-00:00,0,2019-12-04,11,0,ACTUAL,SCE-TAC,Total Actual Hourly Integrated Load,SYS_FCST_ACT_MW,3.2,12798,ACTUAL,64
2019-12-04T15:00:00-00:00,2019-12-04T16:00:00-00:00,0,2019-12-04,8,0,ACTUAL,SCE-TAC,Total Actual Hourly Integrated Load,SYS_FCST_ACT_MW,3.2,11649,ACTUAL,64
2019-12-04T13:00:00-00:00,2019-12-04T14:00:00-00:00,0,2019-12-04,6,0,ACTUAL,SCE-TAC,Total Actual Hourly Integrated Load,SYS_FCST_ACT_MW,3.2,10046,ACTUAL,64
2019-12-04T11:00:00-00:00,2019-12-04T12:00:00-00:00,0,2019-12-04,4,0,ACTUAL,SCL,Total Actual Hourly Integrated Load,SYS_FCST_ACT_MW,3.8,867,ACTUAL,65
2019-12-04T17:00:00-00:00,2019-12-04T18:00:00-00:00,0,2019-12-04,10,0,ACTUAL,SCL,Total Actual Hourly Integrated Load,SYS_FCST_ACT_MW,3.8,1281,ACTUAL,65
2019-12-04T21:00:00-00:00,2019-12-04T22:00:00-00:00,0,2019-12-04,14,0,ACTUAL,SCL,Total Actual Hourly Integrated Load,SYS_FCST_ACT_MW,3.8,1253,ACTUAL,65
2019-12-04T09:00:00-00:00,2019-12-04T10:00:00-00:00,0,2019-12-04,2,0,ACTUAL,SCL,Total Actual Hourly Integrated Load,SYS_FCST_ACT_MW,3.8,880,ACTUAL,65
2019-12-04T23:00:00-00:00,2019-12-05T00:00:00-00:00,0,2019-12-04,16,0,ACTUAL,SCL,Total Actual Hourly Integrated Load,SYS_FCST_ACT_MW,3.8,1268,ACTUAL,65
2019-12-05T04:00:00-00:00,2019-12-05T05:00:00-00:00,0,2019-12-04,21,0,ACTUAL,SCL,Total Actual Hourly Integrated Load,SYS_FCST_ACT_MW,3.8,1264,ACTUAL,65
2019-12-05T01:00:00-00:00,2019-12-05T02:00:00-00:00,0,2019-12-04,18,0,ACTUAL,SCL,Total Actual Hourly Integrated Load,SYS_FCST_ACT_MW,3.8,1355,ACTUAL,65
2019-12-04T18:00:00-00:00,2019-12-04T19:00:00-00:00,0,2019-12-04,11,0,ACTUAL,SCL,Total Actual Hourly Integrated Load,SYS_FCST_ACT_MW,3.8,1265,ACTUAL,65
2019-12-05T07:00:00-00:00,2019-12-05T08:00:00-00:00,0,2019-12-04,24,0,ACTUAL,SCL,Total Actual Hourly Integrated Load,SYS_FCST_ACT_MW,3.8,1000,ACTUAL,65
2019-12-05T03:00:00-00:00,2019-12-05T04:00:00-00:00,0,2019-12-04,20,0,ACTUAL,SCL,Total Actual Hourly Integrated Load,SYS_FCST_ACT_MW,3.8,1308,ACTUAL,65
2019-12-05T02:00:00-00:00,2019-12-05T03:00:00-00:00,0,2019-12-04,19,0,ACTUAL,SCL,Total Actual Hourly Integrated Load,SYS_FCST_ACT_MW,3.8,1341,ACTUAL,65
2019-12-04T19:00:00-00:00,2019-12-04T20:00:00-00:00,0,2019-12-04,12,0,ACTUAL,SCL,Total Actual Hourly Integrated Load,SYS_FCST_ACT_MW,3.8,1259,ACTUAL,65
2019-12-04T10:00:00-00:00,2019-12-04T11:00:00-00:00,0,2019-12-04,3,0,ACTUAL,SCL,Total Actual Hourly Integrated Load,SYS_FCST_ACT_MW,3.8,862,ACTUAL,65
2019-12-05T06:00:00-00:00,2019-12-05T07:00:00-00:00,0,2019-12-04,23,0,ACTUAL,SCL,Total Actual Hourly Integrated Load,SYS_FCST_ACT_MW,3.8,1097,ACTUAL,65
2019-12-04T15:00:00-00:00,2019-12-04T16:00:00-00:00,0,2019-12-04,8,0,ACTUAL,SCL,Total Actual Hourly Integrated Load,SYS_FCST_ACT_MW,3.8,1303,ACTUAL,65
2019-12-04T14:00:00-00:00,2019-12-04T15:00:00-00:00,0,2019-12-04,7,0,ACTUAL,SCL,Total Actual Hourly Integrated Load,SYS_FCST_ACT_MW,3.8,1193,ACTUAL,65
2019-12-04T13:00:00-00:00,2019-12-04T14:00:00-00:00,0,2019-12-04,6,0,ACTUAL,SCL,Total Actual Hourly Integrated Load,SYS_FCST_ACT_MW,3.8,1033,ACTUAL,65
2019-12-04T12:00:00-00:00,2019-12-04T13:00:00-00:00,0,2019-12-04,5,0,ACTUAL,SCL,Total Actual Hourly Integrated Load,SYS_FCST_ACT_MW,3.8,918,ACTUAL,65
2019-12-05T00:00:00-00:00,2019-12-05T01:00:00-00:00,0,2019-12-04,17,0,ACTUAL,SCL,Total Actual Hourly Integrated Load,SYS_FCST_ACT_MW,3.8,1317,ACTUAL,65
2019-12-04T08:00:00-00:00,2019-12-04T09:00:00-00:00,0,2019-12-04,1,0,ACTUAL,SCL,Total Actual Hourly Integrated Load,SYS_FCST_ACT_MW,3.8,926,ACTUAL,65
2019-12-05T05:00:00-00:00,2019-12-05T06:00:00-00:00,0,2019-12-04,22,0,ACTUAL,SCL,Total Actual Hourly Integrated Load,SYS_FCST_ACT_MW,3.8,1199,ACTUAL,65
2019-12-04T22:00:00-00:00,2019-12-04T23:00:00-00:00,0,2019-12-04,15,0,ACTUAL,SCL,Total Actual Hourly Integrated Load,SYS_FCST_ACT_MW,3.8,1246,ACTUAL,65
2019-12-04T20:00:00-00:00,2019-12-04T21:00:00-00:00,0,2019-12-04,13,0,ACTUAL,SCL,Total Actual Hourly Integrated Load,SYS_FCST_ACT_MW,3.8,1262,ACTUAL,65
2019-12-04T16:00:00-00:00,2019-12-04T17:00:00-00:00,0,2019-12-04,9,0,ACTUAL,SCL,Total Actual Hourly Integrated Load,SYS_FCST_ACT_MW,3.8,1298,ACTUAL,65
2019-12-04T15:00:00-00:00,2019-12-04T16:00:00-00:00,0,2019-12-04,8,0,ACTUAL,SDGE-TAC,Total Actual Hourly Integrated Load,SYS_FCST_ACT_MW,3.4,2389,ACTUAL,66
2019-12-04T23:00:00-00:00,2019-12-05T00:00:00-00:00,0,2019-12-04,16,0,ACTUAL,SDGE-TAC,Total Actual Hourly Integrated Load,SYS_FCST_ACT_MW,3.4,2517,ACTUAL,66
2019-12-05T01:00:00-00:00,2019-12-05T02:00:00-00:00,0,2019-12-04,18,0,ACTUAL,SDGE-TAC,Total Actual Hourly Integrated Load,SYS_FCST_ACT_MW,3.4,2857,ACTUAL,66
2019-12-05T02:00:00-00:00,2019-12-05T03:00:00-00:00,0,2019-12-04,19,0,ACTUAL,SDGE-TAC,Total Actual Hourly Integrated Load,SYS_FCST_ACT_MW,3.4,2839,ACTUAL,66
2019-12-04T19:00:00-00:00,2019-12-04T20:00:00-00:00,0,2019-12-04,12,0,ACTUAL,SDGE-TAC,Total Actual Hourly Integrated Load,SYS_FCST_ACT_MW,3.4,2537,ACTUAL,66
2019-12-04T20:00:00-00:00,2019-12-04T21:00:00-00:00,0,2019-12-04,13,0,ACTUAL,SDGE-TAC,Total Actual Hourly Integrated Load,SYS_FCST_ACT_MW,3.4,2578,ACTUAL,66
2019-12-04T08:00:00-00:00,2019-12-04T09:00:00-00:00,0,2019-12-04,1,0,ACTUAL,SDGE-TAC,Total Actual Hourly Integrated Load,SYS_FCST_ACT_MW,3.4,1945,ACTUAL,66
2019-12-05T03:00:00-00:00,2019-12-05T04:00:00-00:00,0,2019-12-04,20,0,ACTUAL,SDGE-TAC,Total Actual Hourly Integrated Load,SYS_FCST_ACT_MW,3.4,2751,ACTUAL,66
2019-12-05T07:00:00-00:00,2019-12-05T08:00:00-00:00,0,2019-12-04,24,0,ACTUAL,SDGE-TAC,Total Actual Hourly Integrated Load,SYS_FCST_ACT_MW,3.4,2038,ACTUAL,66
2019-12-04T09:00:00-00:00,2019-12-04T10:00:00-00:00,0,2019-12-04,2,0,ACTUAL,SDGE-TAC,Total Actual Hourly Integrated Load,SYS_FCST_ACT_MW,3.4,1873,ACTUAL,66
2019-12-04T17:00:00-00:00,2019-12-04T18:00:00-00:00,0,2019-12-04,10,0,ACTUAL,SDGE-TAC,Total Actual Hourly Integrated Load,SYS_FCST_ACT_MW,3.4,2585,ACTUAL,66
2019-12-04T21:00:00-00:00,2019-12-04T22:00:00-00:00,0,2019-12-04,14,0,ACTUAL,SDGE-TAC,Total Actual Hourly Integrated Load,SYS_FCST_ACT_MW,3.4,2488,ACTUAL,66
2019-12-05T00:00:00-00:00,2019-12-05T01:00:00-00:00,0,2019-12-04,17,0,ACTUAL,SDGE-TAC,Total Actual Hourly Integrated Load,SYS_FCST_ACT_MW,3.4,2666,ACTUAL,66
2019-12-05T04:00:00-00:00,2019-12-05T05:00:00-00:00,0,2019-12-04,21,0,ACTUAL,SDGE-TAC,Total Actual Hourly Integrated Load,SYS_FCST_ACT_MW,3.4,2642,ACTUAL,66
2019-12-04T14:00:00-00:00,2019-12-04T15:00:00-00:00,0,2019-12-04,7,0,ACTUAL,SDGE-TAC,Total Actual Hourly Integrated Load,SYS_FCST_ACT_MW,3.4,2231,ACTUAL,66
2019-12-05T06:00:00-00:00,2019-12-05T07:00:00-00:00,0,2019-12-04,23,0,ACTUAL,SDGE-TAC,Total Actual Hourly Integrated Load,SYS_FCST_ACT_MW,3.4,2232,ACTUAL,66
2019-12-04T10:00:00-00:00,2019-12-04T11:00:00-00:00,0,2019-12-04,3,0,ACTUAL,SDGE-TAC,Total Actual Hourly Integrated Load,SYS_FCST_ACT_MW,3.4,1815,ACTUAL,66
2019-12-04T11:00:00-00:00,2019-12-04T12:00:00-00:00,0,2019-12-04,4,0,ACTUAL,SDGE-TAC,Total Actual Hourly Integrated Load,SYS_FCST_ACT_MW,3.4,1795,ACTUAL,66
2019-12-04T12:00:00-00:00,2019-12-04T13:00:00-00:00,0,2019-12-04,5,0,ACTUAL,SDGE-TAC,Total Actual Hourly Integrated Load,SYS_FCST_ACT_MW,3.4,1853,ACTUAL,66
2019-12-04T16:00:00-00:00,2019-12-04T17:00:00-00:00,0,2019-12-04,9,0,ACTUAL,SDGE-TAC,Total Actual Hourly Integrated Load,SYS_FCST_ACT_MW,3.4,2489,ACTUAL,66
2019-12-04T18:00:00-00:00,2019-12-04T19:00:00-00:00,0,2019-12-04,11,0,ACTUAL,SDGE-TAC,Total Actual Hourly Integrated Load,SYS_FCST_ACT_MW,3.4,2608,ACTUAL,66
2019-12-04T22:00:00-00:00,2019-12-04T23:00:00-00:00,0,2019-12-04,15,0,ACTUAL,SDGE-TAC,Total Actual Hourly Integrated Load,SYS_FCST_ACT_MW,3.4,2488,ACTUAL,66
2019-12-05T05:00:00-00:00,2019-12-05T06:00:00-00:00,0,2019-12-04,22,0,ACTUAL,SDGE-TAC,Total Actual Hourly Integrated Load,SYS_FCST_ACT_MW,3.4,2467,ACTUAL,66
2019-12-04T13:00:00-00:00,2019-12-04T14:00:00-00:00,0,2019-12-04,6,0,ACTUAL,SDGE-TAC,Total Actual Hourly Integrated Load,SYS_FCST_ACT_MW,3.4,1975,ACTUAL,66
2019-12-05T05:00:00-00:00,2019-12-05T06:00:00-00:00,0,2019-12-04,22,0,ACTUAL,SRP,Total Actual Hourly Integrated Load,SYS_FCST_ACT_MW,3.8,2692,ACTUAL,67
2019-12-04T12:00:00-00:00,2019-12-04T13:00:00-00:00,0,2019-12-04,5,0,ACTUAL,SRP,Total Actual Hourly Integrated Load,SYS_FCST_ACT_MW,3.8,2602,ACTUAL,67
2019-12-04T08:00:00-00:00,2019-12-04T09:00:00-00:00,0,2019-12-04,1,0,ACTUAL,SRP,Total Actual Hourly Integrated Load,SYS_FCST_ACT_MW,3.8,2328,ACTUAL,67
2019-12-04T10:00:00-00:00,2019-12-04T11:00:00-00:00,0,2019-12-04,3,0,ACTUAL,SRP,Total Actual Hourly Integrated Load,SYS_FCST_ACT_MW,3.8,2304,ACTUAL,67
2019-12-04T09:00:00-00:00,2019-12-04T10:00:00-00:00,0,2019-12-04,2,0,ACTUAL,SRP,Total Actual Hourly Integrated Load,SYS_FCST_ACT_MW,3.8,2284,ACTUAL,67
2019-12-04T18:00:00-00:00,2019-12-04T19:00:00-00:00,0,2019-12-04,11,0,ACTUAL,SRP,Total Actual Hourly Integrated Load,SYS_FCST_ACT_MW,3.8,2671,ACTUAL,67
2019-12-04T23:00:00-00:00,2019-12-05T00:00:00-00:00,0,2019-12-04,16,0,ACTUAL,SRP,Total Actual Hourly Integrated Load,SYS_FCST_ACT_MW,3.8,2771,ACTUAL,67
2019-12-05T00:00:00-00:00,2019-12-05T01:00:00-00:00,0,2019-12-04,17,0,ACTUAL,SRP,Total Actual Hourly Integrated Load,SYS_FCST_ACT_MW,3.8,3005,ACTUAL,67
2019-12-05T03:00:00-00:00,2019-12-05T04:00:00-00:00,0,2019-12-04,20,0,ACTUAL,SRP,Total Actual Hourly Integrated Load,SYS_FCST_ACT_MW,3.8,3029,ACTUAL,67
2019-12-04T19:00:00-00:00,2019-12-04T20:00:00-00:00,0,2019-12-04,12,0,ACTUAL,SRP,Total Actual Hourly Integrated Load,SYS_FCST_ACT_MW,3.8,2661,ACTUAL,67
2019-12-04T15:00:00-00:00,2019-12-04T16:00:00-00:00,0,2019-12-04,8,0,ACTUAL,SRP,Total Actual Hourly Integrated Load,SYS_FCST_ACT_MW,3.8,2848,ACTUAL,67
2019-12-05T01:00:00-00:00,2019-12-05T02:00:00-00:00,0,2019-12-04,18,0,ACTUAL,SRP,Total Actual Hourly Integrated Load,SYS_FCST_ACT_MW,3.8,3130,ACTUAL,67
2019-12-05T02:00:00-00:00,2019-12-05T03:00:00-00:00,0,2019-12-04,19,0,ACTUAL,SRP,Total Actual Hourly Integrated Load,SYS_FCST_ACT_MW,3.8,3105,ACTUAL,67
2019-12-04T13:00:00-00:00,2019-12-04T14:00:00-00:00,0,2019-12-04,6,0,ACTUAL,SRP,Total Actual Hourly Integrated Load,SYS_FCST_ACT_MW,3.8,2872,ACTUAL,67
2019-12-04T21:00:00-00:00,2019-12-04T22:00:00-00:00,0,2019-12-04,14,0,ACTUAL,SRP,Total Actual Hourly Integrated Load,SYS_FCST_ACT_MW,3.8,2649,ACTUAL,67
2019-12-04T17:00:00-00:00,2019-12-04T18:00:00-00:00,0,2019-12-04,10,0,ACTUAL,SRP,Total Actual Hourly Integrated Load,SYS_FCST_ACT_MW,3.8,2724,ACTUAL,67
2019-12-05T07:00:00-00:00,2019-12-05T08:00:00-00:00,0,2019-12-04,24,0,ACTUAL,SRP,Total Actual Hourly Integrated Load,SYS_FCST_ACT_MW,3.8,2362,ACTUAL,67
2019-12-04T22:00:00-00:00,2019-12-04T23:00:00-00:00,0,2019-12-04,15,0,ACTUAL,SRP,Total Actual Hourly Integrated Load,SYS_FCST_ACT_MW,3.8,2702,ACTUAL,67
2019-12-05T04:00:00-00:00,2019-12-05T05:00:00-00:00,0,2019-12-04,21,0,ACTUAL,SRP,Total Actual Hourly Integrated Load,SYS_FCST_ACT_MW,3.8,2898,ACTUAL,67
2019-12-04T14:00:00-00:00,2019-12-04T15:00:00-00:00,0,2019-12-04,7,0,ACTUAL,SRP,Total Actual Hourly Integrated Load,SYS_FCST_ACT_MW,3.8,2936,ACTUAL,67
2019-12-04T16:00:00-00:00,2019-12-04T17:00:00-00:00,0,2019-12-04,9,0,ACTUAL,SRP,Total Actual Hourly Integrated Load,SYS_FCST_ACT_MW,3.8,2797,ACTUAL,67
2019-12-04T20:00:00-00:00,2019-12-04T21:00:00-00:00,0,2019-12-04,13,0,ACTUAL,SRP,Total Actual Hourly Integrated Load,SYS_FCST_ACT_MW,3.8,2666,ACTUAL,67
2019-12-04T11:00:00-00:00,2019-12-04T12:00:00-00:00,0,2019-12-04,4,0,ACTUAL,SRP,Total Actual Hourly Integrated Load,SYS_FCST_ACT_MW,3.8,2406,ACTUAL,67
2019-12-05T06:00:00-00:00,2019-12-05T07:00:00-00:00,0,2019-12-04,23,0,ACTUAL,SRP,Total Actual Hourly Integrated Load,SYS_FCST_ACT_MW,3.8,2504,ACTUAL,67
2019-12-05T01:00:00-00:00,2019-12-05T02:00:00-00:00,0,2019-12-04,18,0,ACTUAL,VEA-TAC,Total Actual Hourly Integrated Load,SYS_FCST_ACT_MW,3.5,83,ACTUAL,68
2019-12-04T13:00:00-00:00,2019-12-04T14:00:00-00:00,0,2019-12-04,6,0,ACTUAL,VEA-TAC,Total Actual Hourly Integrated Load,SYS_FCST_ACT_MW,3.5,73,ACTUAL,68
2019-12-04T11:00:00-00:00,2019-12-04T12:00:00-00:00,0,2019-12-04,4,0,ACTUAL,VEA-TAC,Total Actual Hourly Integrated Load,SYS_FCST_ACT_MW,3.5,62,ACTUAL,68
2019-12-04T20:00:00-00:00,2019-12-04T21:00:00-00:00,0,2019-12-04,13,0,ACTUAL,VEA-TAC,Total Actual Hourly Integrated Load,SYS_FCST_ACT_MW,3.5,81,ACTUAL,68
2019-12-05T04:00:00-00:00,2019-12-05T05:00:00-00:00,0,2019-12-04,21,0,ACTUAL,VEA-TAC,Total Actual Hourly Integrated Load,SYS_FCST_ACT_MW,3.5,76,ACTUAL,68
2019-12-04T08:00:00-00:00,2019-12-04T09:00:00-00:00,0,2019-12-04,1,0,ACTUAL,VEA-TAC,Total Actual Hourly Integrated Load,SYS_FCST_ACT_MW,3.5,61,ACTUAL,68
2019-12-04T14:00:00-00:00,2019-12-04T15:00:00-00:00,0,2019-12-04,7,0,ACTUAL,VEA-TAC,Total Actual Hourly Integrated Load,SYS_FCST_ACT_MW,3.5,79,ACTUAL,68
2019-12-04T16:00:00-00:00,2019-12-04T17:00:00-00:00,0,2019-12-04,9,0,ACTUAL,VEA-TAC,Total Actual Hourly Integrated Load,SYS_FCST_ACT_MW,3.5,79,ACTUAL,68
2019-12-05T00:00:00-00:00,2019-12-05T01:00:00-00:00,0,2019-12-04,17,0,ACTUAL,VEA-TAC,Total Actual Hourly Integrated Load,SYS_FCST_ACT_MW,3.5,80,ACTUAL,68
2019-12-04T21:00:00-00:00,2019-12-04T22:00:00-00:00,0,2019-12-04,14,0,ACTUAL,VEA-TAC,Total Actual Hourly Integrated Load,SYS_FCST_ACT_MW,3.5,81,ACTUAL,68
2019-12-04T22:00:00-00:00,2019-12-04T23:00:00-00:00,0,2019-12-04,15,0,ACTUAL,VEA-TAC,Total Actual Hourly Integrated Load,SYS_FCST_ACT_MW,3.5,79,ACTUAL,68
2019-12-04T17:00:00-00:00,2019-12-04T18:00:00-00:00,0,2019-12-04,10,0,ACTUAL,VEA-TAC,Total Actual Hourly Integrated Load,SYS_FCST_ACT_MW,3.5,79,ACTUAL,68
2019-12-04T18:00:00-00:00,2019-12-04T19:00:00-00:00,0,2019-12-04,11,0,ACTUAL,VEA-TAC,Total Actual Hourly Integrated Load,SYS_FCST_ACT_MW,3.5,80,ACTUAL,68
2019-12-05T02:00:00-00:00,2019-12-05T03:00:00-00:00,0,2019-12-04,19,0,ACTUAL,VEA-TAC,Total Actual Hourly Integrated Load,SYS_FCST_ACT_MW,3.5,81,ACTUAL,68
2019-12-05T03:00:00-00:00,2019-12-05T04:00:00-00:00,0,2019-12-04,20,0,ACTUAL,VEA-TAC,Total Actual Hourly Integrated Load,SYS_FCST_ACT_MW,3.5,79,ACTUAL,68
2019-12-04T19:00:00-00:00,2019-12-04T20:00:00-00:00,0,2019-12-04,12,0,ACTUAL,VEA-TAC,Total Actual Hourly Integrated Load,SYS_FCST_ACT_MW,3.5,80,ACTUAL,68
2019-12-04T10:00:00-00:00,2019-12-04T11:00:00-00:00,0,2019-12-04,3,0,ACTUAL,VEA-TAC,Total Actual Hourly Integrated Load,SYS_FCST_ACT_MW,3.5,62,ACTUAL,68
2019-12-04T23:00:00-00:00,2019-12-05T00:00:00-00:00,0,2019-12-04,16,0,ACTUAL,VEA-TAC,Total Actual Hourly Integrated Load,SYS_FCST_ACT_MW,3.5,77,ACTUAL,68
2019-12-05T05:00:00-00:00,2019-12-05T06:00:00-00:00,0,2019-12-04,22,0,ACTUAL,VEA-TAC,Total Actual Hourly Integrated Load,SYS_FCST_ACT_MW,3.5,71,ACTUAL,68
2019-12-05T07:00:00-00:00,2019-12-05T08:00:00-00:00,0,2019-12-04,24,0,ACTUAL,VEA-TAC,Total Actual Hourly Integrated Load,SYS_FCST_ACT_MW,3.5,63,ACTUAL,68
2019-12-04T09:00:00-00:00,2019-12-04T10:00:00-00:00,0,2019-12-04,2,0,ACTUAL,VEA-TAC,Total Actual Hourly Integrated Load,SYS_FCST_ACT_MW,3.5,61,ACTUAL,68
2019-12-04T15:00:00-00:00,2019-12-04T16:00:00-00:00,0,2019-12-04,8,0,ACTUAL,VEA-TAC,Total Actual Hourly Integrated Load,SYS_FCST_ACT_MW,3.5,81,ACTUAL,68
2019-12-04T12:00:00-00:00,2019-12-04T13:00:00-00:00,0,2019-12-04,5,0,ACTUAL,VEA-TAC,Total Actual Hourly Integrated Load,SYS_FCST_ACT_MW,3.5,67,ACTUAL,68
2019-12-05T06:00:00-00:00,2019-12-05T07:00:00-00:00,0,2019-12-04,23,0,ACTUAL,VEA-TAC,Total Actual Hourly Integrated Load,SYS_FCST_ACT_MW,3.5,67,ACTUAL,68
2019-12-05T22:00:00-00:00,2019-12-05T23:00:00-00:00,0,2019-12-05,15,0,ACTUAL,AZPS,Total Actual Hourly Integrated Load,SYS_FCST_ACT_MW,3.8,2592,ACTUAL,69
2019-12-05T23:00:00-00:00,2019-12-06T00:00:00-00:00,0,2019-12-05,16,0,ACTUAL,AZPS,Total Actual Hourly Integrated Load,SYS_FCST_ACT_MW,3.8,2751,ACTUAL,69
2019-12-06T03:00:00-00:00,2019-12-06T04:00:00-00:00,0,2019-12-05,20,0,ACTUAL,AZPS,Total Actual Hourly Integrated Load,SYS_FCST_ACT_MW,3.8,3129,ACTUAL,69
2019-12-05T21:00:00-00:00,2019-12-05T22:00:00-00:00,0,2019-12-05,14,0,ACTUAL,AZPS,Total Actual Hourly Integrated Load,SYS_FCST_ACT_MW,3.8,2477,ACTUAL,69
2019-12-06T02:00:00-00:00,2019-12-06T03:00:00-00:00,0,2019-12-05,19,0,ACTUAL,AZPS,Total Actual Hourly Integrated Load,SYS_FCST_ACT_MW,3.8,3159,ACTUAL,69
2019-12-05T17:00:00-00:00,2019-12-05T18:00:00-00:00,0,2019-12-05,10,0,ACTUAL,AZPS,Total Actual Hourly Integrated Load,SYS_FCST_ACT_MW,3.8,2558,ACTUAL,69
2019-12-05T13:00:00-00:00,2019-12-05T14:00:00-00:00,0,2019-12-05,6,0,ACTUAL,AZPS,Total Actual Hourly Integrated Load,SYS_FCST_ACT_MW,3.8,3054,ACTUAL,69
2019-12-06T00:00:00-00:00,2019-12-06T01:00:00-00:00,0,2019-12-05,17,0,ACTUAL,AZPS,Total Actual Hourly Integrated Load,SYS_FCST_ACT_MW,3.8,3055,ACTUAL,69
2019-12-06T01:00:00-00:00,2019-12-06T02:00:00-00:00,0,2019-12-05,18,0,ACTUAL,AZPS,Total Actual Hourly Integrated Load,SYS_FCST_ACT_MW,3.8,3185,ACTUAL,69
2019-12-05T10:00:00-00:00,2019-12-05T11:00:00-00:00,0,2019-12-05,3,0,ACTUAL,AZPS,Total Actual Hourly Integrated Load,SYS_FCST_ACT_MW,3.8,2416,ACTUAL,69
2019-12-06T07:00:00-00:00,2019-12-06T08:00:00-00:00,0,2019-12-05,24,0,ACTUAL,AZPS,Total Actual Hourly Integrated Load,SYS_FCST_ACT_MW,3.8,2530,ACTUAL,69
2019-12-05T09:00:00-00:00,2019-12-05T10:00:00-00:00,0,2019-12-05,2,0,ACTUAL,AZPS,Total Actual Hourly Integrated Load,SYS_FCST_ACT_MW,3.8,2400,ACTUAL,69
2019-12-06T06:00:00-00:00,2019-12-06T07:00:00-00:00,0,2019-12-05,23,0,ACTUAL,AZPS,Total Actual Hourly Integrated Load,SYS_FCST_ACT_MW,3.8,2643,ACTUAL,69
2019-12-05T11:00:00-00:00,2019-12-05T12:00:00-00:00,0,2019-12-05,4,0,ACTUAL,AZPS,Total Actual Hourly Integrated Load,SYS_FCST_ACT_MW,3.8,2516,ACTUAL,69
2019-12-05T14:00:00-00:00,2019-12-05T15:00:00-00:00,0,2019-12-05,7,0,ACTUAL,AZPS,Total Actual Hourly Integrated Load,SYS_FCST_ACT_MW,3.8,3136,ACTUAL,69
2019-12-05T16:00:00-00:00,2019-12-05T17:00:00-00:00,0,2019-12-05,9,0,ACTUAL,AZPS,Total Actual Hourly Integrated Load,SYS_FCST_ACT_MW,3.8,2739,ACTUAL,69
2019-12-06T04:00:00-00:00,2019-12-06T05:00:00-00:00,0,2019-12-05,21,0,ACTUAL,AZPS,Total Actual Hourly Integrated Load,SYS_FCST_ACT_MW,3.8,3032,ACTUAL,69
2019-12-06T05:00:00-00:00,2019-12-06T06:00:00-00:00,0,2019-12-05,22,0,ACTUAL,AZPS,Total Actual Hourly Integrated Load,SYS_FCST_ACT_MW,3.8,2842,ACTUAL,69
2019-12-05T08:00:00-00:00,2019-12-05T09:00:00-00:00,0,2019-12-05,1,0,ACTUAL,AZPS,Total Actual Hourly Integrated Load,SYS_FCST_ACT_MW,3.8,2424,ACTUAL,69
2019-12-05T15:00:00-00:00,2019-12-05T16:00:00-00:00,0,2019-12-05,8,0,ACTUAL,AZPS,Total Actual Hourly Integrated Load,SYS_FCST_ACT_MW,3.8,2986,ACTUAL,69
2019-12-05T18:00:00-00:00,2019-12-05T19:00:00-00:00,0,2019-12-05,11,0,ACTUAL,AZPS,Total Actual Hourly Integrated Load,SYS_FCST_ACT_MW,3.8,2437,ACTUAL,69
2019-12-05T19:00:00-00:00,2019-12-05T20:00:00-00:00,0,2019-12-05,12,0,ACTUAL,AZPS,Total Actual Hourly Integrated Load,SYS_FCST_ACT_MW,3.8,2379,ACTUAL,69
2019-12-05T20:00:00-00:00,2019-12-05T21:00:00-00:00,0,2019-12-05,13,0,ACTUAL,AZPS,Total Actual Hourly Integrated Load,SYS_FCST_ACT_MW,3.8,2402,ACTUAL,69
2019-12-05T12:00:00-00:00,2019-12-05T13:00:00-00:00,0,2019-12-05,5,0,ACTUAL,AZPS,Total Actual Hourly Integrated Load,SYS_FCST_ACT_MW,3.8,2753,ACTUAL,69
2019-12-06T00:00:00-00:00,2019-12-06T01:00:00-00:00,0,2019-12-05,17,0,ACTUAL,BANCSMUD,Total Actual Hourly Integrated Load,SYS_FCST_ACT_MW,3.8,1235,ACTUAL,70
2019-12-06T04:00:00-00:00,2019-12-06T05:00:00-00:00,0,2019-12-05,21,0,ACTUAL,BANCSMUD,Total Actual Hourly Integrated Load,SYS_FCST_ACT_MW,3.8,1271,ACTUAL,70
2019-12-05T23:00:00-00:00,2019-12-06T00:00:00-00:00,0,2019-12-05,16,0,ACTUAL,BANCSMUD,Total Actual Hourly Integrated Load,SYS_FCST_ACT_MW,3.8,1171,ACTUAL,70
2019-12-05T18:00:00-00:00,2019-12-05T19:00:00-00:00,0,2019-12-05,11,0,ACTUAL,BANCSMUD,Total Actual Hourly Integrated Load,SYS_FCST_ACT_MW,3.8,1177,ACTUAL,70
2019-12-05T17:00:00-00:00,2019-12-05T18:00:00-00:00,0,2019-12-05,10,0,ACTUAL,BANCSMUD,Total Actual Hourly Integrated Load,SYS_FCST_ACT_MW,3.8,1194,ACTUAL,70
2019-12-05T16:00:00-00:00,2019-12-05T17:00:00-00:00,0,2019-12-05,9,0,ACTUAL,BANCSMUD,Total Actual Hourly Integrated Load,SYS_FCST_ACT_MW,3.8,1213,ACTUAL,70
2019-12-06T02:00:00-00:00,2019-12-06T03:00:00-00:00,0,2019-12-05,19,0,ACTUAL,BANCSMUD,Total Actual Hourly Integrated Load,SYS_FCST_ACT_MW,3.8,1320,ACTUAL,70
2019-12-05T19:00:00-00:00,2019-12-05T20:00:00-00:00,0,2019-12-05,12,0,ACTUAL,BANCSMUD,Total Actual Hourly Integrated Load,SYS_FCST_ACT_MW,3.8,1174,ACTUAL,70
2019-12-05T14:00:00-00:00,2019-12-05T15:00:00-00:00,0,2019-12-05,7,0,ACTUAL,BANCSMUD,Total Actual Hourly Integrated Load,SYS_FCST_ACT_MW,3.8,1177,ACTUAL,70
2019-12-05T11:00:00-00:00,2019-12-05T12:00:00-00:00,0,2019-12-05,4,0,ACTUAL,BANCSMUD,Total Actual Hourly Integrated Load,SYS_FCST_ACT_MW,3.8,898,ACTUAL,70
2019-12-05T20:00:00-00:00,2019-12-05T21:00:00-00:00,0,2019-12-05,13,0,ACTUAL,BANCSMUD,Total Actual Hourly Integrated Load,SYS_FCST_ACT_MW,3.8,1169,ACTUAL,70
2019-12-05T22:00:00-00:00,2019-12-05T23:00:00-00:00,0,2019-12-05,15,0,ACTUAL,BANCSMUD,Total Actual Hourly Integrated Load,SYS_FCST_ACT_MW,3.8,1157,ACTUAL,70
2019-12-05T13:00:00-00:00,2019-12-05T14:00:00-00:00,0,2019-12-05,6,0,ACTUAL,BANCSMUD,Total Actual Hourly Integrated Load,SYS_FCST_ACT_MW,3.8,1035,ACTUAL,70
2019-12-06T07:00:00-00:00,2019-12-06T08:00:00-00:00,0,2019-12-05,24,0,ACTUAL,BANCSMUD,Total Actual Hourly Integrated Load,SYS_FCST_ACT_MW,3.8,1013,ACTUAL,70
2019-12-05T21:00:00-00:00,2019-12-05T22:00:00-00:00,0,2019-12-05,14,0,ACTUAL,BANCSMUD,Total Actual Hourly Integrated Load,SYS_FCST_ACT_MW,3.8,1158,ACTUAL,70
2019-12-06T01:00:00-00:00,2019-12-06T02:00:00-00:00,0,2019-12-05,18,0,ACTUAL,BANCSMUD,Total Actual Hourly Integrated Load,SYS_FCST_ACT_MW,3.8,1324,ACTUAL,70
2019-12-06T03:00:00-00:00,2019-12-06T04:00:00-00:00,0,2019-12-05,20,0,ACTUAL,BANCSMUD,Total Actual Hourly Integrated Load,SYS_FCST_ACT_MW,3.8,1298,ACTUAL,70
2019-12-05T15:00:00-00:00,2019-12-05T16:00:00-00:00,0,2019-12-05,8,0,ACTUAL,BANCSMUD,Total Actual Hourly Integrated Load,SYS_FCST_ACT_MW,3.8,1233,ACTUAL,70
2019-12-05T10:00:00-00:00,2019-12-05T11:00:00-00:00,0,2019-12-05,3,0,ACTUAL,BANCSMUD,Total Actual Hourly Integrated Load,SYS_FCST_ACT_MW,3.8,897,ACTUAL,70
2019-12-05T09:00:00-00:00,2019-12-05T10:00:00-00:00,0,2019-12-05,2,0,ACTUAL,BANCSMUD,Total Actual Hourly Integrated Load,SYS_FCST_ACT_MW,3.8,916,ACTUAL,70
2019-12-05T12:00:00-00:00,2019-12-05T13:00:00-00:00,0,2019-12-05,5,0,ACTUAL,BANCSMUD,Total Actual Hourly Integrated Load,SYS_FCST_ACT_MW,3.8,937,ACTUAL,70
2019-12-05T08:00:00-00:00,2019-12-05T09:00:00-00:00,0,2019-12-05,1,0,ACTUAL,BANCSMUD,Total Actual Hourly Integrated Load,SYS_FCST_ACT_MW,3.8,958,ACTUAL,70
2019-12-06T06:00:00-00:00,2019-12-06T07:00:00-00:00,0,2019-12-05,23,0,ACTUAL,BANCSMUD,Total Actual Hourly Integrated Load,SYS_FCST_ACT_MW,3.8,1108,ACTUAL,70
2019-12-06T05:00:00-00:00,2019-12-06T06:00:00-00:00,0,2019-12-05,22,0,ACTUAL,BANCSMUD,Total Actual Hourly Integrated Load,SYS_FCST_ACT_MW,3.8,1207,ACTUAL,70
2019-12-05T17:00:00-00:00,2019-12-05T18:00:00-00:00,0,2019-12-05,10,0,ACTUAL,BCHA,Total Actual Hourly Integrated Load,SYS_FCST_ACT_MW,3.8,8908,ACTUAL,71
2019-12-05T21:00:00-00:00,2019-12-05T22:00:00-00:00,0,2019-12-05,14,0,ACTUAL,BCHA,Total Actual Hourly Integrated Load,SYS_FCST_ACT_MW,3.8,8655,ACTUAL,71
2019-12-05T18:00:00-00:00,2019-12-05T19:00:00-00:00,0,2019-12-05,11,0,ACTUAL,BCHA,Total Actual Hourly Integrated Load,SYS_FCST_ACT_MW,3.8,8848,ACTUAL,71
2019-12-05T13:00:00-00:00,2019-12-05T14:00:00-00:00,0,2019-12-05,6,0,ACTUAL,BCHA,Total Actual Hourly Integrated Load,SYS_FCST_ACT_MW,3.8,7552,ACTUAL,71
2019-12-05T12:00:00-00:00,2019-12-05T13:00:00-00:00,0,2019-12-05,5,0,ACTUAL,BCHA,Total Actual Hourly Integrated Load,SYS_FCST_ACT_MW,3.8,7108,ACTUAL,71
2019-12-06T07:00:00-00:00,2019-12-06T08:00:00-00:00,0,2019-12-05,24,0,ACTUAL,BCHA,Total Actual Hourly Integrated Load,SYS_FCST_ACT_MW,3.8,7491,ACTUAL,71
2019-12-05T08:00:00-00:00,2019-12-05T09:00:00-00:00,0,2019-12-05,1,0,ACTUAL,BCHA,Total Actual Hourly Integrated Load,SYS_FCST_ACT_MW,3.8,7134,ACTUAL,71
2019-12-06T03:00:00-00:00,2019-12-06T04:00:00-00:00,0,2019-12-05,20,0,ACTUAL,BCHA,Total Actual Hourly Integrated Load,SYS_FCST_ACT_MW,3.8,9164,ACTUAL,71
2019-12-05T09:00:00-00:00,2019-12-05T10:00:00-00:00,0,2019-12-05,2,0,ACTUAL,BCHA,Total Actual Hourly Integrated Load,SYS_FCST_ACT_MW,3.8,6968,ACTUAL,71
2019-12-06T04:00:00-00:00,2019-12-06T05:00:00-00:00,0,2019-12-05,21,0,ACTUAL,BCHA,Total Actual Hourly Integrated Load,SYS_FCST_ACT_MW,3.8,8911,ACTUAL,71
2019-12-05T16:00:00-00:00,2019-12-05T17:00:00-00:00,0,2019-12-05,9,0,ACTUAL,BCHA,Total Actual Hourly Integrated Load,SYS_FCST_ACT_MW,3.8,9007,ACTUAL,71
2019-12-05T15:00:00-00:00,2019-12-05T16:00:00-00:00,0,2019-12-05,8,0,ACTUAL,BCHA,Total Actual Hourly Integrated Load,SYS_FCST_ACT_MW,3.8,8944,ACTUAL,71
2019-12-05T14:00:00-00:00,2019-12-05T15:00:00-00:00,0,2019-12-05,7,0,ACTUAL,BCHA,Total Actual Hourly Integrated Load,SYS_FCST_ACT_MW,3.8,8231,ACTUAL,71
2019-12-05T10:00:00-00:00,2019-12-05T11:00:00-00:00,0,2019-12-05,3,0,ACTUAL,BCHA,Total Actual Hourly Integrated Load,SYS_FCST_ACT_MW,3.8,6883,ACTUAL,71
2019-12-06T00:00:00-00:00,2019-12-06T01:00:00-00:00,0,2019-12-05,17,0,ACTUAL,BCHA,Total Actual Hourly Integrated Load,SYS_FCST_ACT_MW,3.8,9295,ACTUAL,71
2019-12-05T22:00:00-00:00,2019-12-05T23:00:00-00:00,0,2019-12-05,15,0,ACTUAL,BCHA,Total Actual Hourly Integrated Load,SYS_FCST_ACT_MW,3.8,8668,ACTUAL,71
2019-12-05T11:00:00-00:00,2019-12-05T12:00:00-00:00,0,2019-12-05,4,0,ACTUAL,BCHA,Total Actual Hourly Integrated Load,SYS_FCST_ACT_MW,3.8,6927,ACTUAL,71
2019-12-06T06:00:00-00:00,2019-12-06T07:00:00-00:00,0,2019-12-05,23,0,ACTUAL,BCHA,Total Actual Hourly Integrated Load,SYS_FCST_ACT_MW,3.8,8018,ACTUAL,71
2019-12-06T02:00:00-00:00,2019-12-06T03:00:00-00:00,0,2019-12-05,19,0,ACTUAL,BCHA,Total Actual Hourly Integrated Load,SYS_FCST_ACT_MW,3.8,9358,ACTUAL,71
2019-12-05T23:00:00-00:00,2019-12-06T00:00:00-00:00,0,2019-12-05,16,0,ACTUAL,BCHA,Total Actual Hourly Integrated Load,SYS_FCST_ACT_MW,3.8,8837,ACTUAL,71
2019-12-05T19:00:00-00:00,2019-12-05T20:00:00-00:00,0,2019-12-05,12,0,ACTUAL,BCHA,Total Actual Hourly Integrated Load,SYS_FCST_ACT_MW,3.8,8750,ACTUAL,71
2019-12-06T05:00:00-00:00,2019-12-06T06:00:00-00:00,0,2019-12-05,22,0,ACTUAL,BCHA,Total Actual Hourly Integrated Load,SYS_FCST_ACT_MW,3.8,8535,ACTUAL,71
2019-12-05T20:00:00-00:00,2019-12-05T21:00:00-00:00,0,2019-12-05,13,0,ACTUAL,BCHA,Total Actual Hourly Integrated Load,SYS_FCST_ACT_MW,3.8,8676,ACTUAL,71
2019-12-06T01:00:00-00:00,2019-12-06T02:00:00-00:00,0,2019-12-05,18,0,ACTUAL,BCHA,Total Actual Hourly Integrated Load,SYS_FCST_ACT_MW,3.8,9508,ACTUAL,71
2019-12-05T09:00:00-00:00,2019-12-05T10:00:00-00:00,0,2019-12-05,2,0,ACTUAL,CA ISO-TAC,Total Actual Hourly Integrated Load,SYS_FCST_ACT_MW,3,20840,ACTUAL,72
2019-12-05T20:00:00-00:00,2019-12-05T21:00:00-00:00,0,2019-12-05,13,0,ACTUAL,CA ISO-TAC,Total Actual Hourly Integrated Load,SYS_FCST_ACT_MW,3,24151,ACTUAL,72
2019-12-06T04:00:00-00:00,2019-12-06T05:00:00-00:00,0,2019-12-05,21,0,ACTUAL,CA ISO-TAC,Total Actual Hourly Integrated Load,SYS_FCST_ACT_MW,3,27662,ACTUAL,72
2019-12-05T15:00:00-00:00,2019-12-05T16:00:00-00:00,0,2019-12-05,8,0,ACTUAL,CA ISO-TAC,Total Actual Hourly Integrated Load,SYS_FCST_ACT_MW,3,25766,ACTUAL,72
2019-12-05T18:00:00-00:00,2019-12-05T19:00:00-00:00,0,2019-12-05,11,0,ACTUAL,CA ISO-TAC,Total Actual Hourly Integrated Load,SYS_FCST_ACT_MW,3,24133,ACTUAL,72
2019-12-05T19:00:00-00:00,2019-12-05T20:00:00-00:00,0,2019-12-05,12,0,ACTUAL,CA ISO-TAC,Total Actual Hourly Integrated Load,SYS_FCST_ACT_MW,3,23938,ACTUAL,72
2019-12-05T22:00:00-00:00,2019-12-05T23:00:00-00:00,0,2019-12-05,15,0,ACTUAL,CA ISO-TAC,Total Actual Hourly Integrated Load,SYS_FCST_ACT_MW,3,24864,ACTUAL,72
2019-12-06T00:00:00-00:00,2019-12-06T01:00:00-00:00,0,2019-12-05,17,0,ACTUAL,CA ISO-TAC,Total Actual Hourly Integrated Load,SYS_FCST_ACT_MW,3,27163,ACTUAL,72
2019-12-06T01:00:00-00:00,2019-12-06T02:00:00-00:00,0,2019-12-05,18,0,ACTUAL,CA ISO-TAC,Total Actual Hourly Integrated Load,SYS_FCST_ACT_MW,3,28924,ACTUAL,72
2019-12-06T05:00:00-00:00,2019-12-06T06:00:00-00:00,0,2019-12-05,22,0,ACTUAL,CA ISO-TAC,Total Actual Hourly Integrated Load,SYS_FCST_ACT_MW,3,26379,ACTUAL,72
2019-12-05T12:00:00-00:00,2019-12-05T13:00:00-00:00,0,2019-12-05,5,0,ACTUAL,CA ISO-TAC,Total Actual Hourly Integrated Load,SYS_FCST_ACT_MW,3,20790,ACTUAL,72
2019-12-05T13:00:00-00:00,2019-12-05T14:00:00-00:00,0,2019-12-05,6,0,ACTUAL,CA ISO-TAC,Total Actual Hourly Integrated Load,SYS_FCST_ACT_MW,3,22403,ACTUAL,72
2019-12-05T17:00:00-00:00,2019-12-05T18:00:00-00:00,0,2019-12-05,10,0,ACTUAL,CA ISO-TAC,Total Actual Hourly Integrated Load,SYS_FCST_ACT_MW,3,24458,ACTUAL,72
2019-12-05T21:00:00-00:00,2019-12-05T22:00:00-00:00,0,2019-12-05,14,0,ACTUAL,CA ISO-TAC,Total Actual Hourly Integrated Load,SYS_FCST_ACT_MW,3,24709,ACTUAL,72
2019-12-06T02:00:00-00:00,2019-12-06T03:00:00-00:00,0,2019-12-05,19,0,ACTUAL,CA ISO-TAC,Total Actual Hourly Integrated Load,SYS_FCST_ACT_MW,3,28867,ACTUAL,72
2019-12-06T06:00:00-00:00,2019-12-06T07:00:00-00:00,0,2019-12-05,23,0,ACTUAL,CA ISO-TAC,Total Actual Hourly Integrated Load,SYS_FCST_ACT_MW,3,24474,ACTUAL,72
2019-12-05T23:00:00-00:00,2019-12-06T00:00:00-00:00,0,2019-12-05,16,0,ACTUAL,CA ISO-TAC,Total Actual Hourly Integrated Load,SYS_FCST_ACT_MW,3,25586,ACTUAL,72
2019-12-06T07:00:00-00:00,2019-12-06T08:00:00-00:00,0,2019-12-05,24,0,ACTUAL,CA ISO-TAC,Total Actual Hourly Integrated Load,SYS_FCST_ACT_MW,3,22708,ACTUAL,72
2019-12-05T10:00:00-00:00,2019-12-05T11:00:00-00:00,0,2019-12-05,3,0,ACTUAL,CA ISO-TAC,Total Actual Hourly Integrated Load,SYS_FCST_ACT_MW,3,20337,ACTUAL,72
2019-12-05T11:00:00-00:00,2019-12-05T12:00:00-00:00,0,2019-12-05,4,0,ACTUAL,CA ISO-TAC,Total Actual Hourly Integrated Load,SYS_FCST_ACT_MW,3,20233,ACTUAL,72
2019-12-06T03:00:00-00:00,2019-12-06T04:00:00-00:00,0,2019-12-05,20,0,ACTUAL,CA ISO-TAC,Total Actual Hourly Integrated Load,SYS_FCST_ACT_MW,3,28402,ACTUAL,72
2019-12-05T08:00:00-00:00,2019-12-05T09:00:00-00:00,0,2019-12-05,1,0,ACTUAL,CA ISO-TAC,Total Actual Hourly Integrated Load,SYS_FCST_ACT_MW,3,21569,ACTUAL,72
2019-12-05T16:00:00-00:00,2019-12-05T17:00:00-00:00,0,2019-12-05,9,0,ACTUAL,CA ISO-TAC,Total Actual Hourly Integrated Load,SYS_FCST_ACT_MW,3,25271,ACTUAL,72
2019-12-05T14:00:00-00:00,2019-12-05T15:00:00-00:00,0,2019-12-05,7,0,ACTUAL,CA ISO-TAC,Total Actual Hourly Integrated Load,SYS_FCST_ACT_MW,3,24768,ACTUAL,72
2019-12-06T06:00:00-00:00,2019-12-06T07:00:00-00:00,0,2019-12-05,23,0,ACTUAL,IPCO,Total Actual Hourly Integrated Load,SYS_FCST_ACT_MW,3.8,1741,ACTUAL,73
2019-12-05T16:00:00-00:00,2019-12-05T17:00:00-00:00,0,2019-12-05,9,0,ACTUAL,IPCO,Total Actual Hourly Integrated Load,SYS_FCST_ACT_MW,3.8,2141,ACTUAL,73
2019-12-05T20:00:00-00:00,2019-12-05T21:00:00-00:00,0,2019-12-05,13,0,ACTUAL,IPCO,Total Actual Hourly Integrated Load,SYS_FCST_ACT_MW,3.8,2017,ACTUAL,73
2019-12-05T21:00:00-00:00,2019-12-05T22:00:00-00:00,0,2019-12-05,14,0,ACTUAL,IPCO,Total Actual Hourly Integrated Load,SYS_FCST_ACT_MW,3.8,2005,ACTUAL,73
2019-12-05T22:00:00-00:00,2019-12-05T23:00:00-00:00,0,2019-12-05,15,0,ACTUAL,IPCO,Total Actual Hourly Integrated Load,SYS_FCST_ACT_MW,3.8,2007,ACTUAL,73
2019-12-05T09:00:00-00:00,2019-12-05T10:00:00-00:00,0,2019-12-05,2,0,ACTUAL,IPCO,Total Actual Hourly Integrated Load,SYS_FCST_ACT_MW,3.8,1680,ACTUAL,73
2019-12-05T17:00:00-00:00,2019-12-05T18:00:00-00:00,0,2019-12-05,10,0,ACTUAL,IPCO,Total Actual Hourly Integrated Load,SYS_FCST_ACT_MW,3.8,2116,ACTUAL,73
2019-12-05T19:00:00-00:00,2019-12-05T20:00:00-00:00,0,2019-12-05,12,0,ACTUAL,IPCO,Total Actual Hourly Integrated Load,SYS_FCST_ACT_MW,3.8,2047,ACTUAL,73
2019-12-05T14:00:00-00:00,2019-12-05T15:00:00-00:00,0,2019-12-05,7,0,ACTUAL,IPCO,Total Actual Hourly Integrated Load,SYS_FCST_ACT_MW,3.8,2156,ACTUAL,73
2019-12-06T00:00:00-00:00,2019-12-06T01:00:00-00:00,0,2019-12-05,17,0,ACTUAL,IPCO,Total Actual Hourly Integrated Load,SYS_FCST_ACT_MW,3.8,2141,ACTUAL,73
2019-12-06T07:00:00-00:00,2019-12-06T08:00:00-00:00,0,2019-12-05,24,0,ACTUAL,IPCO,Total Actual Hourly Integrated Load,SYS_FCST_ACT_MW,3.8,1676,ACTUAL,73
2019-12-05T11:00:00-00:00,2019-12-05T12:00:00-00:00,0,2019-12-05,4,0,ACTUAL,IPCO,Total Actual Hourly Integrated Load,SYS_FCST_ACT_MW,3.8,1732,ACTUAL,73
2019-12-05T10:00:00-00:00,2019-12-05T11:00:00-00:00,0,2019-12-05,3,0,ACTUAL,IPCO,Total Actual Hourly Integrated Load,SYS_FCST_ACT_MW,3.8,1688,ACTUAL,73
2019-12-05T23:00:00-00:00,2019-12-06T00:00:00-00:00,0,2019-12-05,16,0,ACTUAL,IPCO,Total Actual Hourly Integrated Load,SYS_FCST_ACT_MW,3.8,2055,ACTUAL,73
2019-12-06T04:00:00-00:00,2019-12-06T05:00:00-00:00,0,2019-12-05,21,0,ACTUAL,IPCO,Total Actual Hourly Integrated Load,SYS_FCST_ACT_MW,3.8,1984,ACTUAL,73
2019-12-05T18:00:00-00:00,2019-12-05T19:00:00-00:00,0,2019-12-05,11,0,ACTUAL,IPCO,Total Actual Hourly Integrated Load,SYS_FCST_ACT_MW,3.8,2082,ACTUAL,73
2019-12-06T01:00:00-00:00,2019-12-06T02:00:00-00:00,0,2019-12-05,18,0,ACTUAL,IPCO,Total Actual Hourly Integrated Load,SYS_FCST_ACT_MW,3.8,2148,ACTUAL,73
2019-12-06T02:00:00-00:00,2019-12-06T03:00:00-00:00,0,2019-12-05,19,0,ACTUAL,IPCO,Total Actual Hourly Integrated Load,SYS_FCST_ACT_MW,3.8,2116,ACTUAL,73
2019-12-06T03:00:00-00:00,2019-12-06T04:00:00-00:00,0,2019-12-05,20,0,ACTUAL,IPCO,Total Actual Hourly Integrated Load,SYS_FCST_ACT_MW,3.8,2072,ACTUAL,73
2019-12-06T05:00:00-00:00,2019-12-06T06:00:00-00:00,0,2019-12-05,22,0,ACTUAL,IPCO,Total Actual Hourly Integrated Load,SYS_FCST_ACT_MW,3.8,1861,ACTUAL,73
2019-12-05T08:00:00-00:00,2019-12-05T09:00:00-00:00,0,2019-12-05,1,0,ACTUAL,IPCO,Total Actual Hourly Integrated Load,SYS_FCST_ACT_MW,3.8,1688,ACTUAL,73
2019-12-05T15:00:00-00:00,2019-12-05T16:00:00-00:00,0,2019-12-05,8,0,ACTUAL,IPCO,Total Actual Hourly Integrated Load,SYS_FCST_ACT_MW,3.8,2163,ACTUAL,73
2019-12-05T13:00:00-00:00,2019-12-05T14:00:00-00:00,0,2019-12-05,6,0,ACTUAL,IPCO,Total Actual Hourly Integrated Load,SYS_FCST_ACT_MW,3.8,2029,ACTUAL,73
2019-12-05T12:00:00-00:00,2019-12-05T13:00:00-00:00,0,2019-12-05,5,0,ACTUAL,IPCO,Total Actual Hourly Integrated Load,SYS_FCST_ACT_MW,3.8,1848,ACTUAL,73
2019-12-05T10:00:00-00:00,2019-12-05T11:00:00-00:00,0,2019-12-05,3,0,ACTUAL,MWD-TAC,Total Actual Hourly Integrated Load,SYS_FCST_ACT_MW,3.3,56,ACTUAL,74
2019-12-06T05:00:00-00:00,2019-12-06T06:00:00-00:00,0,2019-12-05,22,0,ACTUAL,MWD-TAC,Total Actual Hourly Integrated Load,SYS_FCST_ACT_MW,3.3,103,ACTUAL,74
2019-12-05T18:00:00-00:00,2019-12-05T19:00:00-00:00,0,2019-12-05,11,0,ACTUAL,MWD-TAC,Total Actual Hourly Integrated Load,SYS_FCST_ACT_MW,3.3,94,ACTUAL,74
2019-12-05T20:00:00-00:00,2019-12-05T21:00:00-00:00,0,2019-12-05,13,0,ACTUAL,MWD-TAC,Total Actual Hourly Integrated Load,SYS_FCST_ACT_MW,3.3,101,ACTUAL,74
2019-12-05T22:00:00-00:00,2019-12-05T23:00:00-00:00,0,2019-12-05,15,0,ACTUAL,MWD-TAC,Total Actual Hourly Integrated Load,SYS_FCST_ACT_MW,3.3,102,ACTUAL,74
2019-12-06T03:00:00-00:00,2019-12-06T04:00:00-00:00,0,2019-12-05,20,0,ACTUAL,MWD-TAC,Total Actual Hourly Integrated Load,SYS_FCST_ACT_MW,3.3,96,ACTUAL,74
2019-12-05T08:00:00-00:00,2019-12-05T09:00:00-00:00,0,2019-12-05,1,0,ACTUAL,MWD-TAC,Total Actual Hourly Integrated Load,SYS_FCST_ACT_MW,3.3,55,ACTUAL,74
2019-12-05T19:00:00-00:00,2019-12-05T20:00:00-00:00,0,2019-12-05,12,0,ACTUAL,MWD-TAC,Total Actual Hourly Integrated Load,SYS_FCST_ACT_MW,3.3,95,ACTUAL,74
2019-12-05T15:00:00-00:00,2019-12-05T16:00:00-00:00,0,2019-12-05,8,0,ACTUAL,MWD-TAC,Total Actual Hourly Integrated Load,SYS_FCST_ACT_MW,3.3,81,ACTUAL,74
2019-12-06T00:00:00-00:00,2019-12-06T01:00:00-00:00,0,2019-12-05,17,0,ACTUAL,MWD-TAC,Total Actual Hourly Integrated Load,SYS_FCST_ACT_MW,3.3,95,ACTUAL,74
2019-12-06T01:00:00-00:00,2019-12-06T02:00:00-00:00,0,2019-12-05,18,0,ACTUAL,MWD-TAC,Total Actual Hourly Integrated Load,SYS_FCST_ACT_MW,3.3,94,ACTUAL,74
2019-12-05T11:00:00-00:00,2019-12-05T12:00:00-00:00,0,2019-12-05,4,0,ACTUAL,MWD-TAC,Total Actual Hourly Integrated Load,SYS_FCST_ACT_MW,3.3,56,ACTUAL,74
2019-12-05T16:00:00-00:00,2019-12-05T17:00:00-00:00,0,2019-12-05,9,0,ACTUAL,MWD-TAC,Total Actual Hourly Integrated Load,SYS_FCST_ACT_MW,3.3,94,ACTUAL,74
2019-12-05T21:00:00-00:00,2019-12-05T22:00:00-00:00,0,2019-12-05,14,0,ACTUAL,MWD-TAC,Total Actual Hourly Integrated Load,SYS_FCST_ACT_MW,3.3,98,ACTUAL,74
2019-12-06T02:00:00-00:00,2019-12-06T03:00:00-00:00,0,2019-12-05,19,0,ACTUAL,MWD-TAC,Total Actual Hourly Integrated Load,SYS_FCST_ACT_MW,3.3,94,ACTUAL,74
2019-12-06T04:00:00-00:00,2019-12-06T05:00:00-00:00,0,2019-12-05,21,0,ACTUAL,MWD-TAC,Total Actual Hourly Integrated Load,SYS_FCST_ACT_MW,3.3,101,ACTUAL,74
2019-12-06T06:00:00-00:00,2019-12-06T07:00:00-00:00,0,2019-12-05,23,0,ACTUAL,MWD-TAC,Total Actual Hourly Integrated Load,SYS_FCST_ACT_MW,3.3,104,ACTUAL,74
2019-12-05T09:00:00-00:00,2019-12-05T10:00:00-00:00,0,2019-12-05,2,0,ACTUAL,MWD-TAC,Total Actual Hourly Integrated Load,SYS_FCST_ACT_MW,3.3,56,ACTUAL,74
2019-12-06T07:00:00-00:00,2019-12-06T08:00:00-00:00,0,2019-12-05,24,0,ACTUAL,MWD-TAC,Total Actual Hourly Integrated Load,SYS_FCST_ACT_MW,3.3,103,ACTUAL,74
2019-12-05T12:00:00-00:00,2019-12-05T13:00:00-00:00,0,2019-12-05,5,0,ACTUAL,MWD-TAC,Total Actual Hourly Integrated Load,SYS_FCST_ACT_MW,3.3,64,ACTUAL,74
2019-12-05T13:00:00-00:00,2019-12-05T14:00:00-00:00,0,2019-12-05,6,0,ACTUAL,MWD-TAC,Total Actual Hourly Integrated Load,SYS_FCST_ACT_MW,3.3,74,ACTUAL,74
2019-12-05T14:00:00-00:00,2019-12-05T15:00:00-00:00,0,2019-12-05,7,0,ACTUAL,MWD-TAC,Total Actual Hourly Integrated Load,SYS_FCST_ACT_MW,3.3,74,ACTUAL,74
2019-12-05T23:00:00-00:00,2019-12-06T00:00:00-00:00,0,2019-12-05,16,0,ACTUAL,MWD-TAC,Total Actual Hourly Integrated Load,SYS_FCST_ACT_MW,3.3,99,ACTUAL,74
2019-12-05T17:00:00-00:00,2019-12-05T18:00:00-00:00,0,2019-12-05,10,0,ACTUAL,MWD-TAC,Total Actual Hourly Integrated Load,SYS_FCST_ACT_MW,3.3,94,ACTUAL,74
2019-12-06T00:00:00-00:00,2019-12-06T01:00:00-00:00,0,2019-12-05,17,0,ACTUAL,NEVP,Total Actual Hourly Integrated Load,SYS_FCST_ACT_MW,3.8,4105,ACTUAL,75
2019-12-05T19:00:00-00:00,2019-12-05T20:00:00-00:00,0,2019-12-05,12,0,ACTUAL,NEVP,Total Actual Hourly Integrated Load,SYS_FCST_ACT_MW,3.8,3707,ACTUAL,75
2019-12-05T21:00:00-00:00,2019-12-05T22:00:00-00:00,0,2019-12-05,14,0,ACTUAL,NEVP,Total Actual Hourly Integrated Load,SYS_FCST_ACT_MW,3.8,3707,ACTUAL,75
2019-12-06T06:00:00-00:00,2019-12-06T07:00:00-00:00,0,2019-12-05,23,0,ACTUAL,NEVP,Total Actual Hourly Integrated Load,SYS_FCST_ACT_MW,3.8,3825,ACTUAL,75
2019-12-05T17:00:00-00:00,2019-12-05T18:00:00-00:00,0,2019-12-05,10,0,ACTUAL,NEVP,Total Actual Hourly Integrated Load,SYS_FCST_ACT_MW,3.8,3800,ACTUAL,75
2019-12-06T04:00:00-00:00,2019-12-06T05:00:00-00:00,0,2019-12-05,21,0,ACTUAL,NEVP,Total Actual Hourly Integrated Load,SYS_FCST_ACT_MW,3.8,4159,ACTUAL,75
2019-12-05T11:00:00-00:00,2019-12-05T12:00:00-00:00,0,2019-12-05,4,0,ACTUAL,NEVP,Total Actual Hourly Integrated Load,SYS_FCST_ACT_MW,3.8,3473,ACTUAL,75
2019-12-05T12:00:00-00:00,2019-12-05T13:00:00-00:00,0,2019-12-05,5,0,ACTUAL,NEVP,Total Actual Hourly Integrated Load,SYS_FCST_ACT_MW,3.8,3553,ACTUAL,75
2019-12-05T14:00:00-00:00,2019-12-05T15:00:00-00:00,0,2019-12-05,7,0,ACTUAL,NEVP,Total Actual Hourly Integrated Load,SYS_FCST_ACT_MW,3.8,3931,ACTUAL,75
2019-12-05T22:00:00-00:00,2019-12-05T23:00:00-00:00,0,2019-12-05,15,0,ACTUAL,NEVP,Total Actual Hourly Integrated Load,SYS_FCST_ACT_MW,3.8,3744,ACTUAL,75
2019-12-05T23:00:00-00:00,2019-12-06T00:00:00-00:00,0,2019-12-05,16,0,ACTUAL,NEVP,Total Actual Hourly Integrated Load,SYS_FCST_ACT_MW,3.8,3862,ACTUAL,75
2019-12-05T10:00:00-00:00,2019-12-05T11:00:00-00:00,0,2019-12-05,3,0,ACTUAL,NEVP,Total Actual Hourly Integrated Load,SYS_FCST_ACT_MW,3.8,3467,ACTUAL,75
2019-12-05T08:00:00-00:00,2019-12-05T09:00:00-00:00,0,2019-12-05,1,0,ACTUAL,NEVP,Total Actual Hourly Integrated Load,SYS_FCST_ACT_MW,3.8,3578,ACTUAL,75
2019-12-05T16:00:00-00:00,2019-12-05T17:00:00-00:00,0,2019-12-05,9,0,ACTUAL,NEVP,Total Actual Hourly Integrated Load,SYS_FCST_ACT_MW,3.8,3847,ACTUAL,75
2019-12-05T20:00:00-00:00,2019-12-05T21:00:00-00:00,0,2019-12-05,13,0,ACTUAL,NEVP,Total Actual Hourly Integrated Load,SYS_FCST_ACT_MW,3.8,3700,ACTUAL,75
2019-12-06T03:00:00-00:00,2019-12-06T04:00:00-00:00,0,2019-12-05,20,0,ACTUAL,NEVP,Total Actual Hourly Integrated Load,SYS_FCST_ACT_MW,3.8,4223,ACTUAL,75
2019-12-06T05:00:00-00:00,2019-12-06T06:00:00-00:00,0,2019-12-05,22,0,ACTUAL,NEVP,Total Actual Hourly Integrated Load,SYS_FCST_ACT_MW,3.8,4018,ACTUAL,75
2019-12-06T01:00:00-00:00,2019-12-06T02:00:00-00:00,0,2019-12-05,18,0,ACTUAL,NEVP,Total Actual Hourly Integrated Load,SYS_FCST_ACT_MW,3.8,4267,ACTUAL,75
2019-12-05T09:00:00-00:00,2019-12-05T10:00:00-00:00,0,2019-12-05,2,0,ACTUAL,NEVP,Total Actual Hourly Integrated Load,SYS_FCST_ACT_MW,3.8,3505,ACTUAL,75
2019-12-06T02:00:00-00:00,2019-12-06T03:00:00-00:00,0,2019-12-05,19,0,ACTUAL,NEVP,Total Actual Hourly Integrated Load,SYS_FCST_ACT_MW,3.8,4254,ACTUAL,75
2019-12-06T07:00:00-00:00,2019-12-06T08:00:00-00:00,0,2019-12-05,24,0,ACTUAL,NEVP,Total Actual Hourly Integrated Load,SYS_FCST_ACT_MW,3.8,3647,ACTUAL,75
2019-12-05T13:00:00-00:00,2019-12-05T14:00:00-00:00,0,2019-12-05,6,0,ACTUAL,NEVP,Total Actual Hourly Integrated Load,SYS_FCST_ACT_MW,3.8,3735,ACTUAL,75
2019-12-05T18:00:00-00:00,2019-12-05T19:00:00-00:00,0,2019-12-05,11,0,ACTUAL,NEVP,Total Actual Hourly Integrated Load,SYS_FCST_ACT_MW,3.8,3758,ACTUAL,75
2019-12-05T15:00:00-00:00,2019-12-05T16:00:00-00:00,0,2019-12-05,8,0,ACTUAL,NEVP,Total Actual Hourly Integrated Load,SYS_FCST_ACT_MW,3.8,3909,ACTUAL,75
2019-12-05T22:00:00-00:00,2019-12-05T23:00:00-00:00,0,2019-12-05,15,0,ACTUAL,PACE,Total Actual Hourly Integrated Load,SYS_FCST_ACT_MW,3.8,5676,ACTUAL,76
2019-12-05T09:00:00-00:00,2019-12-05T10:00:00-00:00,0,2019-12-05,2,0,ACTUAL,PACE,Total Actual Hourly Integrated Load,SYS_FCST_ACT_MW,3.8,4776,ACTUAL,76
2019-12-05T17:00:00-00:00,2019-12-05T18:00:00-00:00,0,2019-12-05,10,0,ACTUAL,PACE,Total Actual Hourly Integrated Load,SYS_FCST_ACT_MW,3.8,5777,ACTUAL,76
2019-12-06T02:00:00-00:00,2019-12-06T03:00:00-00:00,0,2019-12-05,19,0,ACTUAL,PACE,Total Actual Hourly Integrated Load,SYS_FCST_ACT_MW,3.8,5925,ACTUAL,76
2019-12-06T06:00:00-00:00,2019-12-06T07:00:00-00:00,0,2019-12-05,23,0,ACTUAL,PACE,Total Actual Hourly Integrated Load,SYS_FCST_ACT_MW,3.8,5042,ACTUAL,76
2019-12-05T15:00:00-00:00,2019-12-05T16:00:00-00:00,0,2019-12-05,8,0,ACTUAL,PACE,Total Actual Hourly Integrated Load,SYS_FCST_ACT_MW,3.8,5804,ACTUAL,76
2019-12-05T16:00:00-00:00,2019-12-05T17:00:00-00:00,0,2019-12-05,9,0,ACTUAL,PACE,Total Actual Hourly Integrated Load,SYS_FCST_ACT_MW,3.8,5795,ACTUAL,76
2019-12-06T01:00:00-00:00,2019-12-06T02:00:00-00:00,0,2019-12-05,18,0,ACTUAL,PACE,Total Actual Hourly Integrated Load,SYS_FCST_ACT_MW,3.8,6017,ACTUAL,76
2019-12-06T07:00:00-00:00,2019-12-06T08:00:00-00:00,0,2019-12-05,24,0,ACTUAL,PACE,Total Actual Hourly Integrated Load,SYS_FCST_ACT_MW,3.8,4852,ACTUAL,76
2019-12-05T18:00:00-00:00,2019-12-05T19:00:00-00:00,0,2019-12-05,11,0,ACTUAL,PACE,Total Actual Hourly Integrated Load,SYS_FCST_ACT_MW,3.8,5732,ACTUAL,76
2019-12-05T21:00:00-00:00,2019-12-05T22:00:00-00:00,0,2019-12-05,14,0,ACTUAL,PACE,Total Actual Hourly Integrated Load,SYS_FCST_ACT_MW,3.8,5659,ACTUAL,76
2019-12-05T23:00:00-00:00,2019-12-06T00:00:00-00:00,0,2019-12-05,16,0,ACTUAL,PACE,Total Actual Hourly Integrated Load,SYS_FCST_ACT_MW,3.8,5795,ACTUAL,76
2019-12-06T04:00:00-00:00,2019-12-06T05:00:00-00:00,0,2019-12-05,21,0,ACTUAL,PACE,Total Actual Hourly Integrated Load,SYS_FCST_ACT_MW,3.8,5635,ACTUAL,76
2019-12-05T12:00:00-00:00,2019-12-05T13:00:00-00:00,0,2019-12-05,5,0,ACTUAL,PACE,Total Actual Hourly Integrated Load,SYS_FCST_ACT_MW,3.8,5082,ACTUAL,76
2019-12-05T08:00:00-00:00,2019-12-05T09:00:00-00:00,0,2019-12-05,1,0,ACTUAL,PACE,Total Actual Hourly Integrated Load,SYS_FCST_ACT_MW,3.8,4827,ACTUAL,76
2019-12-05T10:00:00-00:00,2019-12-05T11:00:00-00:00,0,2019-12-05,3,0,ACTUAL,PACE,Total Actual Hourly Integrated Load,SYS_FCST_ACT_MW,3.8,4779,ACTUAL,76
2019-12-06T00:00:00-00:00,2019-12-06T01:00:00-00:00,0,2019-12-05,17,0,ACTUAL,PACE,Total Actual Hourly Integrated Load,SYS_FCST_ACT_MW,3.8,6032,ACTUAL,76
2019-12-06T03:00:00-00:00,2019-12-06T04:00:00-00:00,0,2019-12-05,20,0,ACTUAL,PACE,Total Actual Hourly Integrated Load,SYS_FCST_ACT_MW,3.8,5826,ACTUAL,76
2019-12-06T05:00:00-00:00,2019-12-06T06:00:00-00:00,0,2019-12-05,22,0,ACTUAL,PACE,Total Actual Hourly Integrated Load,SYS_FCST_ACT_MW,3.8,5335,ACTUAL,76
2019-12-05T14:00:00-00:00,2019-12-05T15:00:00-00:00,0,2019-12-05,7,0,ACTUAL,PACE,Total Actual Hourly Integrated Load,SYS_FCST_ACT_MW,3.8,5740,ACTUAL,76
2019-12-05T11:00:00-00:00,2019-12-05T12:00:00-00:00,0,2019-12-05,4,0,ACTUAL,PACE,Total Actual Hourly Integrated Load,SYS_FCST_ACT_MW,3.8,4868,ACTUAL,76
2019-12-05T13:00:00-00:00,2019-12-05T14:00:00-00:00,0,2019-12-05,6,0,ACTUAL,PACE,Total Actual Hourly Integrated Load,SYS_FCST_ACT_MW,3.8,5432,ACTUAL,76
2019-12-05T19:00:00-00:00,2019-12-05T20:00:00-00:00,0,2019-12-05,12,0,ACTUAL,PACE,Total Actual Hourly Integrated Load,SYS_FCST_ACT_MW,3.8,5686,ACTUAL,76
2019-12-05T20:00:00-00:00,2019-12-05T21:00:00-00:00,0,2019-12-05,13,0,ACTUAL,PACE,Total Actual Hourly Integrated Load,SYS_FCST_ACT_MW,3.8,5677,ACTUAL,76
2019-12-06T05:00:00-00:00,2019-12-06T06:00:00-00:00,0,2019-12-05,22,0,ACTUAL,PACW,Total Actual Hourly Integrated Load,SYS_FCST_ACT_MW,3.8,2699,ACTUAL,77
2019-12-06T00:00:00-00:00,2019-12-06T01:00:00-00:00,0,2019-12-05,17,0,ACTUAL,PACW,Total Actual Hourly Integrated Load,SYS_FCST_ACT_MW,3.8,2871,ACTUAL,77
2019-12-05T12:00:00-00:00,2019-12-05T13:00:00-00:00,0,2019-12-05,5,0,ACTUAL,PACW,Total Actual Hourly Integrated Load,SYS_FCST_ACT_MW,3.8,2461,ACTUAL,77
2019-12-05T15:00:00-00:00,2019-12-05T16:00:00-00:00,0,2019-12-05,8,0,ACTUAL,PACW,Total Actual Hourly Integrated Load,SYS_FCST_ACT_MW,3.8,3232,ACTUAL,77
2019-12-05T22:00:00-00:00,2019-12-05T23:00:00-00:00,0,2019-12-05,15,0,ACTUAL,PACW,Total Actual Hourly Integrated Load,SYS_FCST_ACT_MW,3.8,2699,ACTUAL,77
2019-12-06T07:00:00-00:00,2019-12-06T08:00:00-00:00,0,2019-12-05,24,0,ACTUAL,PACW,Total Actual Hourly Integrated Load,SYS_FCST_ACT_MW,3.8,2337,ACTUAL,77
2019-12-05T08:00:00-00:00,2019-12-05T09:00:00-00:00,0,2019-12-05,1,0,ACTUAL,PACW,Total Actual Hourly Integrated Load,SYS_FCST_ACT_MW,3.8,2342,ACTUAL,77
2019-12-05T18:00:00-00:00,2019-12-05T19:00:00-00:00,0,2019-12-05,11,0,ACTUAL,PACW,Total Actual Hourly Integrated Load,SYS_FCST_ACT_MW,3.8,2969,ACTUAL,77
2019-12-05T17:00:00-00:00,2019-12-05T18:00:00-00:00,0,2019-12-05,10,0,ACTUAL,PACW,Total Actual Hourly Integrated Load,SYS_FCST_ACT_MW,3.8,3072,ACTUAL,77
2019-12-06T01:00:00-00:00,2019-12-06T02:00:00-00:00,0,2019-12-05,18,0,ACTUAL,PACW,Total Actual Hourly Integrated Load,SYS_FCST_ACT_MW,3.8,3000,ACTUAL,77
2019-12-06T06:00:00-00:00,2019-12-06T07:00:00-00:00,0,2019-12-05,23,0,ACTUAL,PACW,Total Actual Hourly Integrated Load,SYS_FCST_ACT_MW,3.8,2495,ACTUAL,77
2019-12-05T23:00:00-00:00,2019-12-06T00:00:00-00:00,0,2019-12-05,16,0,ACTUAL,PACW,Total Actual Hourly Integrated Load,SYS_FCST_ACT_MW,3.8,2719,ACTUAL,77
2019-12-06T02:00:00-00:00,2019-12-06T03:00:00-00:00,0,2019-12-05,19,0,ACTUAL,PACW,Total Actual Hourly Integrated Load,SYS_FCST_ACT_MW,3.8,2988,ACTUAL,77
2019-12-06T04:00:00-00:00,2019-12-06T05:00:00-00:00,0,2019-12-05,21,0,ACTUAL,PACW,Total Actual Hourly Integrated Load,SYS_FCST_ACT_MW,3.8,2860,ACTUAL,77
2019-12-05T14:00:00-00:00,2019-12-05T15:00:00-00:00,0,2019-12-05,7,0,ACTUAL,PACW,Total Actual Hourly Integrated Load,SYS_FCST_ACT_MW,3.8,3064,ACTUAL,77
2019-12-05T19:00:00-00:00,2019-12-05T20:00:00-00:00,0,2019-12-05,12,0,ACTUAL,PACW,Total Actual Hourly Integrated Load,SYS_FCST_ACT_MW,3.8,2863,ACTUAL,77
2019-12-05T20:00:00-00:00,2019-12-05T21:00:00-00:00,0,2019-12-05,13,0,ACTUAL,PACW,Total Actual Hourly Integrated Load,SYS_FCST_ACT_MW,3.8,2787,ACTUAL,77
2019-12-05T21:00:00-00:00,2019-12-05T22:00:00-00:00,0,2019-12-05,14,0,ACTUAL,PACW,Total Actual Hourly Integrated Load,SYS_FCST_ACT_MW,3.8,2739,ACTUAL,77
2019-12-05T13:00:00-00:00,2019-12-05T14:00:00-00:00,0,2019-12-05,6,0,ACTUAL,PACW,Total Actual Hourly Integrated Load,SYS_FCST_ACT_MW,3.8,2721,ACTUAL,77
2019-12-05T16:00:00-00:00,2019-12-05T17:00:00-00:00,0,2019-12-05,9,0,ACTUAL,PACW,Total Actual Hourly Integrated Load,SYS_FCST_ACT_MW,3.8,3148,ACTUAL,77
2019-12-06T03:00:00-00:00,2019-12-06T04:00:00-00:00,0,2019-12-05,20,0,ACTUAL,PACW,Total Actual Hourly Integrated Load,SYS_FCST_ACT_MW,3.8,2934,ACTUAL,77
2019-12-05T10:00:00-00:00,2019-12-05T11:00:00-00:00,0,2019-12-05,3,0,ACTUAL,PACW,Total Actual Hourly Integrated Load,SYS_FCST_ACT_MW,3.8,2309,ACTUAL,77
2019-12-05T11:00:00-00:00,2019-12-05T12:00:00-00:00,0,2019-12-05,4,0,ACTUAL,PACW,Total Actual Hourly Integrated Load,SYS_FCST_ACT_MW,3.8,2353,ACTUAL,77
2019-12-05T09:00:00-00:00,2019-12-05T10:00:00-00:00,0,2019-12-05,2,0,ACTUAL,PACW,Total Actual Hourly Integrated Load,SYS_FCST_ACT_MW,3.8,2314,ACTUAL,77
2019-12-05T10:00:00-00:00,2019-12-05T11:00:00-00:00,0,2019-12-05,3,0,ACTUAL,PGE,Total Actual Hourly Integrated Load,SYS_FCST_ACT_MW,3.8,2053,ACTUAL,78
2019-12-05T12:00:00-00:00,2019-12-05T13:00:00-00:00,0,2019-12-05,5,0,ACTUAL,PGE,Total Actual Hourly Integrated Load,SYS_FCST_ACT_MW,3.8,2191,ACTUAL,78
2019-12-05T23:00:00-00:00,2019-12-06T00:00:00-00:00,0,2019-12-05,16,0,ACTUAL,PGE,Total Actual Hourly Integrated Load,SYS_FCST_ACT_MW,3.8,2635,ACTUAL,78
2019-12-06T03:00:00-00:00,2019-12-06T04:00:00-00:00,0,2019-12-05,20,0,ACTUAL,PGE,Total Actual Hourly Integrated Load,SYS_FCST_ACT_MW,3.8,2935,ACTUAL,78
2019-12-05T13:00:00-00:00,2019-12-05T14:00:00-00:00,0,2019-12-05,6,0,ACTUAL,PGE,Total Actual Hourly Integrated Load,SYS_FCST_ACT_MW,3.8,2455,ACTUAL,78
2019-12-05T18:00:00-00:00,2019-12-05T19:00:00-00:00,0,2019-12-05,11,0,ACTUAL,PGE,Total Actual Hourly Integrated Load,SYS_FCST_ACT_MW,3.8,2853,ACTUAL,78
2019-12-05T19:00:00-00:00,2019-12-05T20:00:00-00:00,0,2019-12-05,12,0,ACTUAL,PGE,Total Actual Hourly Integrated Load,SYS_FCST_ACT_MW,3.8,2745,ACTUAL,78
2019-12-06T00:00:00-00:00,2019-12-06T01:00:00-00:00,0,2019-12-05,17,0,ACTUAL,PGE,Total Actual Hourly Integrated Load,SYS_FCST_ACT_MW,3.8,2806,ACTUAL,78
2019-12-05T15:00:00-00:00,2019-12-05T16:00:00-00:00,0,2019-12-05,8,0,ACTUAL,PGE,Total Actual Hourly Integrated Load,SYS_FCST_ACT_MW,3.8,2994,ACTUAL,78
2019-12-05T22:00:00-00:00,2019-12-05T23:00:00-00:00,0,2019-12-05,15,0,ACTUAL,PGE,Total Actual Hourly Integrated Load,SYS_FCST_ACT_MW,3.8,2594,ACTUAL,78
2019-12-06T01:00:00-00:00,2019-12-06T02:00:00-00:00,0,2019-12-05,18,0,ACTUAL,PGE,Total Actual Hourly Integrated Load,SYS_FCST_ACT_MW,3.8,2978,ACTUAL,78
2019-12-06T05:00:00-00:00,2019-12-06T06:00:00-00:00,0,2019-12-05,22,0,ACTUAL,PGE,Total Actual Hourly Integrated Load,SYS_FCST_ACT_MW,3.8,2679,ACTUAL,78
2019-12-06T06:00:00-00:00,2019-12-06T07:00:00-00:00,0,2019-12-05,23,0,ACTUAL,PGE,Total Actual Hourly Integrated Load,SYS_FCST_ACT_MW,3.8,2451,ACTUAL,78
2019-12-05T21:00:00-00:00,2019-12-05T22:00:00-00:00,0,2019-12-05,14,0,ACTUAL,PGE,Total Actual Hourly Integrated Load,SYS_FCST_ACT_MW,3.8,2632,ACTUAL,78
2019-12-05T08:00:00-00:00,2019-12-05T09:00:00-00:00,0,2019-12-05,1,0,ACTUAL,PGE,Total Actual Hourly Integrated Load,SYS_FCST_ACT_MW,3.8,2157,ACTUAL,78
2019-12-05T20:00:00-00:00,2019-12-05T21:00:00-00:00,0,2019-12-05,13,0,ACTUAL,PGE,Total Actual Hourly Integrated Load,SYS_FCST_ACT_MW,3.8,2687,ACTUAL,78
2019-12-05T09:00:00-00:00,2019-12-05T10:00:00-00:00,0,2019-12-05,2,0,ACTUAL,PGE,Total Actual Hourly Integrated Load,SYS_FCST_ACT_MW,3.8,2087,ACTUAL,78
2019-12-05T17:00:00-00:00,2019-12-05T18:00:00-00:00,0,2019-12-05,10,0,ACTUAL,PGE,Total Actual Hourly Integrated Load,SYS_FCST_ACT_MW,3.8,2924,ACTUAL,78
2019-12-05T14:00:00-00:00,2019-12-05T15:00:00-00:00,0,2019-12-05,7,0,ACTUAL,PGE,Total Actual Hourly Integrated Load,SYS_FCST_ACT_MW,3.8,2785,ACTUAL,78
2019-12-05T11:00:00-00:00,2019-12-05T12:00:00-00:00,0,2019-12-05,4,0,ACTUAL,PGE,Total Actual Hourly Integrated Load,SYS_FCST_ACT_MW,3.8,2080,ACTUAL,78
2019-12-05T16:00:00-00:00,2019-12-05T17:00:00-00:00,0,2019-12-05,9,0,ACTUAL,PGE,Total Actual Hourly Integrated Load,SYS_FCST_ACT_MW,3.8,2979,ACTUAL,78
2019-12-06T02:00:00-00:00,2019-12-06T03:00:00-00:00,0,2019-12-05,19,0,ACTUAL,PGE,Total Actual Hourly Integrated Load,SYS_FCST_ACT_MW,3.8,2981,ACTUAL,78
2019-12-06T04:00:00-00:00,2019-12-06T05:00:00-00:00,0,2019-12-05,21,0,ACTUAL,PGE,Total Actual Hourly Integrated Load,SYS_FCST_ACT_MW,3.8,2844,ACTUAL,78
2019-12-06T07:00:00-00:00,2019-12-06T08:00:00-00:00,0,2019-12-05,24,0,ACTUAL,PGE,Total Actual Hourly Integrated Load,SYS_FCST_ACT_MW,3.8,2249,ACTUAL,78
2019-12-05T10:00:00-00:00,2019-12-05T11:00:00-00:00,0,2019-12-05,3,0,ACTUAL,PGE-TAC,Total Actual Hourly Integrated Load,SYS_FCST_ACT_MW,3.1,9129,ACTUAL,79
2019-12-06T01:00:00-00:00,2019-12-06T02:00:00-00:00,0,2019-12-05,18,0,ACTUAL,PGE-TAC,Total Actual Hourly Integrated Load,SYS_FCST_ACT_MW,3.1,13145,ACTUAL,79
2019-12-05T20:00:00-00:00,2019-12-05T21:00:00-00:00,0,2019-12-05,13,0,ACTUAL,PGE-TAC,Total Actual Hourly Integrated Load,SYS_FCST_ACT_MW,3.1,11247,ACTUAL,79
2019-12-06T06:00:00-00:00,2019-12-06T07:00:00-00:00,0,2019-12-05,23,0,ACTUAL,PGE-TAC,Total Actual Hourly Integrated Load,SYS_FCST_ACT_MW,3.1,10999,ACTUAL,79
2019-12-05T17:00:00-00:00,2019-12-05T18:00:00-00:00,0,2019-12-05,10,0,ACTUAL,PGE-TAC,Total Actual Hourly Integrated Load,SYS_FCST_ACT_MW,3.1,11119,ACTUAL,79
2019-12-06T04:00:00-00:00,2019-12-06T05:00:00-00:00,0,2019-12-05,21,0,ACTUAL,PGE-TAC,Total Actual Hourly Integrated Load,SYS_FCST_ACT_MW,3.1,12512,ACTUAL,79
2019-12-05T16:00:00-00:00,2019-12-05T17:00:00-00:00,0,2019-12-05,9,0,ACTUAL,PGE-TAC,Total Actual Hourly Integrated Load,SYS_FCST_ACT_MW,3.1,11590,ACTUAL,79
2019-12-05T08:00:00-00:00,2019-12-05T09:00:00-00:00,0,2019-12-05,1,0,ACTUAL,PGE-TAC,Total Actual Hourly Integrated Load,SYS_FCST_ACT_MW,3.1,9715,ACTUAL,79
2019-12-06T00:00:00-00:00,2019-12-06T01:00:00-00:00,0,2019-12-05,17,0,ACTUAL,PGE-TAC,Total Actual Hourly Integrated Load,SYS_FCST_ACT_MW,3.1,12415,ACTUAL,79
2019-12-06T02:00:00-00:00,2019-12-06T03:00:00-00:00,0,2019-12-05,19,0,ACTUAL,PGE-TAC,Total Actual Hourly Integrated Load,SYS_FCST_ACT_MW,3.1,13137,ACTUAL,79
2019-12-05T19:00:00-00:00,2019-12-05T20:00:00-00:00,0,2019-12-05,12,0,ACTUAL,PGE-TAC,Total Actual Hourly Integrated Load,SYS_FCST_ACT_MW,3.1,11205,ACTUAL,79
2019-12-05T15:00:00-00:00,2019-12-05T16:00:00-00:00,0,2019-12-05,8,0,ACTUAL,PGE-TAC,Total Actual Hourly Integrated Load,SYS_FCST_ACT_MW,3.1,11820,ACTUAL,79
2019-12-05T14:00:00-00:00,2019-12-05T15:00:00-00:00,0,2019-12-05,7,0,ACTUAL,PGE-TAC,Total Actual Hourly Integrated Load,SYS_FCST_ACT_MW,3.1,11209,ACTUAL,79
2019-12-05T11:00:00-00:00,2019-12-05T12:00:00-00:00,0,2019-12-05,4,0,ACTUAL,PGE-TAC,Total Actual Hourly Integrated Load,SYS_FCST_ACT_MW,3.1,9099,ACTUAL,79
2019-12-05T09:00:00-00:00,2019-12-05T10:00:00-00:00,0,2019-12-05,2,0,ACTUAL,PGE-TAC,Total Actual Hourly Integrated Load,SYS_FCST_ACT_MW,3.1,9374,ACTUAL,79
2019-12-05T23:00:00-00:00,2019-12-06T00:00:00-00:00,0,2019-12-05,16,0,ACTUAL,PGE-TAC,Total Actual Hourly Integrated Load,SYS_FCST_ACT_MW,3.1,11723,ACTUAL,79
2019-12-06T05:00:00-00:00,2019-12-06T06:00:00-00:00,0,2019-12-05,22,0,ACTUAL,PGE-TAC,Total Actual Hourly Integrated Load,SYS_FCST_ACT_MW,3.1,11906,ACTUAL,79
2019-12-05T13:00:00-00:00,2019-12-05T14:00:00-00:00,0,2019-12-05,6,0,ACTUAL,PGE-TAC,Total Actual Hourly Integrated Load,SYS_FCST_ACT_MW,3.1,10058,ACTUAL,79
2019-12-05T12:00:00-00:00,2019-12-05T13:00:00-00:00,0,2019-12-05,5,0,ACTUAL,PGE-TAC,Total Actual Hourly Integrated Load,SYS_FCST_ACT_MW,3.1,9348,ACTUAL,79
2019-12-05T18:00:00-00:00,2019-12-05T19:00:00-00:00,0,2019-12-05,11,0,ACTUAL,PGE-TAC,Total Actual Hourly Integrated Load,SYS_FCST_ACT_MW,3.1,11249,ACTUAL,79
2019-12-05T22:00:00-00:00,2019-12-05T23:00:00-00:00,0,2019-12-05,15,0,ACTUAL,PGE-TAC,Total Actual Hourly Integrated Load,SYS_FCST_ACT_MW,3.1,11440,ACTUAL,79
2019-12-05T21:00:00-00:00,2019-12-05T22:00:00-00:00,0,2019-12-05,14,0,ACTUAL,PGE-TAC,Total Actual Hourly Integrated Load,SYS_FCST_ACT_MW,3.1,11456,ACTUAL,79
2019-12-06T03:00:00-00:00,2019-12-06T04:00:00-00:00,0,2019-12-05,20,0,ACTUAL,PGE-TAC,Total Actual Hourly Integrated Load,SYS_FCST_ACT_MW,3.1,12877,ACTUAL,79
2019-12-06T07:00:00-00:00,2019-12-06T08:00:00-00:00,0,2019-12-05,24,0,ACTUAL,PGE-TAC,Total Actual Hourly Integrated Load,SYS_FCST_ACT_MW,3.1,10203,ACTUAL,79
2019-12-06T00:00:00-00:00,2019-12-06T01:00:00-00:00,0,2019-12-05,17,0,ACTUAL,PSEI,Total Actual Hourly Integrated Load,SYS_FCST_ACT_MW,3.8,3475,ACTUAL,80
2019-12-05T22:00:00-00:00,2019-12-05T23:00:00-00:00,0,2019-12-05,15,0,ACTUAL,PSEI,Total Actual Hourly Integrated Load,SYS_FCST_ACT_MW,3.8,3168,ACTUAL,80
2019-12-05T18:00:00-00:00,2019-12-05T19:00:00-00:00,0,2019-12-05,11,0,ACTUAL,PSEI,Total Actual Hourly Integrated Load,SYS_FCST_ACT_MW,3.8,3304,ACTUAL,80
2019-12-05T16:00:00-00:00,2019-12-05T17:00:00-00:00,0,2019-12-05,9,0,ACTUAL,PSEI,Total Actual Hourly Integrated Load,SYS_FCST_ACT_MW,3.8,3401,ACTUAL,80
2019-12-05T11:00:00-00:00,2019-12-05T12:00:00-00:00,0,2019-12-05,4,0,ACTUAL,PSEI,Total Actual Hourly Integrated Load,SYS_FCST_ACT_MW,3.8,2369,ACTUAL,80
2019-12-05T09:00:00-00:00,2019-12-05T10:00:00-00:00,0,2019-12-05,2,0,ACTUAL,PSEI,Total Actual Hourly Integrated Load,SYS_FCST_ACT_MW,3.8,2362,ACTUAL,80
2019-12-05T19:00:00-00:00,2019-12-05T20:00:00-00:00,0,2019-12-05,12,0,ACTUAL,PSEI,Total Actual Hourly Integrated Load,SYS_FCST_ACT_MW,3.8,3267,ACTUAL,80
2019-12-05T13:00:00-00:00,2019-12-05T14:00:00-00:00,0,2019-12-05,6,0,ACTUAL,PSEI,Total Actual Hourly Integrated Load,SYS_FCST_ACT_MW,3.8,2826,ACTUAL,80
2019-12-05T21:00:00-00:00,2019-12-05T22:00:00-00:00,0,2019-12-05,14,0,ACTUAL,PSEI,Total Actual Hourly Integrated Load,SYS_FCST_ACT_MW,3.8,3198,ACTUAL,80
2019-12-05T15:00:00-00:00,2019-12-05T16:00:00-00:00,0,2019-12-05,8,0,ACTUAL,PSEI,Total Actual Hourly Integrated Load,SYS_FCST_ACT_MW,3.8,3419,ACTUAL,80
2019-12-05T14:00:00-00:00,2019-12-05T15:00:00-00:00,0,2019-12-05,7,0,ACTUAL,PSEI,Total Actual Hourly Integrated Load,SYS_FCST_ACT_MW,3.8,3201,ACTUAL,80
2019-12-06T01:00:00-00:00,2019-12-06T02:00:00-00:00,0,2019-12-05,18,0,ACTUAL,PSEI,Total Actual Hourly Integrated Load,SYS_FCST_ACT_MW,3.8,3641,ACTUAL,80
2019-12-05T17:00:00-00:00,2019-12-05T18:00:00-00:00,0,2019-12-05,10,0,ACTUAL,PSEI,Total Actual Hourly Integrated Load,SYS_FCST_ACT_MW,3.8,3353,ACTUAL,80
2019-12-06T06:00:00-00:00,2019-12-06T07:00:00-00:00,0,2019-12-05,23,0,ACTUAL,PSEI,Total Actual Hourly Integrated Load,SYS_FCST_ACT_MW,3.8,2905,ACTUAL,80
2019-12-06T02:00:00-00:00,2019-12-06T03:00:00-00:00,0,2019-12-05,19,0,ACTUAL,PSEI,Total Actual Hourly Integrated Load,SYS_FCST_ACT_MW,3.8,3621,ACTUAL,80
2019-12-05T10:00:00-00:00,2019-12-05T11:00:00-00:00,0,2019-12-05,3,0,ACTUAL,PSEI,Total Actual Hourly Integrated Load,SYS_FCST_ACT_MW,3.8,2332,ACTUAL,80
2019-12-06T05:00:00-00:00,2019-12-06T06:00:00-00:00,0,2019-12-05,22,0,ACTUAL,PSEI,Total Actual Hourly Integrated Load,SYS_FCST_ACT_MW,3.8,3201,ACTUAL,80
2019-12-06T04:00:00-00:00,2019-12-06T05:00:00-00:00,0,2019-12-05,21,0,ACTUAL,PSEI,Total Actual Hourly Integrated Load,SYS_FCST_ACT_MW,3.8,3417,ACTUAL,80
2019-12-05T23:00:00-00:00,2019-12-06T00:00:00-00:00,0,2019-12-05,16,0,ACTUAL,PSEI,Total Actual Hourly Integrated Load,SYS_FCST_ACT_MW,3.8,3234,ACTUAL,80
2019-12-05T12:00:00-00:00,2019-12-05T13:00:00-00:00,0,2019-12-05,5,0,ACTUAL,PSEI,Total Actual Hourly Integrated Load,SYS_FCST_ACT_MW,3.8,2523,ACTUAL,80
2019-12-05T08:00:00-00:00,2019-12-05T09:00:00-00:00,0,2019-12-05,1,0,ACTUAL,PSEI,Total Actual Hourly Integrated Load,SYS_FCST_ACT_MW,3.8,2445,ACTUAL,80
2019-12-06T07:00:00-00:00,2019-12-06T08:00:00-00:00,0,2019-12-05,24,0,ACTUAL,PSEI,Total Actual Hourly Integrated Load,SYS_FCST_ACT_MW,3.8,2649,ACTUAL,80
2019-12-05T20:00:00-00:00,2019-12-05T21:00:00-00:00,0,2019-12-05,13,0,ACTUAL,PSEI,Total Actual Hourly Integrated Load,SYS_FCST_ACT_MW,3.8,3242,ACTUAL,80
2019-12-06T03:00:00-00:00,2019-12-06T04:00:00-00:00,0,2019-12-05,20,0,ACTUAL,PSEI,Total Actual Hourly Integrated Load,SYS_FCST_ACT_MW,3.8,3540,ACTUAL,80
2019-12-05T20:00:00-00:00,2019-12-05T21:00:00-00:00,0,2019-12-05,13,0,ACTUAL,SCE-TAC,Total Actual Hourly Integrated Load,SYS_FCST_ACT_MW,3.2,10819,ACTUAL,81
2019-12-06T03:00:00-00:00,2019-12-06T04:00:00-00:00,0,2019-12-05,20,0,ACTUAL,SCE-TAC,Total Actual Hourly Integrated Load,SYS_FCST_ACT_MW,3.2,12676,ACTUAL,81
2019-12-05T11:00:00-00:00,2019-12-05T12:00:00-00:00,0,2019-12-05,4,0,ACTUAL,SCE-TAC,Total Actual Hourly Integrated Load,SYS_FCST_ACT_MW,3.2,9175,ACTUAL,81
2019-12-05T15:00:00-00:00,2019-12-05T16:00:00-00:00,0,2019-12-05,8,0,ACTUAL,SCE-TAC,Total Actual Hourly Integrated Load,SYS_FCST_ACT_MW,3.2,11475,ACTUAL,81
2019-12-05T19:00:00-00:00,2019-12-05T20:00:00-00:00,0,2019-12-05,12,0,ACTUAL,SCE-TAC,Total Actual Hourly Integrated Load,SYS_FCST_ACT_MW,3.2,10666,ACTUAL,81
2019-12-05T23:00:00-00:00,2019-12-06T00:00:00-00:00,0,2019-12-05,16,0,ACTUAL,SCE-TAC,Total Actual Hourly Integrated Load,SYS_FCST_ACT_MW,3.2,11374,ACTUAL,81
2019-12-05T08:00:00-00:00,2019-12-05T09:00:00-00:00,0,2019-12-05,1,0,ACTUAL,SCE-TAC,Total Actual Hourly Integrated Load,SYS_FCST_ACT_MW,3.2,9794,ACTUAL,81
2019-12-05T18:00:00-00:00,2019-12-05T19:00:00-00:00,0,2019-12-05,11,0,ACTUAL,SCE-TAC,Total Actual Hourly Integrated Load,SYS_FCST_ACT_MW,3.2,10763,ACTUAL,81
2019-12-05T21:00:00-00:00,2019-12-05T22:00:00-00:00,0,2019-12-05,14,0,ACTUAL,SCE-TAC,Total Actual Hourly Integrated Load,SYS_FCST_ACT_MW,3.2,11034,ACTUAL,81
2019-12-06T00:00:00-00:00,2019-12-06T01:00:00-00:00,0,2019-12-05,17,0,ACTUAL,SCE-TAC,Total Actual Hourly Integrated Load,SYS_FCST_ACT_MW,3.2,12048,ACTUAL,81
2019-12-06T04:00:00-00:00,2019-12-06T05:00:00-00:00,0,2019-12-05,21,0,ACTUAL,SCE-TAC,Total Actual Hourly Integrated Load,SYS_FCST_ACT_MW,3.2,12384,ACTUAL,81
2019-12-05T12:00:00-00:00,2019-12-05T13:00:00-00:00,0,2019-12-05,5,0,ACTUAL,SCE-TAC,Total Actual Hourly Integrated Load,SYS_FCST_ACT_MW,3.2,9473,ACTUAL,81
2019-12-05T17:00:00-00:00,2019-12-05T18:00:00-00:00,0,2019-12-05,10,0,ACTUAL,SCE-TAC,Total Actual Hourly Integrated Load,SYS_FCST_ACT_MW,3.2,11144,ACTUAL,81
2019-12-05T22:00:00-00:00,2019-12-05T23:00:00-00:00,0,2019-12-05,15,0,ACTUAL,SCE-TAC,Total Actual Hourly Integrated Load,SYS_FCST_ACT_MW,3.2,11095,ACTUAL,81
2019-12-06T01:00:00-00:00,2019-12-06T02:00:00-00:00,0,2019-12-05,18,0,ACTUAL,SCE-TAC,Total Actual Hourly Integrated Load,SYS_FCST_ACT_MW,3.2,12834,ACTUAL,81
2019-12-06T02:00:00-00:00,2019-12-06T03:00:00-00:00,0,2019-12-05,19,0,ACTUAL,SCE-TAC,Total Actual Hourly Integrated Load,SYS_FCST_ACT_MW,3.2,12818,ACTUAL,81
2019-12-06T07:00:00-00:00,2019-12-06T08:00:00-00:00,0,2019-12-05,24,0,ACTUAL,SCE-TAC,Total Actual Hourly Integrated Load,SYS_FCST_ACT_MW,3.2,10317,ACTUAL,81
2019-12-05T09:00:00-00:00,2019-12-05T10:00:00-00:00,0,2019-12-05,2,0,ACTUAL,SCE-TAC,Total Actual Hourly Integrated Load,SYS_FCST_ACT_MW,3.2,9437,ACTUAL,81
2019-12-05T13:00:00-00:00,2019-12-05T14:00:00-00:00,0,2019-12-05,6,0,ACTUAL,SCE-TAC,Total Actual Hourly Integrated Load,SYS_FCST_ACT_MW,3.2,10198,ACTUAL,81
2019-12-05T10:00:00-00:00,2019-12-05T11:00:00-00:00,0,2019-12-05,3,0,ACTUAL,SCE-TAC,Total Actual Hourly Integrated Load,SYS_FCST_ACT_MW,3.2,9217,ACTUAL,81
2019-12-05T14:00:00-00:00,2019-12-05T15:00:00-00:00,0,2019-12-05,7,0,ACTUAL,SCE-TAC,Total Actual Hourly Integrated Load,SYS_FCST_ACT_MW,3.2,11159,ACTUAL,81
2019-12-05T16:00:00-00:00,2019-12-05T17:00:00-00:00,0,2019-12-05,9,0,ACTUAL,SCE-TAC,Total Actual Hourly Integrated Load,SYS_FCST_ACT_MW,3.2,11325,ACTUAL,81
2019-12-06T05:00:00-00:00,2019-12-06T06:00:00-00:00,0,2019-12-05,22,0,ACTUAL,SCE-TAC,Total Actual Hourly Integrated Load,SYS_FCST_ACT_MW,3.2,11861,ACTUAL,81
2019-12-06T06:00:00-00:00,2019-12-06T07:00:00-00:00,0,2019-12-05,23,0,ACTUAL,SCE-TAC,Total Actual Hourly Integrated Load,SYS_FCST_ACT_MW,3.2,11085,ACTUAL,81
2019-12-06T03:00:00-00:00,2019-12-06T04:00:00-00:00,0,2019-12-05,20,0,ACTUAL,SCL,Total Actual Hourly Integrated Load,SYS_FCST_ACT_MW,3.8,1299,ACTUAL,82
2019-12-06T05:00:00-00:00,2019-12-06T06:00:00-00:00,0,2019-12-05,22,0,ACTUAL,SCL,Total Actual Hourly Integrated Load,SYS_FCST_ACT_MW,3.8,1192,ACTUAL,82
2019-12-06T00:00:00-00:00,2019-12-06T01:00:00-00:00,0,2019-12-05,17,0,ACTUAL,SCL,Total Actual Hourly Integrated Load,SYS_FCST_ACT_MW,3.8,1287,ACTUAL,82
2019-12-05T12:00:00-00:00,2019-12-05T13:00:00-00:00,0,2019-12-05,5,0,ACTUAL,SCL,Total Actual Hourly Integrated Load,SYS_FCST_ACT_MW,3.8,928,ACTUAL,82
2019-12-05T19:00:00-00:00,2019-12-05T20:00:00-00:00,0,2019-12-05,12,0,ACTUAL,SCL,Total Actual Hourly Integrated Load,SYS_FCST_ACT_MW,3.8,1266,ACTUAL,82
2019-12-06T02:00:00-00:00,2019-12-06T03:00:00-00:00,0,2019-12-05,19,0,ACTUAL,SCL,Total Actual Hourly Integrated Load,SYS_FCST_ACT_MW,3.8,1330,ACTUAL,82
2019-12-06T06:00:00-00:00,2019-12-06T07:00:00-00:00,0,2019-12-05,23,0,ACTUAL,SCL,Total Actual Hourly Integrated Load,SYS_FCST_ACT_MW,3.8,1094,ACTUAL,82
2019-12-05T08:00:00-00:00,2019-12-05T09:00:00-00:00,0,2019-12-05,1,0,ACTUAL,SCL,Total Actual Hourly Integrated Load,SYS_FCST_ACT_MW,3.8,934,ACTUAL,82
2019-12-05T11:00:00-00:00,2019-12-05T12:00:00-00:00,0,2019-12-05,4,0,ACTUAL,SCL,Total Actual Hourly Integrated Load,SYS_FCST_ACT_MW,3.8,880,ACTUAL,82
2019-12-05T13:00:00-00:00,2019-12-05T14:00:00-00:00,0,2019-12-05,6,0,ACTUAL,SCL,Total Actual Hourly Integrated Load,SYS_FCST_ACT_MW,3.8,1047,ACTUAL,82
2019-12-06T04:00:00-00:00,2019-12-06T05:00:00-00:00,0,2019-12-05,21,0,ACTUAL,SCL,Total Actual Hourly Integrated Load,SYS_FCST_ACT_MW,3.8,1257,ACTUAL,82
2019-12-06T07:00:00-00:00,2019-12-06T08:00:00-00:00,0,2019-12-05,24,0,ACTUAL,SCL,Total Actual Hourly Integrated Load,SYS_FCST_ACT_MW,3.8,999,ACTUAL,82
2019-12-05T09:00:00-00:00,2019-12-05T10:00:00-00:00,0,2019-12-05,2,0,ACTUAL,SCL,Total Actual Hourly Integrated Load,SYS_FCST_ACT_MW,3.8,894,ACTUAL,82
2019-12-05T21:00:00-00:00,2019-12-05T22:00:00-00:00,0,2019-12-05,14,0,ACTUAL,SCL,Total Actual Hourly Integrated Load,SYS_FCST_ACT_MW,3.8,1233,ACTUAL,82
2019-12-06T01:00:00-00:00,2019-12-06T02:00:00-00:00,0,2019-12-05,18,0,ACTUAL,SCL,Total Actual Hourly Integrated Load,SYS_FCST_ACT_MW,3.8,1344,ACTUAL,82
2019-12-05T18:00:00-00:00,2019-12-05T19:00:00-00:00,0,2019-12-05,11,0,ACTUAL,SCL,Total Actual Hourly Integrated Load,SYS_FCST_ACT_MW,3.8,1276,ACTUAL,82
2019-12-05T10:00:00-00:00,2019-12-05T11:00:00-00:00,0,2019-12-05,3,0,ACTUAL,SCL,Total Actual Hourly Integrated Load,SYS_FCST_ACT_MW,3.8,875,ACTUAL,82
2019-12-05T15:00:00-00:00,2019-12-05T16:00:00-00:00,0,2019-12-05,8,0,ACTUAL,SCL,Total Actual Hourly Integrated Load,SYS_FCST_ACT_MW,3.8,1333,ACTUAL,82
2019-12-05T17:00:00-00:00,2019-12-05T18:00:00-00:00,0,2019-12-05,10,0,ACTUAL,SCL,Total Actual Hourly Integrated Load,SYS_FCST_ACT_MW,3.8,1305,ACTUAL,82
2019-12-05T23:00:00-00:00,2019-12-06T00:00:00-00:00,0,2019-12-05,16,0,ACTUAL,SCL,Total Actual Hourly Integrated Load,SYS_FCST_ACT_MW,3.8,1210,ACTUAL,82
2019-12-05T16:00:00-00:00,2019-12-05T17:00:00-00:00,0,2019-12-05,9,0,ACTUAL,SCL,Total Actual Hourly Integrated Load,SYS_FCST_ACT_MW,3.8,1330,ACTUAL,82
2019-12-05T20:00:00-00:00,2019-12-05T21:00:00-00:00,0,2019-12-05,13,0,ACTUAL,SCL,Total Actual Hourly Integrated Load,SYS_FCST_ACT_MW,3.8,1254,ACTUAL,82
2019-12-05T22:00:00-00:00,2019-12-05T23:00:00-00:00,0,2019-12-05,15,0,ACTUAL,SCL,Total Actual Hourly Integrated Load,SYS_FCST_ACT_MW,3.8,1199,ACTUAL,82
2019-12-05T14:00:00-00:00,2019-12-05T15:00:00-00:00,0,2019-12-05,7,0,ACTUAL,SCL,Total Actual Hourly Integrated Load,SYS_FCST_ACT_MW,3.8,1215,ACTUAL,82
2019-12-05T08:00:00-00:00,2019-12-05T09:00:00-00:00,0,2019-12-05,1,0,ACTUAL,SDGE-TAC,Total Actual Hourly Integrated Load,SYS_FCST_ACT_MW,3.4,1944,ACTUAL,83
2019-12-06T02:00:00-00:00,2019-12-06T03:00:00-00:00,0,2019-12-05,19,0,ACTUAL,SDGE-TAC,Total Actual Hourly Integrated Load,SYS_FCST_ACT_MW,3.4,2746,ACTUAL,83
2019-12-05T18:00:00-00:00,2019-12-05T19:00:00-00:00,0,2019-12-05,11,0,ACTUAL,SDGE-TAC,Total Actual Hourly Integrated Load,SYS_FCST_ACT_MW,3.4,1963,ACTUAL,83
2019-12-05T20:00:00-00:00,2019-12-05T21:00:00-00:00,0,2019-12-05,13,0,ACTUAL,SDGE-TAC,Total Actual Hourly Integrated Load,SYS_FCST_ACT_MW,3.4,1929,ACTUAL,83
2019-12-05T23:00:00-00:00,2019-12-06T00:00:00-00:00,0,2019-12-05,16,0,ACTUAL,SDGE-TAC,Total Actual Hourly Integrated Load,SYS_FCST_ACT_MW,3.4,2332,ACTUAL,83
2019-12-05T14:00:00-00:00,2019-12-05T15:00:00-00:00,0,2019-12-05,7,0,ACTUAL,SDGE-TAC,Total Actual Hourly Integrated Load,SYS_FCST_ACT_MW,3.4,2247,ACTUAL,83
2019-12-06T01:00:00-00:00,2019-12-06T02:00:00-00:00,0,2019-12-05,18,0,ACTUAL,SDGE-TAC,Total Actual Hourly Integrated Load,SYS_FCST_ACT_MW,3.4,2781,ACTUAL,83
2019-12-05T21:00:00-00:00,2019-12-05T22:00:00-00:00,0,2019-12-05,14,0,ACTUAL,SDGE-TAC,Total Actual Hourly Integrated Load,SYS_FCST_ACT_MW,3.4,2067,ACTUAL,83
2019-12-06T04:00:00-00:00,2019-12-06T05:00:00-00:00,0,2019-12-05,21,0,ACTUAL,SDGE-TAC,Total Actual Hourly Integrated Load,SYS_FCST_ACT_MW,3.4,2594,ACTUAL,83
2019-12-05T19:00:00-00:00,2019-12-05T20:00:00-00:00,0,2019-12-05,12,0,ACTUAL,SDGE-TAC,Total Actual Hourly Integrated Load,SYS_FCST_ACT_MW,3.4,1914,ACTUAL,83
2019-12-06T03:00:00-00:00,2019-12-06T04:00:00-00:00,0,2019-12-05,20,0,ACTUAL,SDGE-TAC,Total Actual Hourly Integrated Load,SYS_FCST_ACT_MW,3.4,2681,ACTUAL,83
2019-12-05T11:00:00-00:00,2019-12-05T12:00:00-00:00,0,2019-12-05,4,0,ACTUAL,SDGE-TAC,Total Actual Hourly Integrated Load,SYS_FCST_ACT_MW,3.4,1841,ACTUAL,83
2019-12-05T13:00:00-00:00,2019-12-05T14:00:00-00:00,0,2019-12-05,6,0,ACTUAL,SDGE-TAC,Total Actual Hourly Integrated Load,SYS_FCST_ACT_MW,3.4,2001,ACTUAL,83
2019-12-05T16:00:00-00:00,2019-12-05T17:00:00-00:00,0,2019-12-05,9,0,ACTUAL,SDGE-TAC,Total Actual Hourly Integrated Load,SYS_FCST_ACT_MW,3.4,2187,ACTUAL,83
2019-12-05T17:00:00-00:00,2019-12-05T18:00:00-00:00,0,2019-12-05,10,0,ACTUAL,SDGE-TAC,Total Actual Hourly Integrated Load,SYS_FCST_ACT_MW,3.4,2030,ACTUAL,83
2019-12-05T15:00:00-00:00,2019-12-05T16:00:00-00:00,0,2019-12-05,8,0,ACTUAL,SDGE-TAC,Total Actual Hourly Integrated Load,SYS_FCST_ACT_MW,3.4,2311,ACTUAL,83
2019-12-06T00:00:00-00:00,2019-12-06T01:00:00-00:00,0,2019-12-05,17,0,ACTUAL,SDGE-TAC,Total Actual Hourly Integrated Load,SYS_FCST_ACT_MW,3.4,2539,ACTUAL,83
2019-12-06T06:00:00-00:00,2019-12-06T07:00:00-00:00,0,2019-12-05,23,0,ACTUAL,SDGE-TAC,Total Actual Hourly Integrated Load,SYS_FCST_ACT_MW,3.4,2220,ACTUAL,83
2019-12-06T07:00:00-00:00,2019-12-06T08:00:00-00:00,0,2019-12-05,24,0,ACTUAL,SDGE-TAC,Total Actual Hourly Integrated Load,SYS_FCST_ACT_MW,3.4,2021,ACTUAL,83
2019-12-05T09:00:00-00:00,2019-12-05T10:00:00-00:00,0,2019-12-05,2,0,ACTUAL,SDGE-TAC,Total Actual Hourly Integrated Load,SYS_FCST_ACT_MW,3.4,1913,ACTUAL,83
2019-12-05T10:00:00-00:00,2019-12-05T11:00:00-00:00,0,2019-12-05,3,0,ACTUAL,SDGE-TAC,Total Actual Hourly Integrated Load,SYS_FCST_ACT_MW,3.4,1874,ACTUAL,83
2019-12-05T12:00:00-00:00,2019-12-05T13:00:00-00:00,0,2019-12-05,5,0,ACTUAL,SDGE-TAC,Total Actual Hourly Integrated Load,SYS_FCST_ACT_MW,3.4,1839,ACTUAL,83
2019-12-05T22:00:00-00:00,2019-12-05T23:00:00-00:00,0,2019-12-05,15,0,ACTUAL,SDGE-TAC,Total Actual Hourly Integrated Load,SYS_FCST_ACT_MW,3.4,2172,ACTUAL,83
2019-12-06T05:00:00-00:00,2019-12-06T06:00:00-00:00,0,2019-12-05,22,0,ACTUAL,SDGE-TAC,Total Actual Hourly Integrated Load,SYS_FCST_ACT_MW,3.4,2440,ACTUAL,83
2019-12-05T22:00:00-00:00,2019-12-05T23:00:00-00:00,0,2019-12-05,15,0,ACTUAL,SRP,Total Actual Hourly Integrated Load,SYS_FCST_ACT_MW,3.8,2701,ACTUAL,84
2019-12-05T15:00:00-00:00,2019-12-05T16:00:00-00:00,0,2019-12-05,8,0,ACTUAL,SRP,Total Actual Hourly Integrated Load,SYS_FCST_ACT_MW,3.8,2775,ACTUAL,84
2019-12-05T14:00:00-00:00,2019-12-05T15:00:00-00:00,0,2019-12-05,7,0,ACTUAL,SRP,Total Actual Hourly Integrated Load,SYS_FCST_ACT_MW,3.8,2870,ACTUAL,84
2019-12-05T10:00:00-00:00,2019-12-05T11:00:00-00:00,0,2019-12-05,3,0,ACTUAL,SRP,Total Actual Hourly Integrated Load,SYS_FCST_ACT_MW,3.8,2262,ACTUAL,84
2019-12-05T17:00:00-00:00,2019-12-05T18:00:00-00:00,0,2019-12-05,10,0,ACTUAL,SRP,Total Actual Hourly Integrated Load,SYS_FCST_ACT_MW,3.8,2710,ACTUAL,84
2019-12-05T21:00:00-00:00,2019-12-05T22:00:00-00:00,0,2019-12-05,14,0,ACTUAL,SRP,Total Actual Hourly Integrated Load,SYS_FCST_ACT_MW,3.8,2706,ACTUAL,84
2019-12-06T03:00:00-00:00,2019-12-06T04:00:00-00:00,0,2019-12-05,20,0,ACTUAL,SRP,Total Actual Hourly Integrated Load,SYS_FCST_ACT_MW,3.8,3067,ACTUAL,84
2019-12-06T04:00:00-00:00,2019-12-06T05:00:00-00:00,0,2019-12-05,21,0,ACTUAL,SRP,Total Actual Hourly Integrated Load,SYS_FCST_ACT_MW,3.8,2971,ACTUAL,84
2019-12-05T23:00:00-00:00,2019-12-06T00:00:00-00:00,0,2019-12-05,16,0,ACTUAL,SRP,Total Actual Hourly Integrated Load,SYS_FCST_ACT_MW,3.8,2785,ACTUAL,84
2019-12-05T11:00:00-00:00,2019-12-05T12:00:00-00:00,0,2019-12-05,4,0,ACTUAL,SRP,Total Actual Hourly Integrated Load,SYS_FCST_ACT_MW,3.8,2343,ACTUAL,84
2019-12-05T13:00:00-00:00,2019-12-05T14:00:00-00:00,0,2019-12-05,6,0,ACTUAL,SRP,Total Actual Hourly Integrated Load,SYS_FCST_ACT_MW,3.8,2834,ACTUAL,84
2019-12-05T16:00:00-00:00,2019-12-05T17:00:00-00:00,0,2019-12-05,9,0,ACTUAL,SRP,Total Actual Hourly Integrated Load,SYS_FCST_ACT_MW,3.8,2760,ACTUAL,84
2019-12-06T02:00:00-00:00,2019-12-06T03:00:00-00:00,0,2019-12-05,19,0,ACTUAL,SRP,Total Actual Hourly Integrated Load,SYS_FCST_ACT_MW,3.8,3115,ACTUAL,84
2019-12-06T07:00:00-00:00,2019-12-06T08:00:00-00:00,0,2019-12-05,24,0,ACTUAL,SRP,Total Actual Hourly Integrated Load,SYS_FCST_ACT_MW,3.8,2427,ACTUAL,84
2019-12-06T00:00:00-00:00,2019-12-06T01:00:00-00:00,0,2019-12-05,17,0,ACTUAL,SRP,Total Actual Hourly Integrated Load,SYS_FCST_ACT_MW,3.8,2979,ACTUAL,84
2019-12-06T05:00:00-00:00,2019-12-06T06:00:00-00:00,0,2019-12-05,22,0,ACTUAL,SRP,Total Actual Hourly Integrated Load,SYS_FCST_ACT_MW,3.8,2761,ACTUAL,84
2019-12-05T09:00:00-00:00,2019-12-05T10:00:00-00:00,0,2019-12-05,2,0,ACTUAL,SRP,Total Actual Hourly Integrated Load,SYS_FCST_ACT_MW,3.8,2242,ACTUAL,84
2019-12-05T18:00:00-00:00,2019-12-05T19:00:00-00:00,0,2019-12-05,11,0,ACTUAL,SRP,Total Actual Hourly Integrated Load,SYS_FCST_ACT_MW,3.8,2676,ACTUAL,84
2019-12-05T19:00:00-00:00,2019-12-05T20:00:00-00:00,0,2019-12-05,12,0,ACTUAL,SRP,Total Actual Hourly Integrated Load,SYS_FCST_ACT_MW,3.8,2667,ACTUAL,84
2019-12-05T20:00:00-00:00,2019-12-05T21:00:00-00:00,0,2019-12-05,13,0,ACTUAL,SRP,Total Actual Hourly Integrated Load,SYS_FCST_ACT_MW,3.8,2685,ACTUAL,84
2019-12-06T01:00:00-00:00,2019-12-06T02:00:00-00:00,0,2019-12-05,18,0,ACTUAL,SRP,Total Actual Hourly Integrated Load,SYS_FCST_ACT_MW,3.8,3126,ACTUAL,84
2019-12-05T12:00:00-00:00,2019-12-05T13:00:00-00:00,0,2019-12-05,5,0,ACTUAL,SRP,Total Actual Hourly Integrated Load,SYS_FCST_ACT_MW,3.8,2560,ACTUAL,84
2019-12-05T08:00:00-00:00,2019-12-05T09:00:00-00:00,0,2019-12-05,1,0,ACTUAL,SRP,Total Actual Hourly Integrated Load,SYS_FCST_ACT_MW,3.8,2301,ACTUAL,84
2019-12-06T06:00:00-00:00,2019-12-06T07:00:00-00:00,0,2019-12-05,23,0,ACTUAL,SRP,Total Actual Hourly Integrated Load,SYS_FCST_ACT_MW,3.8,2565,ACTUAL,84
2019-12-06T00:00:00-00:00,2019-12-06T01:00:00-00:00,0,2019-12-05,17,0,ACTUAL,VEA-TAC,Total Actual Hourly Integrated Load,SYS_FCST_ACT_MW,3.5,66,ACTUAL,85
2019-12-05T14:00:00-00:00,2019-12-05T15:00:00-00:00,0,2019-12-05,7,0,ACTUAL,VEA-TAC,Total Actual Hourly Integrated Load,SYS_FCST_ACT_MW,3.5,79,ACTUAL,85
2019-12-05T13:00:00-00:00,2019-12-05T14:00:00-00:00,0,2019-12-05,6,0,ACTUAL,VEA-TAC,Total Actual Hourly Integrated Load,SYS_FCST_ACT_MW,3.5,72,ACTUAL,85
2019-12-06T07:00:00-00:00,2019-12-06T08:00:00-00:00,0,2019-12-05,24,0,ACTUAL,VEA-TAC,Total Actual Hourly Integrated Load,SYS_FCST_ACT_MW,3.5,64,ACTUAL,85
2019-12-05T17:00:00-00:00,2019-12-05T18:00:00-00:00,0,2019-12-05,10,0,ACTUAL,VEA-TAC,Total Actual Hourly Integrated Load,SYS_FCST_ACT_MW,3.5,71,ACTUAL,85
2019-12-05T23:00:00-00:00,2019-12-06T00:00:00-00:00,0,2019-12-05,16,0,ACTUAL,VEA-TAC,Total Actual Hourly Integrated Load,SYS_FCST_ACT_MW,3.5,58,ACTUAL,85
2019-12-05T16:00:00-00:00,2019-12-05T17:00:00-00:00,0,2019-12-05,9,0,ACTUAL,VEA-TAC,Total Actual Hourly Integrated Load,SYS_FCST_ACT_MW,3.5,75,ACTUAL,85
2019-12-05T18:00:00-00:00,2019-12-05T19:00:00-00:00,0,2019-12-05,11,0,ACTUAL,VEA-TAC,Total Actual Hourly Integrated Load,SYS_FCST_ACT_MW,3.5,64,ACTUAL,85
2019-12-05T20:00:00-00:00,2019-12-05T21:00:00-00:00,0,2019-12-05,13,0,ACTUAL,VEA-TAC,Total Actual Hourly Integrated Load,SYS_FCST_ACT_MW,3.5,55,ACTUAL,85
2019-12-05T12:00:00-00:00,2019-12-05T13:00:00-00:00,0,2019-12-05,5,0,ACTUAL,VEA-TAC,Total Actual Hourly Integrated Load,SYS_FCST_ACT_MW,3.5,66,ACTUAL,85
2019-12-05T15:00:00-00:00,2019-12-05T16:00:00-00:00,0,2019-12-05,8,0,ACTUAL,VEA-TAC,Total Actual Hourly Integrated Load,SYS_FCST_ACT_MW,3.5,79,ACTUAL,85
2019-12-06T02:00:00-00:00,2019-12-06T03:00:00-00:00,0,2019-12-05,19,0,ACTUAL,VEA-TAC,Total Actual Hourly Integrated Load,SYS_FCST_ACT_MW,3.5,72,ACTUAL,85
2019-12-06T05:00:00-00:00,2019-12-06T06:00:00-00:00,0,2019-12-05,22,0,ACTUAL,VEA-TAC,Total Actual Hourly Integrated Load,SYS_FCST_ACT_MW,3.5,69,ACTUAL,85
2019-12-06T04:00:00-00:00,2019-12-06T05:00:00-00:00,0,2019-12-05,21,0,ACTUAL,VEA-TAC,Total Actual Hourly Integrated Load,SYS_FCST_ACT_MW,3.5,71,ACTUAL,85
2019-12-05T08:00:00-00:00,2019-12-05T09:00:00-00:00,0,2019-12-05,1,0,ACTUAL,VEA-TAC,Total Actual Hourly Integrated Load,SYS_FCST_ACT_MW,3.5,61,ACTUAL,85
2019-12-05T10:00:00-00:00,2019-12-05T11:00:00-00:00,0,2019-12-05,3,0,ACTUAL,VEA-TAC,Total Actual Hourly Integrated Load,SYS_FCST_ACT_MW,3.5,61,ACTUAL,85
2019-12-05T21:00:00-00:00,2019-12-05T22:00:00-00:00,0,2019-12-05,14,0,ACTUAL,VEA-TAC,Total Actual Hourly Integrated Load,SYS_FCST_ACT_MW,3.5,54,ACTUAL,85
2019-12-06T01:00:00-00:00,2019-12-06T02:00:00-00:00,0,2019-12-05,18,0,ACTUAL,VEA-TAC,Total Actual Hourly Integrated Load,SYS_FCST_ACT_MW,3.5,70,ACTUAL,85
2019-12-05T11:00:00-00:00,2019-12-05T12:00:00-00:00,0,2019-12-05,4,0,ACTUAL,VEA-TAC,Total Actual Hourly Integrated Load,SYS_FCST_ACT_MW,3.5,62,ACTUAL,85
2019-12-05T19:00:00-00:00,2019-12-05T20:00:00-00:00,0,2019-12-05,12,0,ACTUAL,VEA-TAC,Total Actual Hourly Integrated Load,SYS_FCST_ACT_MW,3.5,58,ACTUAL,85
2019-12-05T22:00:00-00:00,2019-12-05T23:00:00-00:00,0,2019-12-05,15,0,ACTUAL,VEA-TAC,Total Actual Hourly Integrated Load,SYS_FCST_ACT_MW,3.5,55,ACTUAL,85
2019-12-06T03:00:00-00:00,2019-12-06T04:00:00-00:00,0,2019-12-05,20,0,ACTUAL,VEA-TAC,Total Actual Hourly Integrated Load,SYS_FCST_ACT_MW,3.5,72,ACTUAL,85
2019-12-05T09:00:00-00:00,2019-12-05T10:00:00-00:00,0,2019-12-05,2,0,ACTUAL,VEA-TAC,Total Actual Hourly Integrated Load,SYS_FCST_ACT_MW,3.5,60,ACTUAL,85
2019-12-06T06:00:00-00:00,2019-12-06T07:00:00-00:00,0,2019-12-05,23,0,ACTUAL,VEA-TAC,Total Actual Hourly Integrated Load,SYS_FCST_ACT_MW,3.5,66,ACTUAL,85
2019-12-06T12:00:00-00:00,2019-12-06T13:00:00-00:00,0,2019-12-06,5,0,ACTUAL,AZPS,Total Actual Hourly Integrated Load,SYS_FCST_ACT_MW,3.8,2791,ACTUAL,86
2019-12-06T13:00:00-00:00,2019-12-06T14:00:00-00:00,0,2019-12-06,6,0,ACTUAL,AZPS,Total Actual Hourly Integrated Load,SYS_FCST_ACT_MW,3.8,3088,ACTUAL,86
2019-12-07T02:00:00-00:00,2019-12-07T03:00:00-00:00,0,2019-12-06,19,0,ACTUAL,AZPS,Total Actual Hourly Integrated Load,SYS_FCST_ACT_MW,3.8,3084,ACTUAL,86
2019-12-07T07:00:00-00:00,2019-12-07T08:00:00-00:00,0,2019-12-06,24,0,ACTUAL,AZPS,Total Actual Hourly Integrated Load,SYS_FCST_ACT_MW,3.8,2575,ACTUAL,86
2019-12-07T01:00:00-00:00,2019-12-07T02:00:00-00:00,0,2019-12-06,18,0,ACTUAL,AZPS,Total Actual Hourly Integrated Load,SYS_FCST_ACT_MW,3.8,3133,ACTUAL,86
2019-12-06T15:00:00-00:00,2019-12-06T16:00:00-00:00,0,2019-12-06,8,0,ACTUAL,AZPS,Total Actual Hourly Integrated Load,SYS_FCST_ACT_MW,3.8,3014,ACTUAL,86
2019-12-07T04:00:00-00:00,2019-12-07T05:00:00-00:00,0,2019-12-06,21,0,ACTUAL,AZPS,Total Actual Hourly Integrated Load,SYS_FCST_ACT_MW,3.8,2986,ACTUAL,86
2019-12-07T05:00:00-00:00,2019-12-07T06:00:00-00:00,0,2019-12-06,22,0,ACTUAL,AZPS,Total Actual Hourly Integrated Load,SYS_FCST_ACT_MW,3.8,2852,ACTUAL,86
2019-12-07T06:00:00-00:00,2019-12-07T07:00:00-00:00,0,2019-12-06,23,0,ACTUAL,AZPS,Total Actual Hourly Integrated Load,SYS_FCST_ACT_MW,3.8,2688,ACTUAL,86
2019-12-06T11:00:00-00:00,2019-12-06T12:00:00-00:00,0,2019-12-06,4,0,ACTUAL,AZPS,Total Actual Hourly Integrated Load,SYS_FCST_ACT_MW,3.8,2564,ACTUAL,86
2019-12-06T17:00:00-00:00,2019-12-06T18:00:00-00:00,0,2019-12-06,10,0,ACTUAL,AZPS,Total Actual Hourly Integrated Load,SYS_FCST_ACT_MW,3.8,2699,ACTUAL,86
2019-12-06T20:00:00-00:00,2019-12-06T21:00:00-00:00,0,2019-12-06,13,0,ACTUAL,AZPS,Total Actual Hourly Integrated Load,SYS_FCST_ACT_MW,3.8,2521,ACTUAL,86
2019-12-07T00:00:00-00:00,2019-12-07T01:00:00-00:00,0,2019-12-06,17,0,ACTUAL,AZPS,Total Actual Hourly Integrated Load,SYS_FCST_ACT_MW,3.8,3069,ACTUAL,86
2019-12-06T08:00:00-00:00,2019-12-06T09:00:00-00:00,0,2019-12-06,1,0,ACTUAL,AZPS,Total Actual Hourly Integrated Load,SYS_FCST_ACT_MW,3.8,2466,ACTUAL,86
2019-12-06T09:00:00-00:00,2019-12-06T10:00:00-00:00,0,2019-12-06,2,0,ACTUAL,AZPS,Total Actual Hourly Integrated Load,SYS_FCST_ACT_MW,3.8,2436,ACTUAL,86
2019-12-06T10:00:00-00:00,2019-12-06T11:00:00-00:00,0,2019-12-06,3,0,ACTUAL,AZPS,Total Actual Hourly Integrated Load,SYS_FCST_ACT_MW,3.8,2458,ACTUAL,86
2019-12-06T14:00:00-00:00,2019-12-06T15:00:00-00:00,0,2019-12-06,7,0,ACTUAL,AZPS,Total Actual Hourly Integrated Load,SYS_FCST_ACT_MW,3.8,3180,ACTUAL,86
2019-12-06T18:00:00-00:00,2019-12-06T19:00:00-00:00,0,2019-12-06,11,0,ACTUAL,AZPS,Total Actual Hourly Integrated Load,SYS_FCST_ACT_MW,3.8,2656,ACTUAL,86
2019-12-06T22:00:00-00:00,2019-12-06T23:00:00-00:00,0,2019-12-06,15,0,ACTUAL,AZPS,Total Actual Hourly Integrated Load,SYS_FCST_ACT_MW,3.8,2597,ACTUAL,86
2019-12-06T23:00:00-00:00,2019-12-07T00:00:00-00:00,0,2019-12-06,16,0,ACTUAL,AZPS,Total Actual Hourly Integrated Load,SYS_FCST_ACT_MW,3.8,2802,ACTUAL,86
2019-12-07T03:00:00-00:00,2019-12-07T04:00:00-00:00,0,2019-12-06,20,0,ACTUAL,AZPS,Total Actual Hourly Integrated Load,SYS_FCST_ACT_MW,3.8,3061,ACTUAL,86
2019-12-06T19:00:00-00:00,2019-12-06T20:00:00-00:00,0,2019-12-06,12,0,ACTUAL,AZPS,Total Actual Hourly Integrated Load,SYS_FCST_ACT_MW,3.8,2596,ACTUAL,86
2019-12-06T21:00:00-00:00,2019-12-06T22:00:00-00:00,0,2019-12-06,14,0,ACTUAL,AZPS,Total Actual Hourly Integrated Load,SYS_FCST_ACT_MW,3.8,2511,ACTUAL,86
2019-12-06T16:00:00-00:00,2019-12-06T17:00:00-00:00,0,2019-12-06,9,0,ACTUAL,AZPS,Total Actual Hourly Integrated Load,SYS_FCST_ACT_MW,3.8,2827,ACTUAL,86
2019-12-06T17:00:00-00:00,2019-12-06T18:00:00-00:00,0,2019-12-06,10,0,ACTUAL,BANCSMUD,Total Actual Hourly Integrated Load,SYS_FCST_ACT_MW,3.8,1196,ACTUAL,87
2019-12-06T15:00:00-00:00,2019-12-06T16:00:00-00:00,0,2019-12-06,8,0,ACTUAL,BANCSMUD,Total Actual Hourly Integrated Load,SYS_FCST_ACT_MW,3.8,1230,ACTUAL,87
2019-12-06T12:00:00-00:00,2019-12-06T13:00:00-00:00,0,2019-12-06,5,0,ACTUAL,BANCSMUD,Total Actual Hourly Integrated Load,SYS_FCST_ACT_MW,3.8,930,ACTUAL,87
2019-12-06T11:00:00-00:00,2019-12-06T12:00:00-00:00,0,2019-12-06,4,0,ACTUAL,BANCSMUD,Total Actual Hourly Integrated Load,SYS_FCST_ACT_MW,3.8,889,ACTUAL,87
2019-12-06T09:00:00-00:00,2019-12-06T10:00:00-00:00,0,2019-12-06,2,0,ACTUAL,BANCSMUD,Total Actual Hourly Integrated Load,SYS_FCST_ACT_MW,3.8,910,ACTUAL,87
2019-12-07T06:00:00-00:00,2019-12-07T07:00:00-00:00,0,2019-12-06,23,0,ACTUAL,BANCSMUD,Total Actual Hourly Integrated Load,SYS_FCST_ACT_MW,3.8,1096,ACTUAL,87
2019-12-06T23:00:00-00:00,2019-12-07T00:00:00-00:00,0,2019-12-06,16,0,ACTUAL,BANCSMUD,Total Actual Hourly Integrated Load,SYS_FCST_ACT_MW,3.8,1169,ACTUAL,87
2019-12-06T22:00:00-00:00,2019-12-06T23:00:00-00:00,0,2019-12-06,15,0,ACTUAL,BANCSMUD,Total Actual Hourly Integrated Load,SYS_FCST_ACT_MW,3.8,1146,ACTUAL,87
2019-12-06T13:00:00-00:00,2019-12-06T14:00:00-00:00,0,2019-12-06,6,0,ACTUAL,BANCSMUD,Total Actual Hourly Integrated Load,SYS_FCST_ACT_MW,3.8,1023,ACTUAL,87
2019-12-06T19:00:00-00:00,2019-12-06T20:00:00-00:00,0,2019-12-06,12,0,ACTUAL,BANCSMUD,Total Actual Hourly Integrated Load,SYS_FCST_ACT_MW,3.8,1166,ACTUAL,87
2019-12-07T03:00:00-00:00,2019-12-07T04:00:00-00:00,0,2019-12-06,20,0,ACTUAL,BANCSMUD,Total Actual Hourly Integrated Load,SYS_FCST_ACT_MW,3.8,1244,ACTUAL,87
2019-12-06T21:00:00-00:00,2019-12-06T22:00:00-00:00,0,2019-12-06,14,0,ACTUAL,BANCSMUD,Total Actual Hourly Integrated Load,SYS_FCST_ACT_MW,3.8,1151,ACTUAL,87
2019-12-06T08:00:00-00:00,2019-12-06T09:00:00-00:00,0,2019-12-06,1,0,ACTUAL,BANCSMUD,Total Actual Hourly Integrated Load,SYS_FCST_ACT_MW,3.8,951,ACTUAL,87
2019-12-06T20:00:00-00:00,2019-12-06T21:00:00-00:00,0,2019-12-06,13,0,ACTUAL,BANCSMUD,Total Actual Hourly Integrated Load,SYS_FCST_ACT_MW,3.8,1156,ACTUAL,87
2019-12-07T00:00:00-00:00,2019-12-07T01:00:00-00:00,0,2019-12-06,17,0,ACTUAL,BANCSMUD,Total Actual Hourly Integrated Load,SYS_FCST_ACT_MW,3.8,1233,ACTUAL,87
2019-12-06T10:00:00-00:00,2019-12-06T11:00:00-00:00,0,2019-12-06,3,0,ACTUAL,BANCSMUD,Total Actual Hourly Integrated Load,SYS_FCST_ACT_MW,3.8,888,ACTUAL,87
2019-12-07T04:00:00-00:00,2019-12-07T05:00:00-00:00,0,2019-12-06,21,0,ACTUAL,BANCSMUD,Total Actual Hourly Integrated Load,SYS_FCST_ACT_MW,3.8,1217,ACTUAL,87
2019-12-07T01:00:00-00:00,2019-12-07T02:00:00-00:00,0,2019-12-06,18,0,ACTUAL,BANCSMUD,Total Actual Hourly Integrated Load,SYS_FCST_ACT_MW,3.8,1302,ACTUAL,87
2019-12-07T07:00:00-00:00,2019-12-07T08:00:00-00:00,0,2019-12-06,24,0,ACTUAL,BANCSMUD,Total Actual Hourly Integrated Load,SYS_FCST_ACT_MW,3.8,1014,ACTUAL,87
2019-12-07T05:00:00-00:00,2019-12-07T06:00:00-00:00,0,2019-12-06,22,0,ACTUAL,BANCSMUD,Total Actual Hourly Integrated Load,SYS_FCST_ACT_MW,3.8,1167,ACTUAL,87
2019-12-06T18:00:00-00:00,2019-12-06T19:00:00-00:00,0,2019-12-06,11,0,ACTUAL,BANCSMUD,Total Actual Hourly Integrated Load,SYS_FCST_ACT_MW,3.8,1181,ACTUAL,87
2019-12-07T02:00:00-00:00,2019-12-07T03:00:00-00:00,0,2019-12-06,19,0,ACTUAL,BANCSMUD,Total Actual Hourly Integrated Load,SYS_FCST_ACT_MW,3.8,1277,ACTUAL,87
2019-12-06T16:00:00-00:00,2019-12-06T17:00:00-00:00,0,2019-12-06,9,0,ACTUAL,BANCSMUD,Total Actual Hourly Integrated Load,SYS_FCST_ACT_MW,3.8,1216,ACTUAL,87
2019-12-06T14:00:00-00:00,2019-12-06T15:00:00-00:00,0,2019-12-06,7,0,ACTUAL,BANCSMUD,Total Actual Hourly Integrated Load,SYS_FCST_ACT_MW,3.8,1169,ACTUAL,87
2019-12-06T14:00:00-00:00,2019-12-06T15:00:00-00:00,0,2019-12-06,7,0,ACTUAL,BCHA,Total Actual Hourly Integrated Load,SYS_FCST_ACT_MW,3.8,7997,ACTUAL,88
2019-12-06T11:00:00-00:00,2019-12-06T12:00:00-00:00,0,2019-12-06,4,0,ACTUAL,BCHA,Total Actual Hourly Integrated Load,SYS_FCST_ACT_MW,3.8,6797,ACTUAL,88
2019-12-06T21:00:00-00:00,2019-12-06T22:00:00-00:00,0,2019-12-06,14,0,ACTUAL,BCHA,Total Actual Hourly Integrated Load,SYS_FCST_ACT_MW,3.8,8624,ACTUAL,88
2019-12-07T01:00:00-00:00,2019-12-07T02:00:00-00:00,0,2019-12-06,18,0,ACTUAL,BCHA,Total Actual Hourly Integrated Load,SYS_FCST_ACT_MW,3.8,9204,ACTUAL,88
2019-12-07T03:00:00-00:00,2019-12-07T04:00:00-00:00,0,2019-12-06,20,0,ACTUAL,BCHA,Total Actual Hourly Integrated Load,SYS_FCST_ACT_MW,3.8,8707,ACTUAL,88
2019-12-06T20:00:00-00:00,2019-12-06T21:00:00-00:00,0,2019-12-06,13,0,ACTUAL,BCHA,Total Actual Hourly Integrated Load,SYS_FCST_ACT_MW,3.8,8687,ACTUAL,88
2019-12-06T23:00:00-00:00,2019-12-07T00:00:00-00:00,0,2019-12-06,16,0,ACTUAL,BCHA,Total Actual Hourly Integrated Load,SYS_FCST_ACT_MW,3.8,8762,ACTUAL,88
2019-12-06T19:00:00-00:00,2019-12-06T20:00:00-00:00,0,2019-12-06,12,0,ACTUAL,BCHA,Total Actual Hourly Integrated Load,SYS_FCST_ACT_MW,3.8,8775,ACTUAL,88
2019-12-06T17:00:00-00:00,2019-12-06T18:00:00-00:00,0,2019-12-06,10,0,ACTUAL,BCHA,Total Actual Hourly Integrated Load,SYS_FCST_ACT_MW,3.8,8867,ACTUAL,88
2019-12-06T09:00:00-00:00,2019-12-06T10:00:00-00:00,0,2019-12-06,2,0,ACTUAL,BCHA,Total Actual Hourly Integrated Load,SYS_FCST_ACT_MW,3.8,6906,ACTUAL,88
2019-12-06T08:00:00-00:00,2019-12-06T09:00:00-00:00,0,2019-12-06,1,0,ACTUAL,BCHA,Total Actual Hourly Integrated Load,SYS_FCST_ACT_MW,3.8,7115,ACTUAL,88
2019-12-07T06:00:00-00:00,2019-12-07T07:00:00-00:00,0,2019-12-06,23,0,ACTUAL,BCHA,Total Actual Hourly Integrated Load,SYS_FCST_ACT_MW,3.8,7731,ACTUAL,88
2019-12-06T18:00:00-00:00,2019-12-06T19:00:00-00:00,0,2019-12-06,11,0,ACTUAL,BCHA,Total Actual Hourly Integrated Load,SYS_FCST_ACT_MW,3.8,8821,ACTUAL,88
2019-12-07T04:00:00-00:00,2019-12-07T05:00:00-00:00,0,2019-12-06,21,0,ACTUAL,BCHA,Total Actual Hourly Integrated Load,SYS_FCST_ACT_MW,3.8,8481,ACTUAL,88
2019-12-06T16:00:00-00:00,2019-12-06T17:00:00-00:00,0,2019-12-06,9,0,ACTUAL,BCHA,Total Actual Hourly Integrated Load,SYS_FCST_ACT_MW,3.8,8877,ACTUAL,88
2019-12-06T13:00:00-00:00,2019-12-06T14:00:00-00:00,0,2019-12-06,6,0,ACTUAL,BCHA,Total Actual Hourly Integrated Load,SYS_FCST_ACT_MW,3.8,7348,ACTUAL,88
2019-12-07T07:00:00-00:00,2019-12-07T08:00:00-00:00,0,2019-12-06,24,0,ACTUAL,BCHA,Total Actual Hourly Integrated Load,SYS_FCST_ACT_MW,3.8,7278,ACTUAL,88
2019-12-07T05:00:00-00:00,2019-12-07T06:00:00-00:00,0,2019-12-06,22,0,ACTUAL,BCHA,Total Actual Hourly Integrated Load,SYS_FCST_ACT_MW,3.8,8180,ACTUAL,88
2019-12-07T02:00:00-00:00,2019-12-07T03:00:00-00:00,0,2019-12-06,19,0,ACTUAL,BCHA,Total Actual Hourly Integrated Load,SYS_FCST_ACT_MW,3.8,8962,ACTUAL,88
2019-12-07T00:00:00-00:00,2019-12-07T01:00:00-00:00,0,2019-12-06,17,0,ACTUAL,BCHA,Total Actual Hourly Integrated Load,SYS_FCST_ACT_MW,3.8,9116,ACTUAL,88
2019-12-06T22:00:00-00:00,2019-12-06T23:00:00-00:00,0,2019-12-06,15,0,ACTUAL,BCHA,Total Actual Hourly Integrated Load,SYS_FCST_ACT_MW,3.8,8649,ACTUAL,88
2019-12-06T12:00:00-00:00,2019-12-06T13:00:00-00:00,0,2019-12-06,5,0,ACTUAL,BCHA,Total Actual Hourly Integrated Load,SYS_FCST_ACT_MW,3.8,6928,ACTUAL,88
2019-12-06T10:00:00-00:00,2019-12-06T11:00:00-00:00,0,2019-12-06,3,0,ACTUAL,BCHA,Total Actual Hourly Integrated Load,SYS_FCST_ACT_MW,3.8,6807,ACTUAL,88
2019-12-06T15:00:00-00:00,2019-12-06T16:00:00-00:00,0,2019-12-06,8,0,ACTUAL,BCHA,Total Actual Hourly Integrated Load,SYS_FCST_ACT_MW,3.8,8760,ACTUAL,88
2019-12-06T14:00:00-00:00,2019-12-06T15:00:00-00:00,0,2019-12-06,7,0,ACTUAL,CA ISO-TAC,Total Actual Hourly Integrated Load,SYS_FCST_ACT_MW,3,24574,ACTUAL,89
2019-12-07T07:00:00-00:00,2019-12-07T08:00:00-00:00,0,2019-12-06,24,0,ACTUAL,CA ISO-TAC,Total Actual Hourly Integrated Load,SYS_FCST_ACT_MW,3,22738,ACTUAL,89
2019-12-06T19:00:00-00:00,2019-12-06T20:00:00-00:00,0,2019-12-06,12,0,ACTUAL,CA ISO-TAC,Total Actual Hourly Integrated Load,SYS_FCST_ACT_MW,3,23497,ACTUAL,89
2019-12-06T08:00:00-00:00,2019-12-06T09:00:00-00:00,0,2019-12-06,1,0,ACTUAL,CA ISO-TAC,Total Actual Hourly Integrated Load,SYS_FCST_ACT_MW,3,21516,ACTUAL,89
2019-12-06T12:00:00-00:00,2019-12-06T13:00:00-00:00,0,2019-12-06,5,0,ACTUAL,CA ISO-TAC,Total Actual Hourly Integrated Load,SYS_FCST_ACT_MW,3,20704,ACTUAL,89
2019-12-06T17:00:00-00:00,2019-12-06T18:00:00-00:00,0,2019-12-06,10,0,ACTUAL,CA ISO-TAC,Total Actual Hourly Integrated Load,SYS_FCST_ACT_MW,3,24169,ACTUAL,89
2019-12-06T20:00:00-00:00,2019-12-06T21:00:00-00:00,0,2019-12-06,13,0,ACTUAL,CA ISO-TAC,Total Actual Hourly Integrated Load,SYS_FCST_ACT_MW,3,24200,ACTUAL,89
2019-12-07T03:00:00-00:00,2019-12-07T04:00:00-00:00,0,2019-12-06,20,0,ACTUAL,CA ISO-TAC,Total Actual Hourly Integrated Load,SYS_FCST_ACT_MW,3,27739,ACTUAL,89
2019-12-06T10:00:00-00:00,2019-12-06T11:00:00-00:00,0,2019-12-06,3,0,ACTUAL,CA ISO-TAC,Total Actual Hourly Integrated Load,SYS_FCST_ACT_MW,3,20227,ACTUAL,89
2019-12-06T21:00:00-00:00,2019-12-06T22:00:00-00:00,0,2019-12-06,14,0,ACTUAL,CA ISO-TAC,Total Actual Hourly Integrated Load,SYS_FCST_ACT_MW,3,25122,ACTUAL,89
2019-12-07T04:00:00-00:00,2019-12-07T05:00:00-00:00,0,2019-12-06,21,0,ACTUAL,CA ISO-TAC,Total Actual Hourly Integrated Load,SYS_FCST_ACT_MW,3,27002,ACTUAL,89
2019-12-06T23:00:00-00:00,2019-12-07T00:00:00-00:00,0,2019-12-06,16,0,ACTUAL,CA ISO-TAC,Total Actual Hourly Integrated Load,SYS_FCST_ACT_MW,3,26129,ACTUAL,89
2019-12-07T05:00:00-00:00,2019-12-07T06:00:00-00:00,0,2019-12-06,22,0,ACTUAL,CA ISO-TAC,Total Actual Hourly Integrated Load,SYS_FCST_ACT_MW,3,25991,ACTUAL,89
2019-12-06T11:00:00-00:00,2019-12-06T12:00:00-00:00,0,2019-12-06,4,0,ACTUAL,CA ISO-TAC,Total Actual Hourly Integrated Load,SYS_FCST_ACT_MW,3,20127,ACTUAL,89
2019-12-06T18:00:00-00:00,2019-12-06T19:00:00-00:00,0,2019-12-06,11,0,ACTUAL,CA ISO-TAC,Total Actual Hourly Integrated Load,SYS_FCST_ACT_MW,3,23557,ACTUAL,89
2019-12-07T01:00:00-00:00,2019-12-07T02:00:00-00:00,0,2019-12-06,18,0,ACTUAL,CA ISO-TAC,Total Actual Hourly Integrated Load,SYS_FCST_ACT_MW,3,28594,ACTUAL,89
2019-12-06T13:00:00-00:00,2019-12-06T14:00:00-00:00,0,2019-12-06,6,0,ACTUAL,CA ISO-TAC,Total Actual Hourly Integrated Load,SYS_FCST_ACT_MW,3,22244,ACTUAL,89
2019-12-06T16:00:00-00:00,2019-12-06T17:00:00-00:00,0,2019-12-06,9,0,ACTUAL,CA ISO-TAC,Total Actual Hourly Integrated Load,SYS_FCST_ACT_MW,3,24839,ACTUAL,89
2019-12-06T22:00:00-00:00,2019-12-06T23:00:00-00:00,0,2019-12-06,15,0,ACTUAL,CA ISO-TAC,Total Actual Hourly Integrated Load,SYS_FCST_ACT_MW,3,25572,ACTUAL,89
2019-12-07T00:00:00-00:00,2019-12-07T01:00:00-00:00,0,2019-12-06,17,0,ACTUAL,CA ISO-TAC,Total Actual Hourly Integrated Load,SYS_FCST_ACT_MW,3,27237,ACTUAL,89
2019-12-07T06:00:00-00:00,2019-12-07T07:00:00-00:00,0,2019-12-06,23,0,ACTUAL,CA ISO-TAC,Total Actual Hourly Integrated Load,SYS_FCST_ACT_MW,3,24427,ACTUAL,89
2019-12-06T09:00:00-00:00,2019-12-06T10:00:00-00:00,0,2019-12-06,2,0,ACTUAL,CA ISO-TAC,Total Actual Hourly Integrated Load,SYS_FCST_ACT_MW,3,20729,ACTUAL,89
2019-12-07T02:00:00-00:00,2019-12-07T03:00:00-00:00,0,2019-12-06,19,0,ACTUAL,CA ISO-TAC,Total Actual Hourly Integrated Load,SYS_FCST_ACT_MW,3,28318,ACTUAL,89
2019-12-06T15:00:00-00:00,2019-12-06T16:00:00-00:00,0,2019-12-06,8,0,ACTUAL,CA ISO-TAC,Total Actual Hourly Integrated Load,SYS_FCST_ACT_MW,3,25496,ACTUAL,89
2019-12-06T12:00:00-00:00,2019-12-06T13:00:00-00:00,0,2019-12-06,5,0,ACTUAL,IPCO,Total Actual Hourly Integrated Load,SYS_FCST_ACT_MW,3.8,1785,ACTUAL,90
2019-12-06T16:00:00-00:00,2019-12-06T17:00:00-00:00,0,2019-12-06,9,0,ACTUAL,IPCO,Total Actual Hourly Integrated Load,SYS_FCST_ACT_MW,3.8,2042,ACTUAL,90
2019-12-06T19:00:00-00:00,2019-12-06T20:00:00-00:00,0,2019-12-06,12,0,ACTUAL,IPCO,Total Actual Hourly Integrated Load,SYS_FCST_ACT_MW,3.8,1901,ACTUAL,90
2019-12-06T22:00:00-00:00,2019-12-06T23:00:00-00:00,0,2019-12-06,15,0,ACTUAL,IPCO,Total Actual Hourly Integrated Load,SYS_FCST_ACT_MW,3.8,1860,ACTUAL,90
2019-12-07T02:00:00-00:00,2019-12-07T03:00:00-00:00,0,2019-12-06,19,0,ACTUAL,IPCO,Total Actual Hourly Integrated Load,SYS_FCST_ACT_MW,3.8,2003,ACTUAL,90
2019-12-06T18:00:00-00:00,2019-12-06T19:00:00-00:00,0,2019-12-06,11,0,ACTUAL,IPCO,Total Actual Hourly Integrated Load,SYS_FCST_ACT_MW,3.8,1946,ACTUAL,90
2019-12-06T23:00:00-00:00,2019-12-07T00:00:00-00:00,0,2019-12-06,16,0,ACTUAL,IPCO,Total Actual Hourly Integrated Load,SYS_FCST_ACT_MW,3.8,1914,ACTUAL,90
2019-12-07T03:00:00-00:00,2019-12-07T04:00:00-00:00,0,2019-12-06,20,0,ACTUAL,IPCO,Total Actual Hourly Integrated Load,SYS_FCST_ACT_MW,3.8,1979,ACTUAL,90
2019-12-07T04:00:00-00:00,2019-12-07T05:00:00-00:00,0,2019-12-06,21,0,ACTUAL,IPCO,Total Actual Hourly Integrated Load,SYS_FCST_ACT_MW,3.8,1930,ACTUAL,90
2019-12-06T09:00:00-00:00,2019-12-06T10:00:00-00:00,0,2019-12-06,2,0,ACTUAL,IPCO,Total Actual Hourly Integrated Load,SYS_FCST_ACT_MW,3.8,1629,ACTUAL,90
2019-12-06T20:00:00-00:00,2019-12-06T21:00:00-00:00,0,2019-12-06,13,0,ACTUAL,IPCO,Total Actual Hourly Integrated Load,SYS_FCST_ACT_MW,3.8,1879,ACTUAL,90
2019-12-07T00:00:00-00:00,2019-12-07T01:00:00-00:00,0,2019-12-06,17,0,ACTUAL,IPCO,Total Actual Hourly Integrated Load,SYS_FCST_ACT_MW,3.8,2021,ACTUAL,90
2019-12-06T13:00:00-00:00,2019-12-06T14:00:00-00:00,0,2019-12-06,6,0,ACTUAL,IPCO,Total Actual Hourly Integrated Load,SYS_FCST_ACT_MW,3.8,1955,ACTUAL,90
2019-12-07T01:00:00-00:00,2019-12-07T02:00:00-00:00,0,2019-12-06,18,0,ACTUAL,IPCO,Total Actual Hourly Integrated Load,SYS_FCST_ACT_MW,3.8,2025,ACTUAL,90
2019-12-07T06:00:00-00:00,2019-12-07T07:00:00-00:00,0,2019-12-06,23,0,ACTUAL,IPCO,Total Actual Hourly Integrated Load,SYS_FCST_ACT_MW,3.8,1751,ACTUAL,90
2019-12-06T15:00:00-00:00,2019-12-06T16:00:00-00:00,0,2019-12-06,8,0,ACTUAL,IPCO,Total Actual Hourly Integrated Load,SYS_FCST_ACT_MW,3.8,2085,ACTUAL,90
2019-12-07T05:00:00-00:00,2019-12-07T06:00:00-00:00,0,2019-12-06,22,0,ACTUAL,IPCO,Total Actual Hourly Integrated Load,SYS_FCST_ACT_MW,3.8,1850,ACTUAL,90
2019-12-06T21:00:00-00:00,2019-12-06T22:00:00-00:00,0,2019-12-06,14,0,ACTUAL,IPCO,Total Actual Hourly Integrated Load,SYS_FCST_ACT_MW,3.8,1857,ACTUAL,90
2019-12-07T07:00:00-00:00,2019-12-07T08:00:00-00:00,0,2019-12-06,24,0,ACTUAL,IPCO,Total Actual Hourly Integrated Load,SYS_FCST_ACT_MW,3.8,1676,ACTUAL,90
2019-12-06T11:00:00-00:00,2019-12-06T12:00:00-00:00,0,2019-12-06,4,0,ACTUAL,IPCO,Total Actual Hourly Integrated Load,SYS_FCST_ACT_MW,3.8,1678,ACTUAL,90
2019-12-06T14:00:00-00:00,2019-12-06T15:00:00-00:00,0,2019-12-06,7,0,ACTUAL,IPCO,Total Actual Hourly Integrated Load,SYS_FCST_ACT_MW,3.8,2085,ACTUAL,90
2019-12-06T08:00:00-00:00,2019-12-06T09:00:00-00:00,0,2019-12-06,1,0,ACTUAL,IPCO,Total Actual Hourly Integrated Load,SYS_FCST_ACT_MW,3.8,1642,ACTUAL,90
2019-12-06T10:00:00-00:00,2019-12-06T11:00:00-00:00,0,2019-12-06,3,0,ACTUAL,IPCO,Total Actual Hourly Integrated Load,SYS_FCST_ACT_MW,3.8,1634,ACTUAL,90
2019-12-06T17:00:00-00:00,2019-12-06T18:00:00-00:00,0,2019-12-06,10,0,ACTUAL,IPCO,Total Actual Hourly Integrated Load,SYS_FCST_ACT_MW,3.8,1992,ACTUAL,90
2019-12-06T18:00:00-00:00,2019-12-06T19:00:00-00:00,0,2019-12-06,11,0,ACTUAL,MWD-TAC,Total Actual Hourly Integrated Load,SYS_FCST_ACT_MW,3.3,95,ACTUAL,91
2019-12-06T11:00:00-00:00,2019-12-06T12:00:00-00:00,0,2019-12-06,4,0,ACTUAL,MWD-TAC,Total Actual Hourly Integrated Load,SYS_FCST_ACT_MW,3.3,97,ACTUAL,91
2019-12-07T02:00:00-00:00,2019-12-07T03:00:00-00:00,0,2019-12-06,19,0,ACTUAL,MWD-TAC,Total Actual Hourly Integrated Load,SYS_FCST_ACT_MW,3.3,102,ACTUAL,91
2019-12-07T03:00:00-00:00,2019-12-07T04:00:00-00:00,0,2019-12-06,20,0,ACTUAL,MWD-TAC,Total Actual Hourly Integrated Load,SYS_FCST_ACT_MW,3.3,99,ACTUAL,91
2019-12-07T07:00:00-00:00,2019-12-07T08:00:00-00:00,0,2019-12-06,24,0,ACTUAL,MWD-TAC,Total Actual Hourly Integrated Load,SYS_FCST_ACT_MW,3.3,98,ACTUAL,91
2019-12-06T19:00:00-00:00,2019-12-06T20:00:00-00:00,0,2019-12-06,12,0,ACTUAL,MWD-TAC,Total Actual Hourly Integrated Load,SYS_FCST_ACT_MW,3.3,95,ACTUAL,91
2019-12-06T21:00:00-00:00,2019-12-06T22:00:00-00:00,0,2019-12-06,14,0,ACTUAL,MWD-TAC,Total Actual Hourly Integrated Load,SYS_FCST_ACT_MW,3.3,99,ACTUAL,91
2019-12-06T22:00:00-00:00,2019-12-06T23:00:00-00:00,0,2019-12-06,15,0,ACTUAL,MWD-TAC,Total Actual Hourly Integrated Load,SYS_FCST_ACT_MW,3.3,97,ACTUAL,91
2019-12-07T05:00:00-00:00,2019-12-07T06:00:00-00:00,0,2019-12-06,22,0,ACTUAL,MWD-TAC,Total Actual Hourly Integrated Load,SYS_FCST_ACT_MW,3.3,99,ACTUAL,91
2019-12-06T10:00:00-00:00,2019-12-06T11:00:00-00:00,0,2019-12-06,3,0,ACTUAL,MWD-TAC,Total Actual Hourly Integrated Load,SYS_FCST_ACT_MW,3.3,96,ACTUAL,91
2019-12-06T13:00:00-00:00,2019-12-06T14:00:00-00:00,0,2019-12-06,6,0,ACTUAL,MWD-TAC,Total Actual Hourly Integrated Load,SYS_FCST_ACT_MW,3.3,105,ACTUAL,91
2019-12-06T08:00:00-00:00,2019-12-06T09:00:00-00:00,0,2019-12-06,1,0,ACTUAL,MWD-TAC,Total Actual Hourly Integrated Load,SYS_FCST_ACT_MW,3.3,98,ACTUAL,91
2019-12-06T15:00:00-00:00,2019-12-06T16:00:00-00:00,0,2019-12-06,8,0,ACTUAL,MWD-TAC,Total Actual Hourly Integrated Load,SYS_FCST_ACT_MW,3.3,100,ACTUAL,91
2019-12-06T17:00:00-00:00,2019-12-06T18:00:00-00:00,0,2019-12-06,10,0,ACTUAL,MWD-TAC,Total Actual Hourly Integrated Load,SYS_FCST_ACT_MW,3.3,95,ACTUAL,91
2019-12-06T09:00:00-00:00,2019-12-06T10:00:00-00:00,0,2019-12-06,2,0,ACTUAL,MWD-TAC,Total Actual Hourly Integrated Load,SYS_FCST_ACT_MW,3.3,96,ACTUAL,91
2019-12-06T16:00:00-00:00,2019-12-06T17:00:00-00:00,0,2019-12-06,9,0,ACTUAL,MWD-TAC,Total Actual Hourly Integrated Load,SYS_FCST_ACT_MW,3.3,94,ACTUAL,91
2019-12-07T06:00:00-00:00,2019-12-07T07:00:00-00:00,0,2019-12-06,23,0,ACTUAL,MWD-TAC,Total Actual Hourly Integrated Load,SYS_FCST_ACT_MW,3.3,98,ACTUAL,91
2019-12-06T20:00:00-00:00,2019-12-06T21:00:00-00:00,0,2019-12-06,13,0,ACTUAL,MWD-TAC,Total Actual Hourly Integrated Load,SYS_FCST_ACT_MW,3.3,95,ACTUAL,91
2019-12-06T12:00:00-00:00,2019-12-06T13:00:00-00:00,0,2019-12-06,5,0,ACTUAL,MWD-TAC,Total Actual Hourly Integrated Load,SYS_FCST_ACT_MW,3.3,99,ACTUAL,91
2019-12-06T14:00:00-00:00,2019-12-06T15:00:00-00:00,0,2019-12-06,7,0,ACTUAL,MWD-TAC,Total Actual Hourly Integrated Load,SYS_FCST_ACT_MW,3.3,99,ACTUAL,91
2019-12-06T23:00:00-00:00,2019-12-07T00:00:00-00:00,0,2019-12-06,16,0,ACTUAL,MWD-TAC,Total Actual Hourly Integrated Load,SYS_FCST_ACT_MW,3.3,99,ACTUAL,91
2019-12-07T01:00:00-00:00,2019-12-07T02:00:00-00:00,0,2019-12-06,18,0,ACTUAL,MWD-TAC,Total Actual Hourly Integrated Load,SYS_FCST_ACT_MW,3.3,103,ACTUAL,91
2019-12-07T04:00:00-00:00,2019-12-07T05:00:00-00:00,0,2019-12-06,21,0,ACTUAL,MWD-TAC,Total Actual Hourly Integrated Load,SYS_FCST_ACT_MW,3.3,97,ACTUAL,91
2019-12-07T00:00:00-00:00,2019-12-07T01:00:00-00:00,0,2019-12-06,17,0,ACTUAL,MWD-TAC,Total Actual Hourly Integrated Load,SYS_FCST_ACT_MW,3.3,103,ACTUAL,91
2019-12-06T08:00:00-00:00,2019-12-06T09:00:00-00:00,0,2019-12-06,1,0,ACTUAL,NEVP,Total Actual Hourly Integrated Load,SYS_FCST_ACT_MW,3.8,3529,ACTUAL,92
2019-12-06T12:00:00-00:00,2019-12-06T13:00:00-00:00,0,2019-12-06,5,0,ACTUAL,NEVP,Total Actual Hourly Integrated Load,SYS_FCST_ACT_MW,3.8,3518,ACTUAL,92
2019-12-06T17:00:00-00:00,2019-12-06T18:00:00-00:00,0,2019-12-06,10,0,ACTUAL,NEVP,Total Actual Hourly Integrated Load,SYS_FCST_ACT_MW,3.8,3825,ACTUAL,92
2019-12-07T00:00:00-00:00,2019-12-07T01:00:00-00:00,0,2019-12-06,17,0,ACTUAL,NEVP,Total Actual Hourly Integrated Load,SYS_FCST_ACT_MW,3.8,4090,ACTUAL,92
2019-12-07T01:00:00-00:00,2019-12-07T02:00:00-00:00,0,2019-12-06,18,0,ACTUAL,NEVP,Total Actual Hourly Integrated Load,SYS_FCST_ACT_MW,3.8,4231,ACTUAL,92
2019-12-06T20:00:00-00:00,2019-12-06T21:00:00-00:00,0,2019-12-06,13,0,ACTUAL,NEVP,Total Actual Hourly Integrated Load,SYS_FCST_ACT_MW,3.8,3731,ACTUAL,92
2019-12-07T04:00:00-00:00,2019-12-07T05:00:00-00:00,0,2019-12-06,21,0,ACTUAL,NEVP,Total Actual Hourly Integrated Load,SYS_FCST_ACT_MW,3.8,4085,ACTUAL,92
2019-12-07T06:00:00-00:00,2019-12-07T07:00:00-00:00,0,2019-12-06,23,0,ACTUAL,NEVP,Total Actual Hourly Integrated Load,SYS_FCST_ACT_MW,3.8,3824,ACTUAL,92
2019-12-06T09:00:00-00:00,2019-12-06T10:00:00-00:00,0,2019-12-06,2,0,ACTUAL,NEVP,Total Actual Hourly Integrated Load,SYS_FCST_ACT_MW,3.8,3450,ACTUAL,92
2019-12-06T10:00:00-00:00,2019-12-06T11:00:00-00:00,0,2019-12-06,3,0,ACTUAL,NEVP,Total Actual Hourly Integrated Load,SYS_FCST_ACT_MW,3.8,3436,ACTUAL,92
2019-12-07T05:00:00-00:00,2019-12-07T06:00:00-00:00,0,2019-12-06,22,0,ACTUAL,NEVP,Total Actual Hourly Integrated Load,SYS_FCST_ACT_MW,3.8,3977,ACTUAL,92
2019-12-07T07:00:00-00:00,2019-12-07T08:00:00-00:00,0,2019-12-06,24,0,ACTUAL,NEVP,Total Actual Hourly Integrated Load,SYS_FCST_ACT_MW,3.8,3670,ACTUAL,92
2019-12-06T13:00:00-00:00,2019-12-06T14:00:00-00:00,0,2019-12-06,6,0,ACTUAL,NEVP,Total Actual Hourly Integrated Load,SYS_FCST_ACT_MW,3.8,3683,ACTUAL,92
2019-12-06T15:00:00-00:00,2019-12-06T16:00:00-00:00,0,2019-12-06,8,0,ACTUAL,NEVP,Total Actual Hourly Integrated Load,SYS_FCST_ACT_MW,3.8,3902,ACTUAL,92
2019-12-06T19:00:00-00:00,2019-12-06T20:00:00-00:00,0,2019-12-06,12,0,ACTUAL,NEVP,Total Actual Hourly Integrated Load,SYS_FCST_ACT_MW,3.8,3732,ACTUAL,92
2019-12-07T02:00:00-00:00,2019-12-07T03:00:00-00:00,0,2019-12-06,19,0,ACTUAL,NEVP,Total Actual Hourly Integrated Load,SYS_FCST_ACT_MW,3.8,4197,ACTUAL,92
2019-12-07T03:00:00-00:00,2019-12-07T04:00:00-00:00,0,2019-12-06,20,0,ACTUAL,NEVP,Total Actual Hourly Integrated Load,SYS_FCST_ACT_MW,3.8,4147,ACTUAL,92
2019-12-06T23:00:00-00:00,2019-12-07T00:00:00-00:00,0,2019-12-06,16,0,ACTUAL,NEVP,Total Actual Hourly Integrated Load,SYS_FCST_ACT_MW,3.8,3854,ACTUAL,92
2019-12-06T18:00:00-00:00,2019-12-06T19:00:00-00:00,0,2019-12-06,11,0,ACTUAL,NEVP,Total Actual Hourly Integrated Load,SYS_FCST_ACT_MW,3.8,3783,ACTUAL,92
2019-12-06T22:00:00-00:00,2019-12-06T23:00:00-00:00,0,2019-12-06,15,0,ACTUAL,NEVP,Total Actual Hourly Integrated Load,SYS_FCST_ACT_MW,3.8,3756,ACTUAL,92
2019-12-06T14:00:00-00:00,2019-12-06T15:00:00-00:00,0,2019-12-06,7,0,ACTUAL,NEVP,Total Actual Hourly Integrated Load,SYS_FCST_ACT_MW,3.8,3889,ACTUAL,92
2019-12-06T21:00:00-00:00,2019-12-06T22:00:00-00:00,0,2019-12-06,14,0,ACTUAL,NEVP,Total Actual Hourly Integrated Load,SYS_FCST_ACT_MW,3.8,3733,ACTUAL,92
2019-12-06T11:00:00-00:00,2019-12-06T12:00:00-00:00,0,2019-12-06,4,0,ACTUAL,NEVP,Total Actual Hourly Integrated Load,SYS_FCST_ACT_MW,3.8,3443,ACTUAL,92
2019-12-06T16:00:00-00:00,2019-12-06T17:00:00-00:00,0,2019-12-06,9,0,ACTUAL,NEVP,Total Actual Hourly Integrated Load,SYS_FCST_ACT_MW,3.8,3848,ACTUAL,92
2019-12-06T23:00:00-00:00,2019-12-07T00:00:00-00:00,0,2019-12-06,16,0,ACTUAL,PACE,Total Actual Hourly Integrated Load,SYS_FCST_ACT_MW,3.8,5552,ACTUAL,93
2019-12-07T00:00:00-00:00,2019-12-07T01:00:00-00:00,0,2019-12-06,17,0,ACTUAL,PACE,Total Actual Hourly Integrated Load,SYS_FCST_ACT_MW,3.8,5863,ACTUAL,93
2019-12-06T18:00:00-00:00,2019-12-06T19:00:00-00:00,0,2019-12-06,11,0,ACTUAL,PACE,Total Actual Hourly Integrated Load,SYS_FCST_ACT_MW,3.8,5467,ACTUAL,93
2019-12-06T16:00:00-00:00,2019-12-06T17:00:00-00:00,0,2019-12-06,9,0,ACTUAL,PACE,Total Actual Hourly Integrated Load,SYS_FCST_ACT_MW,3.8,5668,ACTUAL,93
2019-12-06T11:00:00-00:00,2019-12-06T12:00:00-00:00,0,2019-12-06,4,0,ACTUAL,PACE,Total Actual Hourly Integrated Load,SYS_FCST_ACT_MW,3.8,4836,ACTUAL,93
2019-12-06T10:00:00-00:00,2019-12-06T11:00:00-00:00,0,2019-12-06,3,0,ACTUAL,PACE,Total Actual Hourly Integrated Load,SYS_FCST_ACT_MW,3.8,4739,ACTUAL,93
2019-12-07T04:00:00-00:00,2019-12-07T05:00:00-00:00,0,2019-12-06,21,0,ACTUAL,PACE,Total Actual Hourly Integrated Load,SYS_FCST_ACT_MW,3.8,5576,ACTUAL,93
2019-12-07T06:00:00-00:00,2019-12-07T07:00:00-00:00,0,2019-12-06,23,0,ACTUAL,PACE,Total Actual Hourly Integrated Load,SYS_FCST_ACT_MW,3.8,5114,ACTUAL,93
2019-12-06T15:00:00-00:00,2019-12-06T16:00:00-00:00,0,2019-12-06,8,0,ACTUAL,PACE,Total Actual Hourly Integrated Load,SYS_FCST_ACT_MW,3.8,5725,ACTUAL,93
2019-12-07T02:00:00-00:00,2019-12-07T03:00:00-00:00,0,2019-12-06,19,0,ACTUAL,PACE,Total Actual Hourly Integrated Load,SYS_FCST_ACT_MW,3.8,5787,ACTUAL,93
2019-12-07T01:00:00-00:00,2019-12-07T02:00:00-00:00,0,2019-12-06,18,0,ACTUAL,PACE,Total Actual Hourly Integrated Load,SYS_FCST_ACT_MW,3.8,5869,ACTUAL,93
2019-12-06T20:00:00-00:00,2019-12-06T21:00:00-00:00,0,2019-12-06,13,0,ACTUAL,PACE,Total Actual Hourly Integrated Load,SYS_FCST_ACT_MW,3.8,5354,ACTUAL,93
2019-12-06T21:00:00-00:00,2019-12-06T22:00:00-00:00,0,2019-12-06,14,0,ACTUAL,PACE,Total Actual Hourly Integrated Load,SYS_FCST_ACT_MW,3.8,5380,ACTUAL,93
2019-12-06T13:00:00-00:00,2019-12-06T14:00:00-00:00,0,2019-12-06,6,0,ACTUAL,PACE,Total Actual Hourly Integrated Load,SYS_FCST_ACT_MW,3.8,5388,ACTUAL,93
2019-12-07T05:00:00-00:00,2019-12-07T06:00:00-00:00,0,2019-12-06,22,0,ACTUAL,PACE,Total Actual Hourly Integrated Load,SYS_FCST_ACT_MW,3.8,5369,ACTUAL,93
2019-12-06T09:00:00-00:00,2019-12-06T10:00:00-00:00,0,2019-12-06,2,0,ACTUAL,PACE,Total Actual Hourly Integrated Load,SYS_FCST_ACT_MW,3.8,4725,ACTUAL,93
2019-12-06T08:00:00-00:00,2019-12-06T09:00:00-00:00,0,2019-12-06,1,0,ACTUAL,PACE,Total Actual Hourly Integrated Load,SYS_FCST_ACT_MW,3.8,4762,ACTUAL,93
2019-12-07T07:00:00-00:00,2019-12-07T08:00:00-00:00,0,2019-12-06,24,0,ACTUAL,PACE,Total Actual Hourly Integrated Load,SYS_FCST_ACT_MW,3.8,4928,ACTUAL,93
2019-12-06T12:00:00-00:00,2019-12-06T13:00:00-00:00,0,2019-12-06,5,0,ACTUAL,PACE,Total Actual Hourly Integrated Load,SYS_FCST_ACT_MW,3.8,5043,ACTUAL,93
2019-12-07T03:00:00-00:00,2019-12-07T04:00:00-00:00,0,2019-12-06,20,0,ACTUAL,PACE,Total Actual Hourly Integrated Load,SYS_FCST_ACT_MW,3.8,5721,ACTUAL,93
2019-12-06T19:00:00-00:00,2019-12-06T20:00:00-00:00,0,2019-12-06,12,0,ACTUAL,PACE,Total Actual Hourly Integrated Load,SYS_FCST_ACT_MW,3.8,5386,ACTUAL,93
2019-12-06T14:00:00-00:00,2019-12-06T15:00:00-00:00,0,2019-12-06,7,0,ACTUAL,PACE,Total Actual Hourly Integrated Load,SYS_FCST_ACT_MW,3.8,5693,ACTUAL,93
2019-12-06T22:00:00-00:00,2019-12-06T23:00:00-00:00,0,2019-12-06,15,0,ACTUAL,PACE,Total Actual Hourly Integrated Load,SYS_FCST_ACT_MW,3.8,5408,ACTUAL,93
2019-12-06T17:00:00-00:00,2019-12-06T18:00:00-00:00,0,2019-12-06,10,0,ACTUAL,PACE,Total Actual Hourly Integrated Load,SYS_FCST_ACT_MW,3.8,5589,ACTUAL,93
2019-12-06T20:00:00-00:00,2019-12-06T21:00:00-00:00,0,2019-12-06,13,0,ACTUAL,PACW,Total Actual Hourly Integrated Load,SYS_FCST_ACT_MW,3.8,2779,ACTUAL,94
2019-12-07T04:00:00-00:00,2019-12-07T05:00:00-00:00,0,2019-12-06,21,0,ACTUAL,PACW,Total Actual Hourly Integrated Load,SYS_FCST_ACT_MW,3.8,2658,ACTUAL,94
2019-12-07T00:00:00-00:00,2019-12-07T01:00:00-00:00,0,2019-12-06,17,0,ACTUAL,PACW,Total Actual Hourly Integrated Load,SYS_FCST_ACT_MW,3.8,2856,ACTUAL,94
2019-12-06T15:00:00-00:00,2019-12-06T16:00:00-00:00,0,2019-12-06,8,0,ACTUAL,PACW,Total Actual Hourly Integrated Load,SYS_FCST_ACT_MW,3.8,3083,ACTUAL,94
2019-12-07T05:00:00-00:00,2019-12-07T06:00:00-00:00,0,2019-12-06,22,0,ACTUAL,PACW,Total Actual Hourly Integrated Load,SYS_FCST_ACT_MW,3.8,2545,ACTUAL,94
2019-12-06T18:00:00-00:00,2019-12-06T19:00:00-00:00,0,2019-12-06,11,0,ACTUAL,PACW,Total Actual Hourly Integrated Load,SYS_FCST_ACT_MW,3.8,2894,ACTUAL,94
2019-12-06T10:00:00-00:00,2019-12-06T11:00:00-00:00,0,2019-12-06,3,0,ACTUAL,PACW,Total Actual Hourly Integrated Load,SYS_FCST_ACT_MW,3.8,2174,ACTUAL,94
2019-12-06T22:00:00-00:00,2019-12-06T23:00:00-00:00,0,2019-12-06,15,0,ACTUAL,PACW,Total Actual Hourly Integrated Load,SYS_FCST_ACT_MW,3.8,2712,ACTUAL,94
2019-12-07T06:00:00-00:00,2019-12-07T07:00:00-00:00,0,2019-12-06,23,0,ACTUAL,PACW,Total Actual Hourly Integrated Load,SYS_FCST_ACT_MW,3.8,2378,ACTUAL,94
2019-12-06T21:00:00-00:00,2019-12-06T22:00:00-00:00,0,2019-12-06,14,0,ACTUAL,PACW,Total Actual Hourly Integrated Load,SYS_FCST_ACT_MW,3.8,2724,ACTUAL,94
2019-12-06T11:00:00-00:00,2019-12-06T12:00:00-00:00,0,2019-12-06,4,0,ACTUAL,PACW,Total Actual Hourly Integrated Load,SYS_FCST_ACT_MW,3.8,2194,ACTUAL,94
2019-12-06T17:00:00-00:00,2019-12-06T18:00:00-00:00,0,2019-12-06,10,0,ACTUAL,PACW,Total Actual Hourly Integrated Load,SYS_FCST_ACT_MW,3.8,2964,ACTUAL,94
2019-12-06T16:00:00-00:00,2019-12-06T17:00:00-00:00,0,2019-12-06,9,0,ACTUAL,PACW,Total Actual Hourly Integrated Load,SYS_FCST_ACT_MW,3.8,2999,ACTUAL,94
2019-12-07T07:00:00-00:00,2019-12-07T08:00:00-00:00,0,2019-12-06,24,0,ACTUAL,PACW,Total Actual Hourly Integrated Load,SYS_FCST_ACT_MW,3.8,2227,ACTUAL,94
2019-12-07T02:00:00-00:00,2019-12-07T03:00:00-00:00,0,2019-12-06,19,0,ACTUAL,PACW,Total Actual Hourly Integrated Load,SYS_FCST_ACT_MW,3.8,2822,ACTUAL,94
2019-12-07T01:00:00-00:00,2019-12-07T02:00:00-00:00,0,2019-12-06,18,0,ACTUAL,PACW,Total Actual Hourly Integrated Load,SYS_FCST_ACT_MW,3.8,2896,ACTUAL,94
2019-12-06T23:00:00-00:00,2019-12-07T00:00:00-00:00,0,2019-12-06,16,0,ACTUAL,PACW,Total Actual Hourly Integrated Load,SYS_FCST_ACT_MW,3.8,2738,ACTUAL,94
2019-12-06T19:00:00-00:00,2019-12-06T20:00:00-00:00,0,2019-12-06,12,0,ACTUAL,PACW,Total Actual Hourly Integrated Load,SYS_FCST_ACT_MW,3.8,2827,ACTUAL,94
2019-12-06T13:00:00-00:00,2019-12-06T14:00:00-00:00,0,2019-12-06,6,0,ACTUAL,PACW,Total Actual Hourly Integrated Load,SYS_FCST_ACT_MW,3.8,2523,ACTUAL,94
2019-12-07T03:00:00-00:00,2019-12-07T04:00:00-00:00,0,2019-12-06,20,0,ACTUAL,PACW,Total Actual Hourly Integrated Load,SYS_FCST_ACT_MW,3.8,2745,ACTUAL,94
2019-12-06T14:00:00-00:00,2019-12-06T15:00:00-00:00,0,2019-12-06,7,0,ACTUAL,PACW,Total Actual Hourly Integrated Load,SYS_FCST_ACT_MW,3.8,2830,ACTUAL,94
2019-12-06T12:00:00-00:00,2019-12-06T13:00:00-00:00,0,2019-12-06,5,0,ACTUAL,PACW,Total Actual Hourly Integrated Load,SYS_FCST_ACT_MW,3.8,2290,ACTUAL,94
2019-12-06T08:00:00-00:00,2019-12-06T09:00:00-00:00,0,2019-12-06,1,0,ACTUAL,PACW,Total Actual Hourly Integrated Load,SYS_FCST_ACT_MW,3.8,2243,ACTUAL,94
2019-12-06T09:00:00-00:00,2019-12-06T10:00:00-00:00,0,2019-12-06,2,0,ACTUAL,PACW,Total Actual Hourly Integrated Load,SYS_FCST_ACT_MW,3.8,2190,ACTUAL,94
2019-12-07T01:00:00-00:00,2019-12-07T02:00:00-00:00,0,2019-12-06,18,0,ACTUAL,PGE,Total Actual Hourly Integrated Load,SYS_FCST_ACT_MW,3.8,2955,ACTUAL,95
2019-12-06T14:00:00-00:00,2019-12-06T15:00:00-00:00,0,2019-12-06,7,0,ACTUAL,PGE,Total Actual Hourly Integrated Load,SYS_FCST_ACT_MW,3.8,2727,ACTUAL,95
2019-12-06T20:00:00-00:00,2019-12-06T21:00:00-00:00,0,2019-12-06,13,0,ACTUAL,PGE,Total Actual Hourly Integrated Load,SYS_FCST_ACT_MW,3.8,2784,ACTUAL,95
2019-12-06T15:00:00-00:00,2019-12-06T16:00:00-00:00,0,2019-12-06,8,0,ACTUAL,PGE,Total Actual Hourly Integrated Load,SYS_FCST_ACT_MW,3.8,2928,ACTUAL,95
2019-12-06T11:00:00-00:00,2019-12-06T12:00:00-00:00,0,2019-12-06,4,0,ACTUAL,PGE,Total Actual Hourly Integrated Load,SYS_FCST_ACT_MW,3.8,2047,ACTUAL,95
2019-12-07T02:00:00-00:00,2019-12-07T03:00:00-00:00,0,2019-12-06,19,0,ACTUAL,PGE,Total Actual Hourly Integrated Load,SYS_FCST_ACT_MW,3.8,2891,ACTUAL,95
2019-12-07T06:00:00-00:00,2019-12-07T07:00:00-00:00,0,2019-12-06,23,0,ACTUAL,PGE,Total Actual Hourly Integrated Load,SYS_FCST_ACT_MW,3.8,2420,ACTUAL,95
2019-12-06T10:00:00-00:00,2019-12-06T11:00:00-00:00,0,2019-12-06,3,0,ACTUAL,PGE,Total Actual Hourly Integrated Load,SYS_FCST_ACT_MW,3.8,2016,ACTUAL,95
2019-12-06T13:00:00-00:00,2019-12-06T14:00:00-00:00,0,2019-12-06,6,0,ACTUAL,PGE,Total Actual Hourly Integrated Load,SYS_FCST_ACT_MW,3.8,2399,ACTUAL,95
2019-12-06T18:00:00-00:00,2019-12-06T19:00:00-00:00,0,2019-12-06,11,0,ACTUAL,PGE,Total Actual Hourly Integrated Load,SYS_FCST_ACT_MW,3.8,2815,ACTUAL,95
2019-12-06T19:00:00-00:00,2019-12-06T20:00:00-00:00,0,2019-12-06,12,0,ACTUAL,PGE,Total Actual Hourly Integrated Load,SYS_FCST_ACT_MW,3.8,2797,ACTUAL,95
2019-12-06T23:00:00-00:00,2019-12-07T00:00:00-00:00,0,2019-12-06,16,0,ACTUAL,PGE,Total Actual Hourly Integrated Load,SYS_FCST_ACT_MW,3.8,2758,ACTUAL,95
2019-12-07T00:00:00-00:00,2019-12-07T01:00:00-00:00,0,2019-12-06,17,0,ACTUAL,PGE,Total Actual Hourly Integrated Load,SYS_FCST_ACT_MW,3.8,2877,ACTUAL,95
2019-12-07T04:00:00-00:00,2019-12-07T05:00:00-00:00,0,2019-12-06,21,0,ACTUAL,PGE,Total Actual Hourly Integrated Load,SYS_FCST_ACT_MW,3.8,2707,ACTUAL,95
2019-12-07T07:00:00-00:00,2019-12-07T08:00:00-00:00,0,2019-12-06,24,0,ACTUAL,PGE,Total Actual Hourly Integrated Load,SYS_FCST_ACT_MW,3.8,2237,ACTUAL,95
2019-12-06T09:00:00-00:00,2019-12-06T10:00:00-00:00,0,2019-12-06,2,0,ACTUAL,PGE,Total Actual Hourly Integrated Load,SYS_FCST_ACT_MW,3.8,2040,ACTUAL,95
2019-12-06T16:00:00-00:00,2019-12-06T17:00:00-00:00,0,2019-12-06,9,0,ACTUAL,PGE,Total Actual Hourly Integrated Load,SYS_FCST_ACT_MW,3.8,2921,ACTUAL,95
2019-12-07T03:00:00-00:00,2019-12-07T04:00:00-00:00,0,2019-12-06,20,0,ACTUAL,PGE,Total Actual Hourly Integrated Load,SYS_FCST_ACT_MW,3.8,2799,ACTUAL,95
2019-12-07T05:00:00-00:00,2019-12-07T06:00:00-00:00,0,2019-12-06,22,0,ACTUAL,PGE,Total Actual Hourly Integrated Load,SYS_FCST_ACT_MW,3.8,2594,ACTUAL,95
2019-12-06T08:00:00-00:00,2019-12-06T09:00:00-00:00,0,2019-12-06,1,0,ACTUAL,PGE,Total Actual Hourly Integrated Load,SYS_FCST_ACT_MW,3.8,2116,ACTUAL,95
2019-12-06T12:00:00-00:00,2019-12-06T13:00:00-00:00,0,2019-12-06,5,0,ACTUAL,PGE,Total Actual Hourly Integrated Load,SYS_FCST_ACT_MW,3.8,2159,ACTUAL,95
2019-12-06T17:00:00-00:00,2019-12-06T18:00:00-00:00,0,2019-12-06,10,0,ACTUAL,PGE,Total Actual Hourly Integrated Load,SYS_FCST_ACT_MW,3.8,2881,ACTUAL,95
2019-12-06T21:00:00-00:00,2019-12-06T22:00:00-00:00,0,2019-12-06,14,0,ACTUAL,PGE,Total Actual Hourly Integrated Load,SYS_FCST_ACT_MW,3.8,2762,ACTUAL,95
2019-12-06T22:00:00-00:00,2019-12-06T23:00:00-00:00,0,2019-12-06,15,0,ACTUAL,PGE,Total Actual Hourly Integrated Load,SYS_FCST_ACT_MW,3.8,2743,ACTUAL,95
2019-12-07T02:00:00-00:00,2019-12-07T03:00:00-00:00,0,2019-12-06,19,0,ACTUAL,PGE-TAC,Total Actual Hourly Integrated Load,SYS_FCST_ACT_MW,3.1,12675,ACTUAL,96
2019-12-07T00:00:00-00:00,2019-12-07T01:00:00-00:00,0,2019-12-06,17,0,ACTUAL,PGE-TAC,Total Actual Hourly Integrated Load,SYS_FCST_ACT_MW,3.1,12109,ACTUAL,96
2019-12-06T22:00:00-00:00,2019-12-06T23:00:00-00:00,0,2019-12-06,15,0,ACTUAL,PGE-TAC,Total Actual Hourly Integrated Load,SYS_FCST_ACT_MW,3.1,10994,ACTUAL,96
2019-12-06T23:00:00-00:00,2019-12-07T00:00:00-00:00,0,2019-12-06,16,0,ACTUAL,PGE-TAC,Total Actual Hourly Integrated Load,SYS_FCST_ACT_MW,3.1,11500,ACTUAL,96
2019-12-06T14:00:00-00:00,2019-12-06T15:00:00-00:00,0,2019-12-06,7,0,ACTUAL,PGE-TAC,Total Actual Hourly Integrated Load,SYS_FCST_ACT_MW,3.1,11106,ACTUAL,96
2019-12-06T10:00:00-00:00,2019-12-06T11:00:00-00:00,0,2019-12-06,3,0,ACTUAL,PGE-TAC,Total Actual Hourly Integrated Load,SYS_FCST_ACT_MW,3.1,9076,ACTUAL,96
2019-12-06T15:00:00-00:00,2019-12-06T16:00:00-00:00,0,2019-12-06,8,0,ACTUAL,PGE-TAC,Total Actual Hourly Integrated Load,SYS_FCST_ACT_MW,3.1,11690,ACTUAL,96
2019-12-06T16:00:00-00:00,2019-12-06T17:00:00-00:00,0,2019-12-06,9,0,ACTUAL,PGE-TAC,Total Actual Hourly Integrated Load,SYS_FCST_ACT_MW,3.1,11265,ACTUAL,96
2019-12-07T01:00:00-00:00,2019-12-07T02:00:00-00:00,0,2019-12-06,18,0,ACTUAL,PGE-TAC,Total Actual Hourly Integrated Load,SYS_FCST_ACT_MW,3.1,12786,ACTUAL,96
2019-12-07T05:00:00-00:00,2019-12-07T06:00:00-00:00,0,2019-12-06,22,0,ACTUAL,PGE-TAC,Total Actual Hourly Integrated Load,SYS_FCST_ACT_MW,3.1,11538,ACTUAL,96
2019-12-07T07:00:00-00:00,2019-12-07T08:00:00-00:00,0,2019-12-06,24,0,ACTUAL,PGE-TAC,Total Actual Hourly Integrated Load,SYS_FCST_ACT_MW,3.1,10108,ACTUAL,96
2019-12-07T03:00:00-00:00,2019-12-07T04:00:00-00:00,0,2019-12-06,20,0,ACTUAL,PGE-TAC,Total Actual Hourly Integrated Load,SYS_FCST_ACT_MW,3.1,12364,ACTUAL,96
2019-12-06T08:00:00-00:00,2019-12-06T09:00:00-00:00,0,2019-12-06,1,0,ACTUAL,PGE-TAC,Total Actual Hourly Integrated Load,SYS_FCST_ACT_MW,3.1,9690,ACTUAL,96
2019-12-07T06:00:00-00:00,2019-12-07T07:00:00-00:00,0,2019-12-06,23,0,ACTUAL,PGE-TAC,Total Actual Hourly Integrated Load,SYS_FCST_ACT_MW,3.1,10819,ACTUAL,96
2019-12-06T11:00:00-00:00,2019-12-06T12:00:00-00:00,0,2019-12-06,4,0,ACTUAL,PGE-TAC,Total Actual Hourly Integrated Load,SYS_FCST_ACT_MW,3.1,9040,ACTUAL,96
2019-12-06T12:00:00-00:00,2019-12-06T13:00:00-00:00,0,2019-12-06,5,0,ACTUAL,PGE-TAC,Total Actual Hourly Integrated Load,SYS_FCST_ACT_MW,3.1,9287,ACTUAL,96
2019-12-06T13:00:00-00:00,2019-12-06T14:00:00-00:00,0,2019-12-06,6,0,ACTUAL,PGE-TAC,Total Actual Hourly Integrated Load,SYS_FCST_ACT_MW,3.1,9986,ACTUAL,96
2019-12-06T09:00:00-00:00,2019-12-06T10:00:00-00:00,0,2019-12-06,2,0,ACTUAL,PGE-TAC,Total Actual Hourly Integrated Load,SYS_FCST_ACT_MW,3.1,9332,ACTUAL,96
2019-12-06T17:00:00-00:00,2019-12-06T18:00:00-00:00,0,2019-12-06,10,0,ACTUAL,PGE-TAC,Total Actual Hourly Integrated Load,SYS_FCST_ACT_MW,3.1,10827,ACTUAL,96
2019-12-07T04:00:00-00:00,2019-12-07T05:00:00-00:00,0,2019-12-06,21,0,ACTUAL,PGE-TAC,Total Actual Hourly Integrated Load,SYS_FCST_ACT_MW,3.1,11991,ACTUAL,96
2019-12-06T18:00:00-00:00,2019-12-06T19:00:00-00:00,0,2019-12-06,11,0,ACTUAL,PGE-TAC,Total Actual Hourly Integrated Load,SYS_FCST_ACT_MW,3.1,10429,ACTUAL,96
2019-12-06T20:00:00-00:00,2019-12-06T21:00:00-00:00,0,2019-12-06,13,0,ACTUAL,PGE-TAC,Total Actual Hourly Integrated Load,SYS_FCST_ACT_MW,3.1,10551,ACTUAL,96
2019-12-06T21:00:00-00:00,2019-12-06T22:00:00-00:00,0,2019-12-06,14,0,ACTUAL,PGE-TAC,Total Actual Hourly Integrated Load,SYS_FCST_ACT_MW,3.1,10799,ACTUAL,96
2019-12-06T19:00:00-00:00,2019-12-06T20:00:00-00:00,0,2019-12-06,12,0,ACTUAL,PGE-TAC,Total Actual Hourly Integrated Load,SYS_FCST_ACT_MW,3.1,10287,ACTUAL,96
2019-12-07T07:00:00-00:00,2019-12-07T08:00:00-00:00,0,2019-12-06,24,0,ACTUAL,PSEI,Total Actual Hourly Integrated Load,SYS_FCST_ACT_MW,3.8,2599,ACTUAL,97
2019-12-06T19:00:00-00:00,2019-12-06T20:00:00-00:00,0,2019-12-06,12,0,ACTUAL,PSEI,Total Actual Hourly Integrated Load,SYS_FCST_ACT_MW,3.8,3230,ACTUAL,97
2019-12-06T20:00:00-00:00,2019-12-06T21:00:00-00:00,0,2019-12-06,13,0,ACTUAL,PSEI,Total Actual Hourly Integrated Load,SYS_FCST_ACT_MW,3.8,3155,ACTUAL,97
2019-12-07T03:00:00-00:00,2019-12-07T04:00:00-00:00,0,2019-12-06,20,0,ACTUAL,PSEI,Total Actual Hourly Integrated Load,SYS_FCST_ACT_MW,3.8,3331,ACTUAL,97
2019-12-06T11:00:00-00:00,2019-12-06T12:00:00-00:00,0,2019-12-06,4,0,ACTUAL,PSEI,Total Actual Hourly Integrated Load,SYS_FCST_ACT_MW,3.8,2396,ACTUAL,97
2019-12-06T22:00:00-00:00,2019-12-06T23:00:00-00:00,0,2019-12-06,15,0,ACTUAL,PSEI,Total Actual Hourly Integrated Load,SYS_FCST_ACT_MW,3.8,3149,ACTUAL,97
2019-12-07T01:00:00-00:00,2019-12-07T02:00:00-00:00,0,2019-12-06,18,0,ACTUAL,PSEI,Total Actual Hourly Integrated Load,SYS_FCST_ACT_MW,3.8,3513,ACTUAL,97
2019-12-07T05:00:00-00:00,2019-12-07T06:00:00-00:00,0,2019-12-06,22,0,ACTUAL,PSEI,Total Actual Hourly Integrated Load,SYS_FCST_ACT_MW,3.8,3049,ACTUAL,97
2019-12-06T08:00:00-00:00,2019-12-06T09:00:00-00:00,0,2019-12-06,1,0,ACTUAL,PSEI,Total Actual Hourly Integrated Load,SYS_FCST_ACT_MW,3.8,2481,ACTUAL,97
2019-12-06T10:00:00-00:00,2019-12-06T11:00:00-00:00,0,2019-12-06,3,0,ACTUAL,PSEI,Total Actual Hourly Integrated Load,SYS_FCST_ACT_MW,3.8,2360,ACTUAL,97
2019-12-06T13:00:00-00:00,2019-12-06T14:00:00-00:00,0,2019-12-06,6,0,ACTUAL,PSEI,Total Actual Hourly Integrated Load,SYS_FCST_ACT_MW,3.8,2834,ACTUAL,97
2019-12-07T04:00:00-00:00,2019-12-07T05:00:00-00:00,0,2019-12-06,21,0,ACTUAL,PSEI,Total Actual Hourly Integrated Load,SYS_FCST_ACT_MW,3.8,3215,ACTUAL,97
2019-12-06T14:00:00-00:00,2019-12-06T15:00:00-00:00,0,2019-12-06,7,0,ACTUAL,PSEI,Total Actual Hourly Integrated Load,SYS_FCST_ACT_MW,3.8,3205,ACTUAL,97
2019-12-06T16:00:00-00:00,2019-12-06T17:00:00-00:00,0,2019-12-06,9,0,ACTUAL,PSEI,Total Actual Hourly Integrated Load,SYS_FCST_ACT_MW,3.8,3435,ACTUAL,97
2019-12-07T00:00:00-00:00,2019-12-07T01:00:00-00:00,0,2019-12-06,17,0,ACTUAL,PSEI,Total Actual Hourly Integrated Load,SYS_FCST_ACT_MW,3.8,3420,ACTUAL,97
2019-12-07T02:00:00-00:00,2019-12-07T03:00:00-00:00,0,2019-12-06,19,0,ACTUAL,PSEI,Total Actual Hourly Integrated Load,SYS_FCST_ACT_MW,3.8,3441,ACTUAL,97
2019-12-06T21:00:00-00:00,2019-12-06T22:00:00-00:00,0,2019-12-06,14,0,ACTUAL,PSEI,Total Actual Hourly Integrated Load,SYS_FCST_ACT_MW,3.8,3130,ACTUAL,97
2019-12-06T09:00:00-00:00,2019-12-06T10:00:00-00:00,0,2019-12-06,2,0,ACTUAL,PSEI,Total Actual Hourly Integrated Load,SYS_FCST_ACT_MW,3.8,2394,ACTUAL,97
2019-12-06T12:00:00-00:00,2019-12-06T13:00:00-00:00,0,2019-12-06,5,0,ACTUAL,PSEI,Total Actual Hourly Integrated Load,SYS_FCST_ACT_MW,3.8,2545,ACTUAL,97
2019-12-06T23:00:00-00:00,2019-12-07T00:00:00-00:00,0,2019-12-06,16,0,ACTUAL,PSEI,Total Actual Hourly Integrated Load,SYS_FCST_ACT_MW,3.8,3222,ACTUAL,97
2019-12-06T17:00:00-00:00,2019-12-06T18:00:00-00:00,0,2019-12-06,10,0,ACTUAL,PSEI,Total Actual Hourly Integrated Load,SYS_FCST_ACT_MW,3.8,3395,ACTUAL,97
2019-12-06T18:00:00-00:00,2019-12-06T19:00:00-00:00,0,2019-12-06,11,0,ACTUAL,PSEI,Total Actual Hourly Integrated Load,SYS_FCST_ACT_MW,3.8,3320,ACTUAL,97
2019-12-07T06:00:00-00:00,2019-12-07T07:00:00-00:00,0,2019-12-06,23,0,ACTUAL,PSEI,Total Actual Hourly Integrated Load,SYS_FCST_ACT_MW,3.8,2823,ACTUAL,97
2019-12-06T15:00:00-00:00,2019-12-06T16:00:00-00:00,0,2019-12-06,8,0,ACTUAL,PSEI,Total Actual Hourly Integrated Load,SYS_FCST_ACT_MW,3.8,3440,ACTUAL,97
2019-12-06T08:00:00-00:00,2019-12-06T09:00:00-00:00,0,2019-12-06,1,0,ACTUAL,SCE-TAC,Total Actual Hourly Integrated Load,SYS_FCST_ACT_MW,3.2,9729,ACTUAL,98
2019-12-06T23:00:00-00:00,2019-12-07T00:00:00-00:00,0,2019-12-06,16,0,ACTUAL,SCE-TAC,Total Actual Hourly Integrated Load,SYS_FCST_ACT_MW,3.2,11973,ACTUAL,98
2019-12-06T12:00:00-00:00,2019-12-06T13:00:00-00:00,0,2019-12-06,5,0,ACTUAL,SCE-TAC,Total Actual Hourly Integrated Load,SYS_FCST_ACT_MW,3.2,9368,ACTUAL,98
2019-12-06T15:00:00-00:00,2019-12-06T16:00:00-00:00,0,2019-12-06,8,0,ACTUAL,SCE-TAC,Total Actual Hourly Integrated Load,SYS_FCST_ACT_MW,3.2,11339,ACTUAL,98
2019-12-06T09:00:00-00:00,2019-12-06T10:00:00-00:00,0,2019-12-06,2,0,ACTUAL,SCE-TAC,Total Actual Hourly Integrated Load,SYS_FCST_ACT_MW,3.2,9351,ACTUAL,98
2019-12-06T21:00:00-00:00,2019-12-06T22:00:00-00:00,0,2019-12-06,14,0,ACTUAL,SCE-TAC,Total Actual Hourly Integrated Load,SYS_FCST_ACT_MW,3.2,11793,ACTUAL,98
2019-12-06T19:00:00-00:00,2019-12-06T20:00:00-00:00,0,2019-12-06,12,0,ACTUAL,SCE-TAC,Total Actual Hourly Integrated Load,SYS_FCST_ACT_MW,3.2,11008,ACTUAL,98
2019-12-07T06:00:00-00:00,2019-12-07T07:00:00-00:00,0,2019-12-06,23,0,ACTUAL,SCE-TAC,Total Actual Hourly Integrated Load,SYS_FCST_ACT_MW,3.2,11180,ACTUAL,98
2019-12-07T04:00:00-00:00,2019-12-07T05:00:00-00:00,0,2019-12-06,21,0,ACTUAL,SCE-TAC,Total Actual Hourly Integrated Load,SYS_FCST_ACT_MW,3.2,12283,ACTUAL,98
2019-12-06T14:00:00-00:00,2019-12-06T15:00:00-00:00,0,2019-12-06,7,0,ACTUAL,SCE-TAC,Total Actual Hourly Integrated Load,SYS_FCST_ACT_MW,3.2,11041,ACTUAL,98
2019-12-07T05:00:00-00:00,2019-12-07T06:00:00-00:00,0,2019-12-06,22,0,ACTUAL,SCE-TAC,Total Actual Hourly Integrated Load,SYS_FCST_ACT_MW,3.2,11846,ACTUAL,98
2019-12-07T01:00:00-00:00,2019-12-07T02:00:00-00:00,0,2019-12-06,18,0,ACTUAL,SCE-TAC,Total Actual Hourly Integrated Load,SYS_FCST_ACT_MW,3.2,12868,ACTUAL,98
2019-12-06T11:00:00-00:00,2019-12-06T12:00:00-00:00,0,2019-12-06,4,0,ACTUAL,SCE-TAC,Total Actual Hourly Integrated Load,SYS_FCST_ACT_MW,3.2,9103,ACTUAL,98
2019-12-06T13:00:00-00:00,2019-12-06T14:00:00-00:00,0,2019-12-06,6,0,ACTUAL,SCE-TAC,Total Actual Hourly Integrated Load,SYS_FCST_ACT_MW,3.2,10073,ACTUAL,98
2019-12-06T10:00:00-00:00,2019-12-06T11:00:00-00:00,0,2019-12-06,3,0,ACTUAL,SCE-TAC,Total Actual Hourly Integrated Load,SYS_FCST_ACT_MW,3.2,9155,ACTUAL,98
2019-12-06T20:00:00-00:00,2019-12-06T21:00:00-00:00,0,2019-12-06,13,0,ACTUAL,SCE-TAC,Total Actual Hourly Integrated Load,SYS_FCST_ACT_MW,3.2,11238,ACTUAL,98
2019-12-06T18:00:00-00:00,2019-12-06T19:00:00-00:00,0,2019-12-06,11,0,ACTUAL,SCE-TAC,Total Actual Hourly Integrated Load,SYS_FCST_ACT_MW,3.2,11036,ACTUAL,98
2019-12-07T03:00:00-00:00,2019-12-07T04:00:00-00:00,0,2019-12-06,20,0,ACTUAL,SCE-TAC,Total Actual Hourly Integrated Load,SYS_FCST_ACT_MW,3.2,12560,ACTUAL,98
2019-12-07T02:00:00-00:00,2019-12-07T03:00:00-00:00,0,2019-12-06,19,0,ACTUAL,SCE-TAC,Total Actual Hourly Integrated Load,SYS_FCST_ACT_MW,3.2,12750,ACTUAL,98
2019-12-06T22:00:00-00:00,2019-12-06T23:00:00-00:00,0,2019-12-06,15,0,ACTUAL,SCE-TAC,Total Actual Hourly Integrated Load,SYS_FCST_ACT_MW,3.2,11987,ACTUAL,98
2019-12-07T00:00:00-00:00,2019-12-07T01:00:00-00:00,0,2019-12-06,17,0,ACTUAL,SCE-TAC,Total Actual Hourly Integrated Load,SYS_FCST_ACT_MW,3.2,12331,ACTUAL,98
2019-12-06T17:00:00-00:00,2019-12-06T18:00:00-00:00,0,2019-12-06,10,0,ACTUAL,SCE-TAC,Total Actual Hourly Integrated Load,SYS_FCST_ACT_MW,3.2,11125,ACTUAL,98
2019-12-06T16:00:00-00:00,2019-12-06T17:00:00-00:00,0,2019-12-06,9,0,ACTUAL,SCE-TAC,Total Actual Hourly Integrated Load,SYS_FCST_ACT_MW,3.2,11226,ACTUAL,98
2019-12-07T07:00:00-00:00,2019-12-07T08:00:00-00:00,0,2019-12-06,24,0,ACTUAL,SCE-TAC,Total Actual Hourly Integrated Load,SYS_FCST_ACT_MW,3.2,10400,ACTUAL,98
2019-12-06T22:00:00-00:00,2019-12-06T23:00:00-00:00,0,2019-12-06,15,0,ACTUAL,SCL,Total Actual Hourly Integrated Load,SYS_FCST_ACT_MW,3.8,1210,ACTUAL,99
2019-12-06T21:00:00-00:00,2019-12-06T22:00:00-00:00,0,2019-12-06,14,0,ACTUAL,SCL,Total Actual Hourly Integrated Load,SYS_FCST_ACT_MW,3.8,1206,ACTUAL,99
2019-12-06T09:00:00-00:00,2019-12-06T10:00:00-00:00,0,2019-12-06,2,0,ACTUAL,SCL,Total Actual Hourly Integrated Load,SYS_FCST_ACT_MW,3.8,890,ACTUAL,99
2019-12-07T07:00:00-00:00,2019-12-07T08:00:00-00:00,0,2019-12-06,24,0,ACTUAL,SCL,Total Actual Hourly Integrated Load,SYS_FCST_ACT_MW,3.8,983,ACTUAL,99
2019-12-07T06:00:00-00:00,2019-12-07T07:00:00-00:00,0,2019-12-06,23,0,ACTUAL,SCL,Total Actual Hourly Integrated Load,SYS_FCST_ACT_MW,3.8,1059,ACTUAL,99
2019-12-06T16:00:00-00:00,2019-12-06T17:00:00-00:00,0,2019-12-06,9,0,ACTUAL,SCL,Total Actual Hourly Integrated Load,SYS_FCST_ACT_MW,3.8,1320,ACTUAL,99
2019-12-06T11:00:00-00:00,2019-12-06T12:00:00-00:00,0,2019-12-06,4,0,ACTUAL,SCL,Total Actual Hourly Integrated Load,SYS_FCST_ACT_MW,3.8,871,ACTUAL,99
2019-12-07T00:00:00-00:00,2019-12-07T01:00:00-00:00,0,2019-12-06,17,0,ACTUAL,SCL,Total Actual Hourly Integrated Load,SYS_FCST_ACT_MW,3.8,1286,ACTUAL,99
2019-12-06T17:00:00-00:00,2019-12-06T18:00:00-00:00,0,2019-12-06,10,0,ACTUAL,SCL,Total Actual Hourly Integrated Load,SYS_FCST_ACT_MW,3.8,1303,ACTUAL,99
2019-12-06T10:00:00-00:00,2019-12-06T11:00:00-00:00,0,2019-12-06,3,0,ACTUAL,SCL,Total Actual Hourly Integrated Load,SYS_FCST_ACT_MW,3.8,869,ACTUAL,99
2019-12-07T05:00:00-00:00,2019-12-07T06:00:00-00:00,0,2019-12-06,22,0,ACTUAL,SCL,Total Actual Hourly Integrated Load,SYS_FCST_ACT_MW,3.8,1128,ACTUAL,99
2019-12-07T03:00:00-00:00,2019-12-07T04:00:00-00:00,0,2019-12-06,20,0,ACTUAL,SCL,Total Actual Hourly Integrated Load,SYS_FCST_ACT_MW,3.8,1227,ACTUAL,99
2019-12-06T20:00:00-00:00,2019-12-06T21:00:00-00:00,0,2019-12-06,13,0,ACTUAL,SCL,Total Actual Hourly Integrated Load,SYS_FCST_ACT_MW,3.8,1209,ACTUAL,99
2019-12-06T19:00:00-00:00,2019-12-06T20:00:00-00:00,0,2019-12-06,12,0,ACTUAL,SCL,Total Actual Hourly Integrated Load,SYS_FCST_ACT_MW,3.8,1237,ACTUAL,99
2019-12-06T18:00:00-00:00,2019-12-06T19:00:00-00:00,0,2019-12-06,11,0,ACTUAL,SCL,Total Actual Hourly Integrated Load,SYS_FCST_ACT_MW,3.8,1269,ACTUAL,99
2019-12-07T02:00:00-00:00,2019-12-07T03:00:00-00:00,0,2019-12-06,19,0,ACTUAL,SCL,Total Actual Hourly Integrated Load,SYS_FCST_ACT_MW,3.8,1275,ACTUAL,99
2019-12-07T01:00:00-00:00,2019-12-07T02:00:00-00:00,0,2019-12-06,18,0,ACTUAL,SCL,Total Actual Hourly Integrated Load,SYS_FCST_ACT_MW,3.8,1315,ACTUAL,99
2019-12-06T13:00:00-00:00,2019-12-06T14:00:00-00:00,0,2019-12-06,6,0,ACTUAL,SCL,Total Actual Hourly Integrated Load,SYS_FCST_ACT_MW,3.8,1033,ACTUAL,99
2019-12-06T15:00:00-00:00,2019-12-06T16:00:00-00:00,0,2019-12-06,8,0,ACTUAL,SCL,Total Actual Hourly Integrated Load,SYS_FCST_ACT_MW,3.8,1315,ACTUAL,99
2019-12-06T14:00:00-00:00,2019-12-06T15:00:00-00:00,0,2019-12-06,7,0,ACTUAL,SCL,Total Actual Hourly Integrated Load,SYS_FCST_ACT_MW,3.8,1195,ACTUAL,99
2019-12-06T08:00:00-00:00,2019-12-06T09:00:00-00:00,0,2019-12-06,1,0,ACTUAL,SCL,Total Actual Hourly Integrated Load,SYS_FCST_ACT_MW,3.8,929,ACTUAL,99
2019-12-07T04:00:00-00:00,2019-12-07T05:00:00-00:00,0,2019-12-06,21,0,ACTUAL,SCL,Total Actual Hourly Integrated Load,SYS_FCST_ACT_MW,3.8,1180,ACTUAL,99
2019-12-06T23:00:00-00:00,2019-12-07T00:00:00-00:00,0,2019-12-06,16,0,ACTUAL,SCL,Total Actual Hourly Integrated Load,SYS_FCST_ACT_MW,3.8,1227,ACTUAL,99
2019-12-06T12:00:00-00:00,2019-12-06T13:00:00-00:00,0,2019-12-06,5,0,ACTUAL,SCL,Total Actual Hourly Integrated Load,SYS_FCST_ACT_MW,3.8,918,ACTUAL,99
2019-12-06T19:00:00-00:00,2019-12-06T20:00:00-00:00,0,2019-12-06,12,0,ACTUAL,SDGE-TAC,Total Actual Hourly Integrated Load,SYS_FCST_ACT_MW,3.4,2052,ACTUAL,100
2019-12-06T09:00:00-00:00,2019-12-06T10:00:00-00:00,0,2019-12-06,2,0,ACTUAL,SDGE-TAC,Total Actual Hourly Integrated Load,SYS_FCST_ACT_MW,3.4,1886,ACTUAL,100
2019-12-06T15:00:00-00:00,2019-12-06T16:00:00-00:00,0,2019-12-06,8,0,ACTUAL,SDGE-TAC,Total Actual Hourly Integrated Load,SYS_FCST_ACT_MW,3.4,2280,ACTUAL,100
2019-12-07T00:00:00-00:00,2019-12-07T01:00:00-00:00,0,2019-12-06,17,0,ACTUAL,SDGE-TAC,Total Actual Hourly Integrated Load,SYS_FCST_ACT_MW,3.4,2630,ACTUAL,100
2019-12-07T02:00:00-00:00,2019-12-07T03:00:00-00:00,0,2019-12-06,19,0,ACTUAL,SDGE-TAC,Total Actual Hourly Integrated Load,SYS_FCST_ACT_MW,3.4,2723,ACTUAL,100
2019-12-06T12:00:00-00:00,2019-12-06T13:00:00-00:00,0,2019-12-06,5,0,ACTUAL,SDGE-TAC,Total Actual Hourly Integrated Load,SYS_FCST_ACT_MW,3.4,1878,ACTUAL,100
2019-12-06T20:00:00-00:00,2019-12-06T21:00:00-00:00,0,2019-12-06,13,0,ACTUAL,SDGE-TAC,Total Actual Hourly Integrated Load,SYS_FCST_ACT_MW,3.4,2263,ACTUAL,100
2019-12-06T11:00:00-00:00,2019-12-06T12:00:00-00:00,0,2019-12-06,4,0,ACTUAL,SDGE-TAC,Total Actual Hourly Integrated Load,SYS_FCST_ACT_MW,3.4,1819,ACTUAL,100
2019-12-07T06:00:00-00:00,2019-12-07T07:00:00-00:00,0,2019-12-06,23,0,ACTUAL,SDGE-TAC,Total Actual Hourly Integrated Load,SYS_FCST_ACT_MW,3.4,2267,ACTUAL,100
2019-12-06T08:00:00-00:00,2019-12-06T09:00:00-00:00,0,2019-12-06,1,0,ACTUAL,SDGE-TAC,Total Actual Hourly Integrated Load,SYS_FCST_ACT_MW,3.4,1936,ACTUAL,100
2019-12-06T10:00:00-00:00,2019-12-06T11:00:00-00:00,0,2019-12-06,3,0,ACTUAL,SDGE-TAC,Total Actual Hourly Integrated Load,SYS_FCST_ACT_MW,3.4,1835,ACTUAL,100
2019-12-06T17:00:00-00:00,2019-12-06T18:00:00-00:00,0,2019-12-06,10,0,ACTUAL,SDGE-TAC,Total Actual Hourly Integrated Load,SYS_FCST_ACT_MW,3.4,2054,ACTUAL,100
2019-12-06T21:00:00-00:00,2019-12-06T22:00:00-00:00,0,2019-12-06,14,0,ACTUAL,SDGE-TAC,Total Actual Hourly Integrated Load,SYS_FCST_ACT_MW,3.4,2378,ACTUAL,100
2019-12-07T01:00:00-00:00,2019-12-07T02:00:00-00:00,0,2019-12-06,18,0,ACTUAL,SDGE-TAC,Total Actual Hourly Integrated Load,SYS_FCST_ACT_MW,3.4,2769,ACTUAL,100
2019-12-07T04:00:00-00:00,2019-12-07T05:00:00-00:00,0,2019-12-06,21,0,ACTUAL,SDGE-TAC,Total Actual Hourly Integrated Load,SYS_FCST_ACT_MW,3.4,2563,ACTUAL,100
2019-12-06T22:00:00-00:00,2019-12-06T23:00:00-00:00,0,2019-12-06,15,0,ACTUAL,SDGE-TAC,Total Actual Hourly Integrated Load,SYS_FCST_ACT_MW,3.4,2440,ACTUAL,100
2019-12-06T23:00:00-00:00,2019-12-07T00:00:00-00:00,0,2019-12-06,16,0,ACTUAL,SDGE-TAC,Total Actual Hourly Integrated Load,SYS_FCST_ACT_MW,3.4,2500,ACTUAL,100
2019-12-07T07:00:00-00:00,2019-12-07T08:00:00-00:00,0,2019-12-06,24,0,ACTUAL,SDGE-TAC,Total Actual Hourly Integrated Load,SYS_FCST_ACT_MW,3.4,2072,ACTUAL,100
2019-12-07T03:00:00-00:00,2019-12-07T04:00:00-00:00,0,2019-12-06,20,0,ACTUAL,SDGE-TAC,Total Actual Hourly Integrated Load,SYS_FCST_ACT_MW,3.4,2648,ACTUAL,100
2019-12-07T05:00:00-00:00,2019-12-07T06:00:00-00:00,0,2019-12-06,22,0,ACTUAL,SDGE-TAC,Total Actual Hourly Integrated Load,SYS_FCST_ACT_MW,3.4,2442,ACTUAL,100
2019-12-06T16:00:00-00:00,2019-12-06T17:00:00-00:00,0,2019-12-06,9,0,ACTUAL,SDGE-TAC,Total Actual Hourly Integrated Load,SYS_FCST_ACT_MW,3.4,2177,ACTUAL,100
2019-12-06T13:00:00-00:00,2019-12-06T14:00:00-00:00,0,2019-12-06,6,0,ACTUAL,SDGE-TAC,Total Actual Hourly Integrated Load,SYS_FCST_ACT_MW,3.4,2001,ACTUAL,100
2019-12-06T14:00:00-00:00,2019-12-06T15:00:00-00:00,0,2019-12-06,7,0,ACTUAL,SDGE-TAC,Total Actual Hourly Integrated Load,SYS_FCST_ACT_MW,3.4,2241,ACTUAL,100
2019-12-06T18:00:00-00:00,2019-12-06T19:00:00-00:00,0,2019-12-06,11,0,ACTUAL,SDGE-TAC,Total Actual Hourly Integrated Load,SYS_FCST_ACT_MW,3.4,1937,ACTUAL,100
2019-12-06T23:00:00-00:00,2019-12-07T00:00:00-00:00,0,2019-12-06,16,0,ACTUAL,SRP,Total Actual Hourly Integrated Load,SYS_FCST_ACT_MW,3.8,2714,ACTUAL,101
2019-12-06T22:00:00-00:00,2019-12-06T23:00:00-00:00,0,2019-12-06,15,0,ACTUAL,SRP,Total Actual Hourly Integrated Load,SYS_FCST_ACT_MW,3.8,2635,ACTUAL,101
2019-12-07T06:00:00-00:00,2019-12-07T07:00:00-00:00,0,2019-12-06,23,0,ACTUAL,SRP,Total Actual Hourly Integrated Load,SYS_FCST_ACT_MW,3.8,2551,ACTUAL,101
2019-12-06T09:00:00-00:00,2019-12-06T10:00:00-00:00,0,2019-12-06,2,0,ACTUAL,SRP,Total Actual Hourly Integrated Load,SYS_FCST_ACT_MW,3.8,2321,ACTUAL,101
2019-12-06T10:00:00-00:00,2019-12-06T11:00:00-00:00,0,2019-12-06,3,0,ACTUAL,SRP,Total Actual Hourly Integrated Load,SYS_FCST_ACT_MW,3.8,2331,ACTUAL,101
2019-12-06T18:00:00-00:00,2019-12-06T19:00:00-00:00,0,2019-12-06,11,0,ACTUAL,SRP,Total Actual Hourly Integrated Load,SYS_FCST_ACT_MW,3.8,2727,ACTUAL,101
2019-12-06T20:00:00-00:00,2019-12-06T21:00:00-00:00,0,2019-12-06,13,0,ACTUAL,SRP,Total Actual Hourly Integrated Load,SYS_FCST_ACT_MW,3.8,2689,ACTUAL,101
2019-12-06T11:00:00-00:00,2019-12-06T12:00:00-00:00,0,2019-12-06,4,0,ACTUAL,SRP,Total Actual Hourly Integrated Load,SYS_FCST_ACT_MW,3.8,2422,ACTUAL,101
2019-12-06T17:00:00-00:00,2019-12-06T18:00:00-00:00,0,2019-12-06,10,0,ACTUAL,SRP,Total Actual Hourly Integrated Load,SYS_FCST_ACT_MW,3.8,2760,ACTUAL,101
2019-12-07T00:00:00-00:00,2019-12-07T01:00:00-00:00,0,2019-12-06,17,0,ACTUAL,SRP,Total Actual Hourly Integrated Load,SYS_FCST_ACT_MW,3.8,2912,ACTUAL,101
2019-12-06T08:00:00-00:00,2019-12-06T09:00:00-00:00,0,2019-12-06,1,0,ACTUAL,SRP,Total Actual Hourly Integrated Load,SYS_FCST_ACT_MW,3.8,2341,ACTUAL,101
2019-12-06T12:00:00-00:00,2019-12-06T13:00:00-00:00,0,2019-12-06,5,0,ACTUAL,SRP,Total Actual Hourly Integrated Load,SYS_FCST_ACT_MW,3.8,2624,ACTUAL,101
2019-12-06T13:00:00-00:00,2019-12-06T14:00:00-00:00,0,2019-12-06,6,0,ACTUAL,SRP,Total Actual Hourly Integrated Load,SYS_FCST_ACT_MW,3.8,2899,ACTUAL,101
2019-12-06T15:00:00-00:00,2019-12-06T16:00:00-00:00,0,2019-12-06,8,0,ACTUAL,SRP,Total Actual Hourly Integrated Load,SYS_FCST_ACT_MW,3.8,2872,ACTUAL,101
2019-12-06T16:00:00-00:00,2019-12-06T17:00:00-00:00,0,2019-12-06,9,0,ACTUAL,SRP,Total Actual Hourly Integrated Load,SYS_FCST_ACT_MW,3.8,2823,ACTUAL,101
2019-12-07T01:00:00-00:00,2019-12-07T02:00:00-00:00,0,2019-12-06,18,0,ACTUAL,SRP,Total Actual Hourly Integrated Load,SYS_FCST_ACT_MW,3.8,2986,ACTUAL,101
2019-12-06T21:00:00-00:00,2019-12-06T22:00:00-00:00,0,2019-12-06,14,0,ACTUAL,SRP,Total Actual Hourly Integrated Load,SYS_FCST_ACT_MW,3.8,2667,ACTUAL,101
2019-12-06T19:00:00-00:00,2019-12-06T20:00:00-00:00,0,2019-12-06,12,0,ACTUAL,SRP,Total Actual Hourly Integrated Load,SYS_FCST_ACT_MW,3.8,2707,ACTUAL,101
2019-12-07T07:00:00-00:00,2019-12-07T08:00:00-00:00,0,2019-12-06,24,0,ACTUAL,SRP,Total Actual Hourly Integrated Load,SYS_FCST_ACT_MW,3.8,2437,ACTUAL,101
2019-12-07T02:00:00-00:00,2019-12-07T03:00:00-00:00,0,2019-12-06,19,0,ACTUAL,SRP,Total Actual Hourly Integrated Load,SYS_FCST_ACT_MW,3.8,2935,ACTUAL,101
2019-12-07T05:00:00-00:00,2019-12-07T06:00:00-00:00,0,2019-12-06,22,0,ACTUAL,SRP,Total Actual Hourly Integrated Load,SYS_FCST_ACT_MW,3.8,2713,ACTUAL,101
2019-12-07T03:00:00-00:00,2019-12-07T04:00:00-00:00,0,2019-12-06,20,0,ACTUAL,SRP,Total Actual Hourly Integrated Load,SYS_FCST_ACT_MW,3.8,2901,ACTUAL,101
2019-12-06T14:00:00-00:00,2019-12-06T15:00:00-00:00,0,2019-12-06,7,0,ACTUAL,SRP,Total Actual Hourly Integrated Load,SYS_FCST_ACT_MW,3.8,2968,ACTUAL,101
2019-12-07T04:00:00-00:00,2019-12-07T05:00:00-00:00,0,2019-12-06,21,0,ACTUAL,SRP,Total Actual Hourly Integrated Load,SYS_FCST_ACT_MW,3.8,2838,ACTUAL,101
2019-12-07T07:00:00-00:00,2019-12-07T08:00:00-00:00,0,2019-12-06,24,0,ACTUAL,VEA-TAC,Total Actual Hourly Integrated Load,SYS_FCST_ACT_MW,3.5,60,ACTUAL,102
2019-12-06T16:00:00-00:00,2019-12-06T17:00:00-00:00,0,2019-12-06,9,0,ACTUAL,VEA-TAC,Total Actual Hourly Integrated Load,SYS_FCST_ACT_MW,3.5,77,ACTUAL,102
2019-12-06T12:00:00-00:00,2019-12-06T13:00:00-00:00,0,2019-12-06,5,0,ACTUAL,VEA-TAC,Total Actual Hourly Integrated Load,SYS_FCST_ACT_MW,3.5,72,ACTUAL,102
2019-12-07T04:00:00-00:00,2019-12-07T05:00:00-00:00,0,2019-12-06,21,0,ACTUAL,VEA-TAC,Total Actual Hourly Integrated Load,SYS_FCST_ACT_MW,3.5,68,ACTUAL,102
2019-12-06T22:00:00-00:00,2019-12-06T23:00:00-00:00,0,2019-12-06,15,0,ACTUAL,VEA-TAC,Total Actual Hourly Integrated Load,SYS_FCST_ACT_MW,3.5,54,ACTUAL,102
2019-12-06T19:00:00-00:00,2019-12-06T20:00:00-00:00,0,2019-12-06,12,0,ACTUAL,VEA-TAC,Total Actual Hourly Integrated Load,SYS_FCST_ACT_MW,3.5,55,ACTUAL,102
2019-12-06T23:00:00-00:00,2019-12-07T00:00:00-00:00,0,2019-12-06,16,0,ACTUAL,VEA-TAC,Total Actual Hourly Integrated Load,SYS_FCST_ACT_MW,3.5,57,ACTUAL,102
2019-12-07T03:00:00-00:00,2019-12-07T04:00:00-00:00,0,2019-12-06,20,0,ACTUAL,VEA-TAC,Total Actual Hourly Integrated Load,SYS_FCST_ACT_MW,3.5,68,ACTUAL,102
2019-12-06T18:00:00-00:00,2019-12-06T19:00:00-00:00,0,2019-12-06,11,0,ACTUAL,VEA-TAC,Total Actual Hourly Integrated Load,SYS_FCST_ACT_MW,3.5,60,ACTUAL,102
2019-12-07T01:00:00-00:00,2019-12-07T02:00:00-00:00,0,2019-12-06,18,0,ACTUAL,VEA-TAC,Total Actual Hourly Integrated Load,SYS_FCST_ACT_MW,3.5,68,ACTUAL,102
2019-12-06T10:00:00-00:00,2019-12-06T11:00:00-00:00,0,2019-12-06,3,0,ACTUAL,VEA-TAC,Total Actual Hourly Integrated Load,SYS_FCST_ACT_MW,3.5,65,ACTUAL,102
2019-12-06T14:00:00-00:00,2019-12-06T15:00:00-00:00,0,2019-12-06,7,0,ACTUAL,VEA-TAC,Total Actual Hourly Integrated Load,SYS_FCST_ACT_MW,3.5,87,ACTUAL,102
2019-12-07T02:00:00-00:00,2019-12-07T03:00:00-00:00,0,2019-12-06,19,0,ACTUAL,VEA-TAC,Total Actual Hourly Integrated Load,SYS_FCST_ACT_MW,3.5,68,ACTUAL,102
2019-12-07T05:00:00-00:00,2019-12-07T06:00:00-00:00,0,2019-12-06,22,0,ACTUAL,VEA-TAC,Total Actual Hourly Integrated Load,SYS_FCST_ACT_MW,3.5,66,ACTUAL,102
2019-12-06T20:00:00-00:00,2019-12-06T21:00:00-00:00,0,2019-12-06,13,0,ACTUAL,VEA-TAC,Total Actual Hourly Integrated Load,SYS_FCST_ACT_MW,3.5,53,ACTUAL,102
2019-12-06T15:00:00-00:00,2019-12-06T16:00:00-00:00,0,2019-12-06,8,0,ACTUAL,VEA-TAC,Total Actual Hourly Integrated Load,SYS_FCST_ACT_MW,3.5,87,ACTUAL,102
2019-12-06T17:00:00-00:00,2019-12-06T18:00:00-00:00,0,2019-12-06,10,0,ACTUAL,VEA-TAC,Total Actual Hourly Integrated Load,SYS_FCST_ACT_MW,3.5,68,ACTUAL,102
2019-12-06T21:00:00-00:00,2019-12-06T22:00:00-00:00,0,2019-12-06,14,0,ACTUAL,VEA-TAC,Total Actual Hourly Integrated Load,SYS_FCST_ACT_MW,3.5,53,ACTUAL,102
2019-12-07T00:00:00-00:00,2019-12-07T01:00:00-00:00,0,2019-12-06,17,0,ACTUAL,VEA-TAC,Total Actual Hourly Integrated Load,SYS_FCST_ACT_MW,3.5,64,ACTUAL,102
2019-12-06T08:00:00-00:00,2019-12-06T09:00:00-00:00,0,2019-12-06,1,0,ACTUAL,VEA-TAC,Total Actual Hourly Integrated Load,SYS_FCST_ACT_MW,3.5,63,ACTUAL,102
2019-12-06T11:00:00-00:00,2019-12-06T12:00:00-00:00,0,2019-12-06,4,0,ACTUAL,VEA-TAC,Total Actual Hourly Integrated Load,SYS_FCST_ACT_MW,3.5,68,ACTUAL,102
2019-12-06T13:00:00-00:00,2019-12-06T14:00:00-00:00,0,2019-12-06,6,0,ACTUAL,VEA-TAC,Total Actual Hourly Integrated Load,SYS_FCST_ACT_MW,3.5,79,ACTUAL,102
2019-12-07T06:00:00-00:00,2019-12-07T07:00:00-00:00,0,2019-12-06,23,0,ACTUAL,VEA-TAC,Total Actual Hourly Integrated Load,SYS_FCST_ACT_MW,3.5,63,ACTUAL,102
2019-12-06T09:00:00-00:00,2019-12-06T10:00:00-00:00,0,2019-12-06,2,0,ACTUAL,VEA-TAC,Total Actual Hourly Integrated Load,SYS_FCST_ACT_MW,3.5,64,ACTUAL,102
2019-12-07T09:00:00-00:00,2019-12-07T10:00:00-00:00,0,2019-12-07,2,0,ACTUAL,AZPS,Total Actual Hourly Integrated Load,SYS_FCST_ACT_MW,3.8,2460,ACTUAL,103
2019-12-07T20:00:00-00:00,2019-12-07T21:00:00-00:00,0,2019-12-07,13,0,ACTUAL,AZPS,Total Actual Hourly Integrated Load,SYS_FCST_ACT_MW,3.8,2599,ACTUAL,103
2019-12-07T17:00:00-00:00,2019-12-07T18:00:00-00:00,0,2019-12-07,10,0,ACTUAL,AZPS,Total Actual Hourly Integrated Load,SYS_FCST_ACT_MW,3.8,2722,ACTUAL,103
2019-12-07T19:00:00-00:00,2019-12-07T20:00:00-00:00,0,2019-12-07,12,0,ACTUAL,AZPS,Total Actual Hourly Integrated Load,SYS_FCST_ACT_MW,3.8,2542,ACTUAL,103
2019-12-08T04:00:00-00:00,2019-12-08T05:00:00-00:00,0,2019-12-07,21,0,ACTUAL,AZPS,Total Actual Hourly Integrated Load,SYS_FCST_ACT_MW,3.8,2932,ACTUAL,103
2019-12-07T15:00:00-00:00,2019-12-07T16:00:00-00:00,0,2019-12-07,8,0,ACTUAL,AZPS,Total Actual Hourly Integrated Load,SYS_FCST_ACT_MW,3.8,2873,ACTUAL,103
2019-12-07T21:00:00-00:00,2019-12-07T22:00:00-00:00,0,2019-12-07,14,0,ACTUAL,AZPS,Total Actual Hourly Integrated Load,SYS_FCST_ACT_MW,3.8,2680,ACTUAL,103
2019-12-07T23:00:00-00:00,2019-12-08T00:00:00-00:00,0,2019-12-07,16,0,ACTUAL,AZPS,Total Actual Hourly Integrated Load,SYS_FCST_ACT_MW,3.8,2870,ACTUAL,103
2019-12-08T01:00:00-00:00,2019-12-08T02:00:00-00:00,0,2019-12-07,18,0,ACTUAL,AZPS,Total Actual Hourly Integrated Load,SYS_FCST_ACT_MW,3.8,3109,ACTUAL,103
2019-12-08T02:00:00-00:00,2019-12-08T03:00:00-00:00,0,2019-12-07,19,0,ACTUAL,AZPS,Total Actual Hourly Integrated Load,SYS_FCST_ACT_MW,3.8,3046,ACTUAL,103
2019-12-08T03:00:00-00:00,2019-12-08T04:00:00-00:00,0,2019-12-07,20,0,ACTUAL,AZPS,Total Actual Hourly Integrated Load,SYS_FCST_ACT_MW,3.8,3003,ACTUAL,103
2019-12-08T07:00:00-00:00,2019-12-08T08:00:00-00:00,0,2019-12-07,24,0,ACTUAL,AZPS,Total Actual Hourly Integrated Load,SYS_FCST_ACT_MW,3.8,2531,ACTUAL,103
2019-12-07T18:00:00-00:00,2019-12-07T19:00:00-00:00,0,2019-12-07,11,0,ACTUAL,AZPS,Total Actual Hourly Integrated Load,SYS_FCST_ACT_MW,3.8,2597,ACTUAL,103
2019-12-07T22:00:00-00:00,2019-12-07T23:00:00-00:00,0,2019-12-07,15,0,ACTUAL,AZPS,Total Actual Hourly Integrated Load,SYS_FCST_ACT_MW,3.8,2748,ACTUAL,103
2019-12-07T16:00:00-00:00,2019-12-07T17:00:00-00:00,0,2019-12-07,9,0,ACTUAL,AZPS,Total Actual Hourly Integrated Load,SYS_FCST_ACT_MW,3.8,2824,ACTUAL,103
2019-12-07T10:00:00-00:00,2019-12-07T11:00:00-00:00,0,2019-12-07,3,0,ACTUAL,AZPS,Total Actual Hourly Integrated Load,SYS_FCST_ACT_MW,3.8,2464,ACTUAL,103
2019-12-07T12:00:00-00:00,2019-12-07T13:00:00-00:00,0,2019-12-07,5,0,ACTUAL,AZPS,Total Actual Hourly Integrated Load,SYS_FCST_ACT_MW,3.8,2637,ACTUAL,103
2019-12-08T05:00:00-00:00,2019-12-08T06:00:00-00:00,0,2019-12-07,22,0,ACTUAL,AZPS,Total Actual Hourly Integrated Load,SYS_FCST_ACT_MW,3.8,2796,ACTUAL,103
2019-12-07T13:00:00-00:00,2019-12-07T14:00:00-00:00,0,2019-12-07,6,0,ACTUAL,AZPS,Total Actual Hourly Integrated Load,SYS_FCST_ACT_MW,3.8,2802,ACTUAL,103
2019-12-08T00:00:00-00:00,2019-12-08T01:00:00-00:00,0,2019-12-07,17,0,ACTUAL,AZPS,Total Actual Hourly Integrated Load,SYS_FCST_ACT_MW,3.8,3080,ACTUAL,103
2019-12-08T06:00:00-00:00,2019-12-08T07:00:00-00:00,0,2019-12-07,23,0,ACTUAL,AZPS,Total Actual Hourly Integrated Load,SYS_FCST_ACT_MW,3.8,2638,ACTUAL,103
2019-12-07T08:00:00-00:00,2019-12-07T09:00:00-00:00,0,2019-12-07,1,0,ACTUAL,AZPS,Total Actual Hourly Integrated Load,SYS_FCST_ACT_MW,3.8,2498,ACTUAL,103
2019-12-07T11:00:00-00:00,2019-12-07T12:00:00-00:00,0,2019-12-07,4,0,ACTUAL,AZPS,Total Actual Hourly Integrated Load,SYS_FCST_ACT_MW,3.8,2515,ACTUAL,103
2019-12-07T14:00:00-00:00,2019-12-07T15:00:00-00:00,0,2019-12-07,7,0,ACTUAL,AZPS,Total Actual Hourly Integrated Load,SYS_FCST_ACT_MW,3.8,2916,ACTUAL,103
2019-12-07T10:00:00-00:00,2019-12-07T11:00:00-00:00,0,2019-12-07,3,0,ACTUAL,BANCSMUD,Total Actual Hourly Integrated Load,SYS_FCST_ACT_MW,3.8,879,ACTUAL,104
2019-12-07T16:00:00-00:00,2019-12-07T17:00:00-00:00,0,2019-12-07,9,0,ACTUAL,BANCSMUD,Total Actual Hourly Integrated Load,SYS_FCST_ACT_MW,3.8,1073,ACTUAL,104
2019-12-07T13:00:00-00:00,2019-12-07T14:00:00-00:00,0,2019-12-07,6,0,ACTUAL,BANCSMUD,Total Actual Hourly Integrated Load,SYS_FCST_ACT_MW,3.8,906,ACTUAL,104
2019-12-08T05:00:00-00:00,2019-12-08T06:00:00-00:00,0,2019-12-07,22,0,ACTUAL,BANCSMUD,Total Actual Hourly Integrated Load,SYS_FCST_ACT_MW,3.8,1155,ACTUAL,104
2019-12-08T06:00:00-00:00,2019-12-08T07:00:00-00:00,0,2019-12-07,23,0,ACTUAL,BANCSMUD,Total Actual Hourly Integrated Load,SYS_FCST_ACT_MW,3.8,1085,ACTUAL,104
2019-12-08T02:00:00-00:00,2019-12-08T03:00:00-00:00,0,2019-12-07,19,0,ACTUAL,BANCSMUD,Total Actual Hourly Integrated Load,SYS_FCST_ACT_MW,3.8,1260,ACTUAL,104
2019-12-07T23:00:00-00:00,2019-12-08T00:00:00-00:00,0,2019-12-07,16,0,ACTUAL,BANCSMUD,Total Actual Hourly Integrated Load,SYS_FCST_ACT_MW,3.8,1185,ACTUAL,104
2019-12-08T01:00:00-00:00,2019-12-08T02:00:00-00:00,0,2019-12-07,18,0,ACTUAL,BANCSMUD,Total Actual Hourly Integrated Load,SYS_FCST_ACT_MW,3.8,1282,ACTUAL,104
2019-12-07T09:00:00-00:00,2019-12-07T10:00:00-00:00,0,2019-12-07,2,0,ACTUAL,BANCSMUD,Total Actual Hourly Integrated Load,SYS_FCST_ACT_MW,3.8,908,ACTUAL,104
2019-12-08T03:00:00-00:00,2019-12-08T04:00:00-00:00,0,2019-12-07,20,0,ACTUAL,BANCSMUD,Total Actual Hourly Integrated Load,SYS_FCST_ACT_MW,3.8,1232,ACTUAL,104
2019-12-07T08:00:00-00:00,2019-12-07T09:00:00-00:00,0,2019-12-07,1,0,ACTUAL,BANCSMUD,Total Actual Hourly Integrated Load,SYS_FCST_ACT_MW,3.8,952,ACTUAL,104
2019-12-07T18:00:00-00:00,2019-12-07T19:00:00-00:00,0,2019-12-07,11,0,ACTUAL,BANCSMUD,Total Actual Hourly Integrated Load,SYS_FCST_ACT_MW,3.8,1097,ACTUAL,104
2019-12-08T07:00:00-00:00,2019-12-08T08:00:00-00:00,0,2019-12-07,24,0,ACTUAL,BANCSMUD,Total Actual Hourly Integrated Load,SYS_FCST_ACT_MW,3.8,1007,ACTUAL,104
2019-12-07T12:00:00-00:00,2019-12-07T13:00:00-00:00,0,2019-12-07,5,0,ACTUAL,BANCSMUD,Total Actual Hourly Integrated Load,SYS_FCST_ACT_MW,3.8,872,ACTUAL,104
2019-12-08T04:00:00-00:00,2019-12-08T05:00:00-00:00,0,2019-12-07,21,0,ACTUAL,BANCSMUD,Total Actual Hourly Integrated Load,SYS_FCST_ACT_MW,3.8,1202,ACTUAL,104
2019-12-08T00:00:00-00:00,2019-12-08T01:00:00-00:00,0,2019-12-07,17,0,ACTUAL,BANCSMUD,Total Actual Hourly Integrated Load,SYS_FCST_ACT_MW,3.8,1237,ACTUAL,104
2019-12-07T11:00:00-00:00,2019-12-07T12:00:00-00:00,0,2019-12-07,4,0,ACTUAL,BANCSMUD,Total Actual Hourly Integrated Load,SYS_FCST_ACT_MW,3.8,865,ACTUAL,104
2019-12-07T19:00:00-00:00,2019-12-07T20:00:00-00:00,0,2019-12-07,12,0,ACTUAL,BANCSMUD,Total Actual Hourly Integrated Load,SYS_FCST_ACT_MW,3.8,1094,ACTUAL,104
2019-12-07T15:00:00-00:00,2019-12-07T16:00:00-00:00,0,2019-12-07,8,0,ACTUAL,BANCSMUD,Total Actual Hourly Integrated Load,SYS_FCST_ACT_MW,3.8,1023,ACTUAL,104
2019-12-07T22:00:00-00:00,2019-12-07T23:00:00-00:00,0,2019-12-07,15,0,ACTUAL,BANCSMUD,Total Actual Hourly Integrated Load,SYS_FCST_ACT_MW,3.8,1158,ACTUAL,104
2019-12-07T20:00:00-00:00,2019-12-07T21:00:00-00:00,0,2019-12-07,13,0,ACTUAL,BANCSMUD,Total Actual Hourly Integrated Load,SYS_FCST_ACT_MW,3.8,1109,ACTUAL,104
2019-12-07T17:00:00-00:00,2019-12-07T18:00:00-00:00,0,2019-12-07,10,0,ACTUAL,BANCSMUD,Total Actual Hourly Integrated Load,SYS_FCST_ACT_MW,3.8,1097,ACTUAL,104
2019-12-07T14:00:00-00:00,2019-12-07T15:00:00-00:00,0,2019-12-07,7,0,ACTUAL,BANCSMUD,Total Actual Hourly Integrated Load,SYS_FCST_ACT_MW,3.8,965,ACTUAL,104
2019-12-07T21:00:00-00:00,2019-12-07T22:00:00-00:00,0,2019-12-07,14,0,ACTUAL,BANCSMUD,Total Actual Hourly Integrated Load,SYS_FCST_ACT_MW,3.8,1124,ACTUAL,104
2019-12-07T15:00:00-00:00,2019-12-07T16:00:00-00:00,0,2019-12-07,8,0,ACTUAL,BCHA,Total Actual Hourly Integrated Load,SYS_FCST_ACT_MW,3.8,7462,ACTUAL,105
2019-12-07T14:00:00-00:00,2019-12-07T15:00:00-00:00,0,2019-12-07,7,0,ACTUAL,BCHA,Total Actual Hourly Integrated Load,SYS_FCST_ACT_MW,3.8,6981,ACTUAL,105
2019-12-08T00:00:00-00:00,2019-12-08T01:00:00-00:00,0,2019-12-07,17,0,ACTUAL,BCHA,Total Actual Hourly Integrated Load,SYS_FCST_ACT_MW,3.8,8669,ACTUAL,105
2019-12-07T21:00:00-00:00,2019-12-07T22:00:00-00:00,0,2019-12-07,14,0,ACTUAL,BCHA,Total Actual Hourly Integrated Load,SYS_FCST_ACT_MW,3.8,8273,ACTUAL,105
2019-12-07T16:00:00-00:00,2019-12-07T17:00:00-00:00,0,2019-12-07,9,0,ACTUAL,BCHA,Total Actual Hourly Integrated Load,SYS_FCST_ACT_MW,3.8,7934,ACTUAL,105
2019-12-07T12:00:00-00:00,2019-12-07T13:00:00-00:00,0,2019-12-07,5,0,ACTUAL,BCHA,Total Actual Hourly Integrated Load,SYS_FCST_ACT_MW,3.8,6527,ACTUAL,105
2019-12-08T02:00:00-00:00,2019-12-08T03:00:00-00:00,0,2019-12-07,19,0,ACTUAL,BCHA,Total Actual Hourly Integrated Load,SYS_FCST_ACT_MW,3.8,8556,ACTUAL,105
2019-12-07T08:00:00-00:00,2019-12-07T09:00:00-00:00,0,2019-12-07,1,0,ACTUAL,BCHA,Total Actual Hourly Integrated Load,SYS_FCST_ACT_MW,3.8,6922,ACTUAL,105
2019-12-08T04:00:00-00:00,2019-12-08T05:00:00-00:00,0,2019-12-07,21,0,ACTUAL,BCHA,Total Actual Hourly Integrated Load,SYS_FCST_ACT_MW,3.8,8143,ACTUAL,105
2019-12-07T22:00:00-00:00,2019-12-07T23:00:00-00:00,0,2019-12-07,15,0,ACTUAL,BCHA,Total Actual Hourly Integrated Load,SYS_FCST_ACT_MW,3.8,8255,ACTUAL,105
2019-12-07T13:00:00-00:00,2019-12-07T14:00:00-00:00,0,2019-12-07,6,0,ACTUAL,BCHA,Total Actual Hourly Integrated Load,SYS_FCST_ACT_MW,3.8,6701,ACTUAL,105
2019-12-08T07:00:00-00:00,2019-12-08T08:00:00-00:00,0,2019-12-07,24,0,ACTUAL,BCHA,Total Actual Hourly Integrated Load,SYS_FCST_ACT_MW,3.8,7136,ACTUAL,105
2019-12-08T03:00:00-00:00,2019-12-08T04:00:00-00:00,0,2019-12-07,20,0,ACTUAL,BCHA,Total Actual Hourly Integrated Load,SYS_FCST_ACT_MW,3.8,8343,ACTUAL,105
2019-12-07T23:00:00-00:00,2019-12-08T00:00:00-00:00,0,2019-12-07,16,0,ACTUAL,BCHA,Total Actual Hourly Integrated Load,SYS_FCST_ACT_MW,3.8,8339,ACTUAL,105
2019-12-07T19:00:00-00:00,2019-12-07T20:00:00-00:00,0,2019-12-07,12,0,ACTUAL,BCHA,Total Actual Hourly Integrated Load,SYS_FCST_ACT_MW,3.8,8378,ACTUAL,105
2019-12-07T18:00:00-00:00,2019-12-07T19:00:00-00:00,0,2019-12-07,11,0,ACTUAL,BCHA,Total Actual Hourly Integrated Load,SYS_FCST_ACT_MW,3.8,8342,ACTUAL,105
2019-12-07T17:00:00-00:00,2019-12-07T18:00:00-00:00,0,2019-12-07,10,0,ACTUAL,BCHA,Total Actual Hourly Integrated Load,SYS_FCST_ACT_MW,3.8,8187,ACTUAL,105
2019-12-07T10:00:00-00:00,2019-12-07T11:00:00-00:00,0,2019-12-07,3,0,ACTUAL,BCHA,Total Actual Hourly Integrated Load,SYS_FCST_ACT_MW,3.8,6501,ACTUAL,105
2019-12-07T09:00:00-00:00,2019-12-07T10:00:00-00:00,0,2019-12-07,2,0,ACTUAL,BCHA,Total Actual Hourly Integrated Load,SYS_FCST_ACT_MW,3.8,6642,ACTUAL,105
2019-12-08T05:00:00-00:00,2019-12-08T06:00:00-00:00,0,2019-12-07,22,0,ACTUAL,BCHA,Total Actual Hourly Integrated Load,SYS_FCST_ACT_MW,3.8,7889,ACTUAL,105
2019-12-08T01:00:00-00:00,2019-12-08T02:00:00-00:00,0,2019-12-07,18,0,ACTUAL,BCHA,Total Actual Hourly Integrated Load,SYS_FCST_ACT_MW,3.8,8731,ACTUAL,105
2019-12-07T20:00:00-00:00,2019-12-07T21:00:00-00:00,0,2019-12-07,13,0,ACTUAL,BCHA,Total Actual Hourly Integrated Load,SYS_FCST_ACT_MW,3.8,8331,ACTUAL,105
2019-12-08T06:00:00-00:00,2019-12-08T07:00:00-00:00,0,2019-12-07,23,0,ACTUAL,BCHA,Total Actual Hourly Integrated Load,SYS_FCST_ACT_MW,3.8,7541,ACTUAL,105
2019-12-07T11:00:00-00:00,2019-12-07T12:00:00-00:00,0,2019-12-07,4,0,ACTUAL,BCHA,Total Actual Hourly Integrated Load,SYS_FCST_ACT_MW,3.8,6458,ACTUAL,105
2019-12-08T03:00:00-00:00,2019-12-08T04:00:00-00:00,0,2019-12-07,20,0,ACTUAL,CA ISO-TAC,Total Actual Hourly Integrated Load,SYS_FCST_ACT_MW,3,26134,ACTUAL,106
2019-12-08T02:00:00-00:00,2019-12-08T03:00:00-00:00,0,2019-12-07,19,0,ACTUAL,CA ISO-TAC,Total Actual Hourly Integrated Load,SYS_FCST_ACT_MW,3,26714,ACTUAL,106
2019-12-07T14:00:00-00:00,2019-12-07T15:00:00-00:00,0,2019-12-07,7,0,ACTUAL,CA ISO-TAC,Total Actual Hourly Integrated Load,SYS_FCST_ACT_MW,3,21422,ACTUAL,106
2019-12-07T22:00:00-00:00,2019-12-07T23:00:00-00:00,0,2019-12-07,15,0,ACTUAL,CA ISO-TAC,Total Actual Hourly Integrated Load,SYS_FCST_ACT_MW,3,24181,ACTUAL,106
2019-12-07T20:00:00-00:00,2019-12-07T21:00:00-00:00,0,2019-12-07,13,0,ACTUAL,CA ISO-TAC,Total Actual Hourly Integrated Load,SYS_FCST_ACT_MW,3,23669,ACTUAL,106
2019-12-07T23:00:00-00:00,2019-12-08T00:00:00-00:00,0,2019-12-07,16,0,ACTUAL,CA ISO-TAC,Total Actual Hourly Integrated Load,SYS_FCST_ACT_MW,3,24553,ACTUAL,106
2019-12-07T11:00:00-00:00,2019-12-07T12:00:00-00:00,0,2019-12-07,4,0,ACTUAL,CA ISO-TAC,Total Actual Hourly Integrated Load,SYS_FCST_ACT_MW,3,20109,ACTUAL,106
2019-12-07T12:00:00-00:00,2019-12-07T13:00:00-00:00,0,2019-12-07,5,0,ACTUAL,CA ISO-TAC,Total Actual Hourly Integrated Load,SYS_FCST_ACT_MW,3,20214,ACTUAL,106
2019-12-07T16:00:00-00:00,2019-12-07T17:00:00-00:00,0,2019-12-07,9,0,ACTUAL,CA ISO-TAC,Total Actual Hourly Integrated Load,SYS_FCST_ACT_MW,3,22909,ACTUAL,106
2019-12-07T21:00:00-00:00,2019-12-07T22:00:00-00:00,0,2019-12-07,14,0,ACTUAL,CA ISO-TAC,Total Actual Hourly Integrated Load,SYS_FCST_ACT_MW,3,23767,ACTUAL,106
2019-12-08T00:00:00-00:00,2019-12-08T01:00:00-00:00,0,2019-12-07,17,0,ACTUAL,CA ISO-TAC,Total Actual Hourly Integrated Load,SYS_FCST_ACT_MW,3,25539,ACTUAL,106
2019-12-08T04:00:00-00:00,2019-12-08T05:00:00-00:00,0,2019-12-07,21,0,ACTUAL,CA ISO-TAC,Total Actual Hourly Integrated Load,SYS_FCST_ACT_MW,3,25495,ACTUAL,106
2019-12-07T19:00:00-00:00,2019-12-07T20:00:00-00:00,0,2019-12-07,12,0,ACTUAL,CA ISO-TAC,Total Actual Hourly Integrated Load,SYS_FCST_ACT_MW,3,23581,ACTUAL,106
2019-12-08T06:00:00-00:00,2019-12-08T07:00:00-00:00,0,2019-12-07,23,0,ACTUAL,CA ISO-TAC,Total Actual Hourly Integrated Load,SYS_FCST_ACT_MW,3,23335,ACTUAL,106
2019-12-08T07:00:00-00:00,2019-12-08T08:00:00-00:00,0,2019-12-07,24,0,ACTUAL,CA ISO-TAC,Total Actual Hourly Integrated Load,SYS_FCST_ACT_MW,3,22109,ACTUAL,106
2019-12-07T10:00:00-00:00,2019-12-07T11:00:00-00:00,0,2019-12-07,3,0,ACTUAL,CA ISO-TAC,Total Actual Hourly Integrated Load,SYS_FCST_ACT_MW,3,20451,ACTUAL,106
2019-12-08T05:00:00-00:00,2019-12-08T06:00:00-00:00,0,2019-12-07,22,0,ACTUAL,CA ISO-TAC,Total Actual Hourly Integrated Load,SYS_FCST_ACT_MW,3,24624,ACTUAL,106
2019-12-07T08:00:00-00:00,2019-12-07T09:00:00-00:00,0,2019-12-07,1,0,ACTUAL,CA ISO-TAC,Total Actual Hourly Integrated Load,SYS_FCST_ACT_MW,3,21650,ACTUAL,106
2019-12-07T17:00:00-00:00,2019-12-07T18:00:00-00:00,0,2019-12-07,10,0,ACTUAL,CA ISO-TAC,Total Actual Hourly Integrated Load,SYS_FCST_ACT_MW,3,23257,ACTUAL,106
2019-12-07T18:00:00-00:00,2019-12-07T19:00:00-00:00,0,2019-12-07,11,0,ACTUAL,CA ISO-TAC,Total Actual Hourly Integrated Load,SYS_FCST_ACT_MW,3,23468,ACTUAL,106
2019-12-07T13:00:00-00:00,2019-12-07T14:00:00-00:00,0,2019-12-07,6,0,ACTUAL,CA ISO-TAC,Total Actual Hourly Integrated Load,SYS_FCST_ACT_MW,3,20822,ACTUAL,106
2019-12-07T15:00:00-00:00,2019-12-07T16:00:00-00:00,0,2019-12-07,8,0,ACTUAL,CA ISO-TAC,Total Actual Hourly Integrated Load,SYS_FCST_ACT_MW,3,22107,ACTUAL,106
2019-12-08T01:00:00-00:00,2019-12-08T02:00:00-00:00,0,2019-12-07,18,0,ACTUAL,CA ISO-TAC,Total Actual Hourly Integrated Load,SYS_FCST_ACT_MW,3,26903,ACTUAL,106
2019-12-07T09:00:00-00:00,2019-12-07T10:00:00-00:00,0,2019-12-07,2,0,ACTUAL,CA ISO-TAC,Total Actual Hourly Integrated Load,SYS_FCST_ACT_MW,3,20807,ACTUAL,106
2019-12-07T09:00:00-00:00,2019-12-07T10:00:00-00:00,0,2019-12-07,2,0,ACTUAL,IPCO,Total Actual Hourly Integrated Load,SYS_FCST_ACT_MW,3.8,1618,ACTUAL,107
2019-12-07T21:00:00-00:00,2019-12-07T22:00:00-00:00,0,2019-12-07,14,0,ACTUAL,IPCO,Total Actual Hourly Integrated Load,SYS_FCST_ACT_MW,3.8,1790,ACTUAL,107
2019-12-08T04:00:00-00:00,2019-12-08T05:00:00-00:00,0,2019-12-07,21,0,ACTUAL,IPCO,Total Actual Hourly Integrated Load,SYS_FCST_ACT_MW,3.8,1816,ACTUAL,107
2019-12-08T05:00:00-00:00,2019-12-08T06:00:00-00:00,0,2019-12-07,22,0,ACTUAL,IPCO,Total Actual Hourly Integrated Load,SYS_FCST_ACT_MW,3.8,1733,ACTUAL,107
2019-12-08T07:00:00-00:00,2019-12-08T08:00:00-00:00,0,2019-12-07,24,0,ACTUAL,IPCO,Total Actual Hourly Integrated Load,SYS_FCST_ACT_MW,3.8,1578,ACTUAL,107
2019-12-08T06:00:00-00:00,2019-12-08T07:00:00-00:00,0,2019-12-07,23,0,ACTUAL,IPCO,Total Actual Hourly Integrated Load,SYS_FCST_ACT_MW,3.8,1643,ACTUAL,107
2019-12-07T19:00:00-00:00,2019-12-07T20:00:00-00:00,0,2019-12-07,12,0,ACTUAL,IPCO,Total Actual Hourly Integrated Load,SYS_FCST_ACT_MW,3.8,1843,ACTUAL,107
2019-12-07T15:00:00-00:00,2019-12-07T16:00:00-00:00,0,2019-12-07,8,0,ACTUAL,IPCO,Total Actual Hourly Integrated Load,SYS_FCST_ACT_MW,3.8,1924,ACTUAL,107
2019-12-07T20:00:00-00:00,2019-12-07T21:00:00-00:00,0,2019-12-07,13,0,ACTUAL,IPCO,Total Actual Hourly Integrated Load,SYS_FCST_ACT_MW,3.8,1808,ACTUAL,107
2019-12-08T03:00:00-00:00,2019-12-08T04:00:00-00:00,0,2019-12-07,20,0,ACTUAL,IPCO,Total Actual Hourly Integrated Load,SYS_FCST_ACT_MW,3.8,1872,ACTUAL,107
2019-12-07T10:00:00-00:00,2019-12-07T11:00:00-00:00,0,2019-12-07,3,0,ACTUAL,IPCO,Total Actual Hourly Integrated Load,SYS_FCST_ACT_MW,3.8,1619,ACTUAL,107
2019-12-07T12:00:00-00:00,2019-12-07T13:00:00-00:00,0,2019-12-07,5,0,ACTUAL,IPCO,Total Actual Hourly Integrated Load,SYS_FCST_ACT_MW,3.8,1684,ACTUAL,107
2019-12-07T16:00:00-00:00,2019-12-07T17:00:00-00:00,0,2019-12-07,9,0,ACTUAL,IPCO,Total Actual Hourly Integrated Load,SYS_FCST_ACT_MW,3.8,1947,ACTUAL,107
2019-12-07T13:00:00-00:00,2019-12-07T14:00:00-00:00,0,2019-12-07,6,0,ACTUAL,IPCO,Total Actual Hourly Integrated Load,SYS_FCST_ACT_MW,3.8,1763,ACTUAL,107
2019-12-07T17:00:00-00:00,2019-12-07T18:00:00-00:00,0,2019-12-07,10,0,ACTUAL,IPCO,Total Actual Hourly Integrated Load,SYS_FCST_ACT_MW,3.8,1934,ACTUAL,107
2019-12-07T18:00:00-00:00,2019-12-07T19:00:00-00:00,0,2019-12-07,11,0,ACTUAL,IPCO,Total Actual Hourly Integrated Load,SYS_FCST_ACT_MW,3.8,1894,ACTUAL,107
2019-12-07T22:00:00-00:00,2019-12-07T23:00:00-00:00,0,2019-12-07,15,0,ACTUAL,IPCO,Total Actual Hourly Integrated Load,SYS_FCST_ACT_MW,3.8,1796,ACTUAL,107
2019-12-08T01:00:00-00:00,2019-12-08T02:00:00-00:00,0,2019-12-07,18,0,ACTUAL,IPCO,Total Actual Hourly Integrated Load,SYS_FCST_ACT_MW,3.8,1931,ACTUAL,107
2019-12-08T02:00:00-00:00,2019-12-08T03:00:00-00:00,0,2019-12-07,19,0,ACTUAL,IPCO,Total Actual Hourly Integrated Load,SYS_FCST_ACT_MW,3.8,1905,ACTUAL,107
2019-12-07T08:00:00-00:00,2019-12-07T09:00:00-00:00,0,2019-12-07,1,0,ACTUAL,IPCO,Total Actual Hourly Integrated Load,SYS_FCST_ACT_MW,3.8,1631,ACTUAL,107
2019-12-07T11:00:00-00:00,2019-12-07T12:00:00-00:00,0,2019-12-07,4,0,ACTUAL,IPCO,Total Actual Hourly Integrated Load,SYS_FCST_ACT_MW,3.8,1635,ACTUAL,107
2019-12-08T00:00:00-00:00,2019-12-08T01:00:00-00:00,0,2019-12-07,17,0,ACTUAL,IPCO,Total Actual Hourly Integrated Load,SYS_FCST_ACT_MW,3.8,1935,ACTUAL,107
2019-12-07T14:00:00-00:00,2019-12-07T15:00:00-00:00,0,2019-12-07,7,0,ACTUAL,IPCO,Total Actual Hourly Integrated Load,SYS_FCST_ACT_MW,3.8,1857,ACTUAL,107
2019-12-07T23:00:00-00:00,2019-12-08T00:00:00-00:00,0,2019-12-07,16,0,ACTUAL,IPCO,Total Actual Hourly Integrated Load,SYS_FCST_ACT_MW,3.8,1848,ACTUAL,107
2019-12-08T01:00:00-00:00,2019-12-08T02:00:00-00:00,0,2019-12-07,18,0,ACTUAL,MWD-TAC,Total Actual Hourly Integrated Load,SYS_FCST_ACT_MW,3.3,97,ACTUAL,108
2019-12-07T22:00:00-00:00,2019-12-07T23:00:00-00:00,0,2019-12-07,15,0,ACTUAL,MWD-TAC,Total Actual Hourly Integrated Load,SYS_FCST_ACT_MW,3.3,95,ACTUAL,108
2019-12-08T05:00:00-00:00,2019-12-08T06:00:00-00:00,0,2019-12-07,22,0,ACTUAL,MWD-TAC,Total Actual Hourly Integrated Load,SYS_FCST_ACT_MW,3.3,96,ACTUAL,108
2019-12-07T18:00:00-00:00,2019-12-07T19:00:00-00:00,0,2019-12-07,11,0,ACTUAL,MWD-TAC,Total Actual Hourly Integrated Load,SYS_FCST_ACT_MW,3.3,95,ACTUAL,108
2019-12-07T21:00:00-00:00,2019-12-07T22:00:00-00:00,0,2019-12-07,14,0,ACTUAL,MWD-TAC,Total Actual Hourly Integrated Load,SYS_FCST_ACT_MW,3.3,95,ACTUAL,108
2019-12-07T23:00:00-00:00,2019-12-08T00:00:00-00:00,0,2019-12-07,16,0,ACTUAL,MWD-TAC,Total Actual Hourly Integrated Load,SYS_FCST_ACT_MW,3.3,98,ACTUAL,108
2019-12-08T07:00:00-00:00,2019-12-08T08:00:00-00:00,0,2019-12-07,24,0,ACTUAL,MWD-TAC,Total Actual Hourly Integrated Load,SYS_FCST_ACT_MW,3.3,97,ACTUAL,108
2019-12-08T06:00:00-00:00,2019-12-08T07:00:00-00:00,0,2019-12-07,23,0,ACTUAL,MWD-TAC,Total Actual Hourly Integrated Load,SYS_FCST_ACT_MW,3.3,97,ACTUAL,108
2019-12-07T12:00:00-00:00,2019-12-07T13:00:00-00:00,0,2019-12-07,5,0,ACTUAL,MWD-TAC,Total Actual Hourly Integrated Load,SYS_FCST_ACT_MW,3.3,104,ACTUAL,108
2019-12-07T14:00:00-00:00,2019-12-07T15:00:00-00:00,0,2019-12-07,7,0,ACTUAL,MWD-TAC,Total Actual Hourly Integrated Load,SYS_FCST_ACT_MW,3.3,100,ACTUAL,108
2019-12-07T20:00:00-00:00,2019-12-07T21:00:00-00:00,0,2019-12-07,13,0,ACTUAL,MWD-TAC,Total Actual Hourly Integrated Load,SYS_FCST_ACT_MW,3.3,95,ACTUAL,108
2019-12-07T19:00:00-00:00,2019-12-07T20:00:00-00:00,0,2019-12-07,12,0,ACTUAL,MWD-TAC,Total Actual Hourly Integrated Load,SYS_FCST_ACT_MW,3.3,95,ACTUAL,108
2019-12-08T00:00:00-00:00,2019-12-08T01:00:00-00:00,0,2019-12-07,17,0,ACTUAL,MWD-TAC,Total Actual Hourly Integrated Load,SYS_FCST_ACT_MW,3.3,98,ACTUAL,108
2019-12-08T02:00:00-00:00,2019-12-08T03:00:00-00:00,0,2019-12-07,19,0,ACTUAL,MWD-TAC,Total Actual Hourly Integrated Load,SYS_FCST_ACT_MW,3.3,97,ACTUAL,108
2019-12-07T10:00:00-00:00,2019-12-07T11:00:00-00:00,0,2019-12-07,3,0,ACTUAL,MWD-TAC,Total Actual Hourly Integrated Load,SYS_FCST_ACT_MW,3.3,102,ACTUAL,108
2019-12-07T13:00:00-00:00,2019-12-07T14:00:00-00:00,0,2019-12-07,6,0,ACTUAL,MWD-TAC,Total Actual Hourly Integrated Load,SYS_FCST_ACT_MW,3.3,101,ACTUAL,108
2019-12-07T16:00:00-00:00,2019-12-07T17:00:00-00:00,0,2019-12-07,9,0,ACTUAL,MWD-TAC,Total Actual Hourly Integrated Load,SYS_FCST_ACT_MW,3.3,102,ACTUAL,108
2019-12-08T03:00:00-00:00,2019-12-08T04:00:00-00:00,0,2019-12-07,20,0,ACTUAL,MWD-TAC,Total Actual Hourly Integrated Load,SYS_FCST_ACT_MW,3.3,99,ACTUAL,108
2019-12-07T08:00:00-00:00,2019-12-07T09:00:00-00:00,0,2019-12-07,1,0,ACTUAL,MWD-TAC,Total Actual Hourly Integrated Load,SYS_FCST_ACT_MW,3.3,100,ACTUAL,108
2019-12-07T11:00:00-00:00,2019-12-07T12:00:00-00:00,0,2019-12-07,4,0,ACTUAL,MWD-TAC,Total Actual Hourly Integrated Load,SYS_FCST_ACT_MW,3.3,101,ACTUAL,108
2019-12-07T09:00:00-00:00,2019-12-07T10:00:00-00:00,0,2019-12-07,2,0,ACTUAL,MWD-TAC,Total Actual Hourly Integrated Load,SYS_FCST_ACT_MW,3.3,100,ACTUAL,108
2019-12-07T15:00:00-00:00,2019-12-07T16:00:00-00:00,0,2019-12-07,8,0,ACTUAL,MWD-TAC,Total Actual Hourly Integrated Load,SYS_FCST_ACT_MW,3.3,101,ACTUAL,108
2019-12-07T17:00:00-00:00,2019-12-07T18:00:00-00:00,0,2019-12-07,10,0,ACTUAL,MWD-TAC,Total Actual Hourly Integrated Load,SYS_FCST_ACT_MW,3.3,96,ACTUAL,108
2019-12-08T04:00:00-00:00,2019-12-08T05:00:00-00:00,0,2019-12-07,21,0,ACTUAL,MWD-TAC,Total Actual Hourly Integrated Load,SYS_FCST_ACT_MW,3.3,96,ACTUAL,108
2019-12-07T11:00:00-00:00,2019-12-07T12:00:00-00:00,0,2019-12-07,4,0,ACTUAL,NEVP,Total Actual Hourly Integrated Load,SYS_FCST_ACT_MW,3.8,3370,ACTUAL,109
2019-12-08T00:00:00-00:00,2019-12-08T01:00:00-00:00,0,2019-12-07,17,0,ACTUAL,NEVP,Total Actual Hourly Integrated Load,SYS_FCST_ACT_MW,3.8,4021,ACTUAL,109
2019-12-08T02:00:00-00:00,2019-12-08T03:00:00-00:00,0,2019-12-07,19,0,ACTUAL,NEVP,Total Actual Hourly Integrated Load,SYS_FCST_ACT_MW,3.8,4092,ACTUAL,109
2019-12-08T05:00:00-00:00,2019-12-08T06:00:00-00:00,0,2019-12-07,22,0,ACTUAL,NEVP,Total Actual Hourly Integrated Load,SYS_FCST_ACT_MW,3.8,3892,ACTUAL,109
2019-12-08T07:00:00-00:00,2019-12-08T08:00:00-00:00,0,2019-12-07,24,0,ACTUAL,NEVP,Total Actual Hourly Integrated Load,SYS_FCST_ACT_MW,3.8,3608,ACTUAL,109
2019-12-08T04:00:00-00:00,2019-12-08T05:00:00-00:00,0,2019-12-07,21,0,ACTUAL,NEVP,Total Actual Hourly Integrated Load,SYS_FCST_ACT_MW,3.8,3980,ACTUAL,109
2019-12-07T08:00:00-00:00,2019-12-07T09:00:00-00:00,0,2019-12-07,1,0,ACTUAL,NEVP,Total Actual Hourly Integrated Load,SYS_FCST_ACT_MW,3.8,3545,ACTUAL,109
2019-12-07T19:00:00-00:00,2019-12-07T20:00:00-00:00,0,2019-12-07,12,0,ACTUAL,NEVP,Total Actual Hourly Integrated Load,SYS_FCST_ACT_MW,3.8,3657,ACTUAL,109
2019-12-07T20:00:00-00:00,2019-12-07T21:00:00-00:00,0,2019-12-07,13,0,ACTUAL,NEVP,Total Actual Hourly Integrated Load,SYS_FCST_ACT_MW,3.8,3632,ACTUAL,109
2019-12-07T22:00:00-00:00,2019-12-07T23:00:00-00:00,0,2019-12-07,15,0,ACTUAL,NEVP,Total Actual Hourly Integrated Load,SYS_FCST_ACT_MW,3.8,3673,ACTUAL,109
2019-12-07T12:00:00-00:00,2019-12-07T13:00:00-00:00,0,2019-12-07,5,0,ACTUAL,NEVP,Total Actual Hourly Integrated Load,SYS_FCST_ACT_MW,3.8,3399,ACTUAL,109
2019-12-07T16:00:00-00:00,2019-12-07T17:00:00-00:00,0,2019-12-07,9,0,ACTUAL,NEVP,Total Actual Hourly Integrated Load,SYS_FCST_ACT_MW,3.8,3590,ACTUAL,109
2019-12-07T18:00:00-00:00,2019-12-07T19:00:00-00:00,0,2019-12-07,11,0,ACTUAL,NEVP,Total Actual Hourly Integrated Load,SYS_FCST_ACT_MW,3.8,3630,ACTUAL,109
2019-12-07T14:00:00-00:00,2019-12-07T15:00:00-00:00,0,2019-12-07,7,0,ACTUAL,NEVP,Total Actual Hourly Integrated Load,SYS_FCST_ACT_MW,3.8,3561,ACTUAL,109
2019-12-08T03:00:00-00:00,2019-12-08T04:00:00-00:00,0,2019-12-07,20,0,ACTUAL,NEVP,Total Actual Hourly Integrated Load,SYS_FCST_ACT_MW,3.8,4029,ACTUAL,109
2019-12-07T09:00:00-00:00,2019-12-07T10:00:00-00:00,0,2019-12-07,2,0,ACTUAL,NEVP,Total Actual Hourly Integrated Load,SYS_FCST_ACT_MW,3.8,3458,ACTUAL,109
2019-12-07T10:00:00-00:00,2019-12-07T11:00:00-00:00,0,2019-12-07,3,0,ACTUAL,NEVP,Total Actual Hourly Integrated Load,SYS_FCST_ACT_MW,3.8,3395,ACTUAL,109
2019-12-07T17:00:00-00:00,2019-12-07T18:00:00-00:00,0,2019-12-07,10,0,ACTUAL,NEVP,Total Actual Hourly Integrated Load,SYS_FCST_ACT_MW,3.8,3607,ACTUAL,109
2019-12-07T13:00:00-00:00,2019-12-07T14:00:00-00:00,0,2019-12-07,6,0,ACTUAL,NEVP,Total Actual Hourly Integrated Load,SYS_FCST_ACT_MW,3.8,3478,ACTUAL,109
2019-12-08T01:00:00-00:00,2019-12-08T02:00:00-00:00,0,2019-12-07,18,0,ACTUAL,NEVP,Total Actual Hourly Integrated Load,SYS_FCST_ACT_MW,3.8,4135,ACTUAL,109
2019-12-08T06:00:00-00:00,2019-12-08T07:00:00-00:00,0,2019-12-07,23,0,ACTUAL,NEVP,Total Actual Hourly Integrated Load,SYS_FCST_ACT_MW,3.8,3760,ACTUAL,109
2019-12-07T15:00:00-00:00,2019-12-07T16:00:00-00:00,0,2019-12-07,8,0,ACTUAL,NEVP,Total Actual Hourly Integrated Load,SYS_FCST_ACT_MW,3.8,3574,ACTUAL,109
2019-12-07T23:00:00-00:00,2019-12-08T00:00:00-00:00,0,2019-12-07,16,0,ACTUAL,NEVP,Total Actual Hourly Integrated Load,SYS_FCST_ACT_MW,3.8,3771,ACTUAL,109
2019-12-07T21:00:00-00:00,2019-12-07T22:00:00-00:00,0,2019-12-07,14,0,ACTUAL,NEVP,Total Actual Hourly Integrated Load,SYS_FCST_ACT_MW,3.8,3626,ACTUAL,109
2019-12-08T02:00:00-00:00,2019-12-08T03:00:00-00:00,0,2019-12-07,19,0,ACTUAL,PACE,Total Actual Hourly Integrated Load,SYS_FCST_ACT_MW,3.8,5715,ACTUAL,110
2019-12-07T22:00:00-00:00,2019-12-07T23:00:00-00:00,0,2019-12-07,15,0,ACTUAL,PACE,Total Actual Hourly Integrated Load,SYS_FCST_ACT_MW,3.8,5299,ACTUAL,110
2019-12-07T08:00:00-00:00,2019-12-07T09:00:00-00:00,0,2019-12-07,1,0,ACTUAL,PACE,Total Actual Hourly Integrated Load,SYS_FCST_ACT_MW,3.8,4841,ACTUAL,110
2019-12-07T09:00:00-00:00,2019-12-07T10:00:00-00:00,0,2019-12-07,2,0,ACTUAL,PACE,Total Actual Hourly Integrated Load,SYS_FCST_ACT_MW,3.8,4808,ACTUAL,110
2019-12-07T11:00:00-00:00,2019-12-07T12:00:00-00:00,0,2019-12-07,4,0,ACTUAL,PACE,Total Actual Hourly Integrated Load,SYS_FCST_ACT_MW,3.8,4838,ACTUAL,110
2019-12-08T07:00:00-00:00,2019-12-08T08:00:00-00:00,0,2019-12-07,24,0,ACTUAL,PACE,Total Actual Hourly Integrated Load,SYS_FCST_ACT_MW,3.8,4818,ACTUAL,110
2019-12-08T05:00:00-00:00,2019-12-08T06:00:00-00:00,0,2019-12-07,22,0,ACTUAL,PACE,Total Actual Hourly Integrated Load,SYS_FCST_ACT_MW,3.8,5293,ACTUAL,110
2019-12-07T16:00:00-00:00,2019-12-07T17:00:00-00:00,0,2019-12-07,9,0,ACTUAL,PACE,Total Actual Hourly Integrated Load,SYS_FCST_ACT_MW,3.8,5426,ACTUAL,110
2019-12-07T23:00:00-00:00,2019-12-08T00:00:00-00:00,0,2019-12-07,16,0,ACTUAL,PACE,Total Actual Hourly Integrated Load,SYS_FCST_ACT_MW,3.8,5469,ACTUAL,110
2019-12-08T01:00:00-00:00,2019-12-08T02:00:00-00:00,0,2019-12-07,18,0,ACTUAL,PACE,Total Actual Hourly Integrated Load,SYS_FCST_ACT_MW,3.8,5785,ACTUAL,110
2019-12-07T14:00:00-00:00,2019-12-07T15:00:00-00:00,0,2019-12-07,7,0,ACTUAL,PACE,Total Actual Hourly Integrated Load,SYS_FCST_ACT_MW,3.8,5282,ACTUAL,110
2019-12-07T21:00:00-00:00,2019-12-07T22:00:00-00:00,0,2019-12-07,14,0,ACTUAL,PACE,Total Actual Hourly Integrated Load,SYS_FCST_ACT_MW,3.8,5234,ACTUAL,110
2019-12-07T12:00:00-00:00,2019-12-07T13:00:00-00:00,0,2019-12-07,5,0,ACTUAL,PACE,Total Actual Hourly Integrated Load,SYS_FCST_ACT_MW,3.8,4940,ACTUAL,110
2019-12-07T17:00:00-00:00,2019-12-07T18:00:00-00:00,0,2019-12-07,10,0,ACTUAL,PACE,Total Actual Hourly Integrated Load,SYS_FCST_ACT_MW,3.8,5400,ACTUAL,110
2019-12-07T18:00:00-00:00,2019-12-07T19:00:00-00:00,0,2019-12-07,11,0,ACTUAL,PACE,Total Actual Hourly Integrated Load,SYS_FCST_ACT_MW,3.8,5339,ACTUAL,110
2019-12-08T00:00:00-00:00,2019-12-08T01:00:00-00:00,0,2019-12-07,17,0,ACTUAL,PACE,Total Actual Hourly Integrated Load,SYS_FCST_ACT_MW,3.8,5788,ACTUAL,110
2019-12-07T15:00:00-00:00,2019-12-07T16:00:00-00:00,0,2019-12-07,8,0,ACTUAL,PACE,Total Actual Hourly Integrated Load,SYS_FCST_ACT_MW,3.8,5395,ACTUAL,110
2019-12-08T04:00:00-00:00,2019-12-08T05:00:00-00:00,0,2019-12-07,21,0,ACTUAL,PACE,Total Actual Hourly Integrated Load,SYS_FCST_ACT_MW,3.8,5531,ACTUAL,110
2019-12-07T13:00:00-00:00,2019-12-07T14:00:00-00:00,0,2019-12-07,6,0,ACTUAL,PACE,Total Actual Hourly Integrated Load,SYS_FCST_ACT_MW,3.8,5103,ACTUAL,110
2019-12-07T19:00:00-00:00,2019-12-07T20:00:00-00:00,0,2019-12-07,12,0,ACTUAL,PACE,Total Actual Hourly Integrated Load,SYS_FCST_ACT_MW,3.8,5282,ACTUAL,110
2019-12-08T03:00:00-00:00,2019-12-08T04:00:00-00:00,0,2019-12-07,20,0,ACTUAL,PACE,Total Actual Hourly Integrated Load,SYS_FCST_ACT_MW,3.8,5648,ACTUAL,110
2019-12-07T10:00:00-00:00,2019-12-07T11:00:00-00:00,0,2019-12-07,3,0,ACTUAL,PACE,Total Actual Hourly Integrated Load,SYS_FCST_ACT_MW,3.8,4803,ACTUAL,110
2019-12-07T20:00:00-00:00,2019-12-07T21:00:00-00:00,0,2019-12-07,13,0,ACTUAL,PACE,Total Actual Hourly Integrated Load,SYS_FCST_ACT_MW,3.8,5237,ACTUAL,110
2019-12-08T06:00:00-00:00,2019-12-08T07:00:00-00:00,0,2019-12-07,23,0,ACTUAL,PACE,Total Actual Hourly Integrated Load,SYS_FCST_ACT_MW,3.8,5022,ACTUAL,110
2019-12-07T13:00:00-00:00,2019-12-07T14:00:00-00:00,0,2019-12-07,6,0,ACTUAL,PACW,Total Actual Hourly Integrated Load,SYS_FCST_ACT_MW,3.8,2185,ACTUAL,111
2019-12-08T05:00:00-00:00,2019-12-08T06:00:00-00:00,0,2019-12-07,22,0,ACTUAL,PACW,Total Actual Hourly Integrated Load,SYS_FCST_ACT_MW,3.8,2369,ACTUAL,111
2019-12-08T07:00:00-00:00,2019-12-08T08:00:00-00:00,0,2019-12-07,24,0,ACTUAL,PACW,Total Actual Hourly Integrated Load,SYS_FCST_ACT_MW,3.8,2095,ACTUAL,111
2019-12-08T03:00:00-00:00,2019-12-08T04:00:00-00:00,0,2019-12-07,20,0,ACTUAL,PACW,Total Actual Hourly Integrated Load,SYS_FCST_ACT_MW,3.8,2546,ACTUAL,111
2019-12-07T12:00:00-00:00,2019-12-07T13:00:00-00:00,0,2019-12-07,5,0,ACTUAL,PACW,Total Actual Hourly Integrated Load,SYS_FCST_ACT_MW,3.8,2074,ACTUAL,111
2019-12-07T15:00:00-00:00,2019-12-07T16:00:00-00:00,0,2019-12-07,8,0,ACTUAL,PACW,Total Actual Hourly Integrated Load,SYS_FCST_ACT_MW,3.8,2513,ACTUAL,111
2019-12-07T22:00:00-00:00,2019-12-07T23:00:00-00:00,0,2019-12-07,15,0,ACTUAL,PACW,Total Actual Hourly Integrated Load,SYS_FCST_ACT_MW,3.8,2527,ACTUAL,111
2019-12-08T02:00:00-00:00,2019-12-08T03:00:00-00:00,0,2019-12-07,19,0,ACTUAL,PACW,Total Actual Hourly Integrated Load,SYS_FCST_ACT_MW,3.8,2621,ACTUAL,111
2019-12-08T04:00:00-00:00,2019-12-08T05:00:00-00:00,0,2019-12-07,21,0,ACTUAL,PACW,Total Actual Hourly Integrated Load,SYS_FCST_ACT_MW,3.8,2471,ACTUAL,111
2019-12-07T08:00:00-00:00,2019-12-07T09:00:00-00:00,0,2019-12-07,1,0,ACTUAL,PACW,Total Actual Hourly Integrated Load,SYS_FCST_ACT_MW,3.8,2122,ACTUAL,111
2019-12-07T09:00:00-00:00,2019-12-07T10:00:00-00:00,0,2019-12-07,2,0,ACTUAL,PACW,Total Actual Hourly Integrated Load,SYS_FCST_ACT_MW,3.8,2060,ACTUAL,111
2019-12-07T17:00:00-00:00,2019-12-07T18:00:00-00:00,0,2019-12-07,10,0,ACTUAL,PACW,Total Actual Hourly Integrated Load,SYS_FCST_ACT_MW,3.8,2720,ACTUAL,111
2019-12-07T21:00:00-00:00,2019-12-07T22:00:00-00:00,0,2019-12-07,14,0,ACTUAL,PACW,Total Actual Hourly Integrated Load,SYS_FCST_ACT_MW,3.8,2548,ACTUAL,111
2019-12-08T01:00:00-00:00,2019-12-08T02:00:00-00:00,0,2019-12-07,18,0,ACTUAL,PACW,Total Actual Hourly Integrated Load,SYS_FCST_ACT_MW,3.8,2675,ACTUAL,111
2019-12-08T06:00:00-00:00,2019-12-08T07:00:00-00:00,0,2019-12-07,23,0,ACTUAL,PACW,Total Actual Hourly Integrated Load,SYS_FCST_ACT_MW,3.8,2230,ACTUAL,111
2019-12-07T10:00:00-00:00,2019-12-07T11:00:00-00:00,0,2019-12-07,3,0,ACTUAL,PACW,Total Actual Hourly Integrated Load,SYS_FCST_ACT_MW,3.8,2025,ACTUAL,111
2019-12-07T11:00:00-00:00,2019-12-07T12:00:00-00:00,0,2019-12-07,4,0,ACTUAL,PACW,Total Actual Hourly Integrated Load,SYS_FCST_ACT_MW,3.8,2024,ACTUAL,111
2019-12-07T16:00:00-00:00,2019-12-07T17:00:00-00:00,0,2019-12-07,9,0,ACTUAL,PACW,Total Actual Hourly Integrated Load,SYS_FCST_ACT_MW,3.8,2654,ACTUAL,111
2019-12-07T18:00:00-00:00,2019-12-07T19:00:00-00:00,0,2019-12-07,11,0,ACTUAL,PACW,Total Actual Hourly Integrated Load,SYS_FCST_ACT_MW,3.8,2696,ACTUAL,111
2019-12-07T14:00:00-00:00,2019-12-07T15:00:00-00:00,0,2019-12-07,7,0,ACTUAL,PACW,Total Actual Hourly Integrated Load,SYS_FCST_ACT_MW,3.8,2336,ACTUAL,111
2019-12-07T20:00:00-00:00,2019-12-07T21:00:00-00:00,0,2019-12-07,13,0,ACTUAL,PACW,Total Actual Hourly Integrated Load,SYS_FCST_ACT_MW,3.8,2596,ACTUAL,111
2019-12-07T23:00:00-00:00,2019-12-08T00:00:00-00:00,0,2019-12-07,16,0,ACTUAL,PACW,Total Actual Hourly Integrated Load,SYS_FCST_ACT_MW,3.8,2541,ACTUAL,111
2019-12-07T19:00:00-00:00,2019-12-07T20:00:00-00:00,0,2019-12-07,12,0,ACTUAL,PACW,Total Actual Hourly Integrated Load,SYS_FCST_ACT_MW,3.8,2643,ACTUAL,111
2019-12-08T00:00:00-00:00,2019-12-08T01:00:00-00:00,0,2019-12-07,17,0,ACTUAL,PACW,Total Actual Hourly Integrated Load,SYS_FCST_ACT_MW,3.8,2632,ACTUAL,111
2019-12-07T08:00:00-00:00,2019-12-07T09:00:00-00:00,0,2019-12-07,1,0,ACTUAL,PGE,Total Actual Hourly Integrated Load,SYS_FCST_ACT_MW,3.8,2096,ACTUAL,112
2019-12-07T19:00:00-00:00,2019-12-07T20:00:00-00:00,0,2019-12-07,12,0,ACTUAL,PGE,Total Actual Hourly Integrated Load,SYS_FCST_ACT_MW,3.8,2731,ACTUAL,112
2019-12-07T12:00:00-00:00,2019-12-07T13:00:00-00:00,0,2019-12-07,5,0,ACTUAL,PGE,Total Actual Hourly Integrated Load,SYS_FCST_ACT_MW,3.8,1979,ACTUAL,112
2019-12-08T05:00:00-00:00,2019-12-08T06:00:00-00:00,0,2019-12-07,22,0,ACTUAL,PGE,Total Actual Hourly Integrated Load,SYS_FCST_ACT_MW,3.8,2458,ACTUAL,112
2019-12-07T11:00:00-00:00,2019-12-07T12:00:00-00:00,0,2019-12-07,4,0,ACTUAL,PGE,Total Actual Hourly Integrated Load,SYS_FCST_ACT_MW,3.8,1946,ACTUAL,112
2019-12-07T10:00:00-00:00,2019-12-07T11:00:00-00:00,0,2019-12-07,3,0,ACTUAL,PGE,Total Actual Hourly Integrated Load,SYS_FCST_ACT_MW,3.8,1958,ACTUAL,112
2019-12-07T09:00:00-00:00,2019-12-07T10:00:00-00:00,0,2019-12-07,2,0,ACTUAL,PGE,Total Actual Hourly Integrated Load,SYS_FCST_ACT_MW,3.8,2008,ACTUAL,112
2019-12-08T00:00:00-00:00,2019-12-08T01:00:00-00:00,0,2019-12-07,17,0,ACTUAL,PGE,Total Actual Hourly Integrated Load,SYS_FCST_ACT_MW,3.8,2747,ACTUAL,112
2019-12-07T22:00:00-00:00,2019-12-07T23:00:00-00:00,0,2019-12-07,15,0,ACTUAL,PGE,Total Actual Hourly Integrated Load,SYS_FCST_ACT_MW,3.8,2637,ACTUAL,112
2019-12-07T15:00:00-00:00,2019-12-07T16:00:00-00:00,0,2019-12-07,8,0,ACTUAL,PGE,Total Actual Hourly Integrated Load,SYS_FCST_ACT_MW,3.8,2406,ACTUAL,112
2019-12-07T17:00:00-00:00,2019-12-07T18:00:00-00:00,0,2019-12-07,10,0,ACTUAL,PGE,Total Actual Hourly Integrated Load,SYS_FCST_ACT_MW,3.8,2673,ACTUAL,112
2019-12-07T14:00:00-00:00,2019-12-07T15:00:00-00:00,0,2019-12-07,7,0,ACTUAL,PGE,Total Actual Hourly Integrated Load,SYS_FCST_ACT_MW,3.8,2235,ACTUAL,112
2019-12-08T07:00:00-00:00,2019-12-08T08:00:00-00:00,0,2019-12-07,24,0,ACTUAL,PGE,Total Actual Hourly Integrated Load,SYS_FCST_ACT_MW,3.8,2147,ACTUAL,112
2019-12-07T21:00:00-00:00,2019-12-07T22:00:00-00:00,0,2019-12-07,14,0,ACTUAL,PGE,Total Actual Hourly Integrated Load,SYS_FCST_ACT_MW,3.8,2656,ACTUAL,112
2019-12-07T13:00:00-00:00,2019-12-07T14:00:00-00:00,0,2019-12-07,6,0,ACTUAL,PGE,Total Actual Hourly Integrated Load,SYS_FCST_ACT_MW,3.8,2080,ACTUAL,112
2019-12-08T02:00:00-00:00,2019-12-08T03:00:00-00:00,0,2019-12-07,19,0,ACTUAL,PGE,Total Actual Hourly Integrated Load,SYS_FCST_ACT_MW,3.8,2736,ACTUAL,112
2019-12-08T04:00:00-00:00,2019-12-08T05:00:00-00:00,0,2019-12-07,21,0,ACTUAL,PGE,Total Actual Hourly Integrated Load,SYS_FCST_ACT_MW,3.8,2572,ACTUAL,112
2019-12-08T03:00:00-00:00,2019-12-08T04:00:00-00:00,0,2019-12-07,20,0,ACTUAL,PGE,Total Actual Hourly Integrated Load,SYS_FCST_ACT_MW,3.8,2659,ACTUAL,112
2019-12-08T01:00:00-00:00,2019-12-08T02:00:00-00:00,0,2019-12-07,18,0,ACTUAL,PGE,Total Actual Hourly Integrated Load,SYS_FCST_ACT_MW,3.8,2796,ACTUAL,112
2019-12-07T18:00:00-00:00,2019-12-07T19:00:00-00:00,0,2019-12-07,11,0,ACTUAL,PGE,Total Actual Hourly Integrated Load,SYS_FCST_ACT_MW,3.8,2731,ACTUAL,112
2019-12-08T06:00:00-00:00,2019-12-08T07:00:00-00:00,0,2019-12-07,23,0,ACTUAL,PGE,Total Actual Hourly Integrated Load,SYS_FCST_ACT_MW,3.8,2305,ACTUAL,112
2019-12-07T23:00:00-00:00,2019-12-08T00:00:00-00:00,0,2019-12-07,16,0,ACTUAL,PGE,Total Actual Hourly Integrated Load,SYS_FCST_ACT_MW,3.8,2653,ACTUAL,112
2019-12-07T20:00:00-00:00,2019-12-07T21:00:00-00:00,0,2019-12-07,13,0,ACTUAL,PGE,Total Actual Hourly Integrated Load,SYS_FCST_ACT_MW,3.8,2698,ACTUAL,112
2019-12-07T16:00:00-00:00,2019-12-07T17:00:00-00:00,0,2019-12-07,9,0,ACTUAL,PGE,Total Actual Hourly Integrated Load,SYS_FCST_ACT_MW,3.8,2558,ACTUAL,112
2019-12-07T19:00:00-00:00,2019-12-07T20:00:00-00:00,0,2019-12-07,12,0,ACTUAL,PGE-TAC,Total Actual Hourly Integrated Load,SYS_FCST_ACT_MW,3.1,10377,ACTUAL,113
2019-12-08T05:00:00-00:00,2019-12-08T06:00:00-00:00,0,2019-12-07,22,0,ACTUAL,PGE-TAC,Total Actual Hourly Integrated Load,SYS_FCST_ACT_MW,3.1,11054,ACTUAL,113
2019-12-07T21:00:00-00:00,2019-12-07T22:00:00-00:00,0,2019-12-07,14,0,ACTUAL,PGE-TAC,Total Actual Hourly Integrated Load,SYS_FCST_ACT_MW,3.1,10703,ACTUAL,113
2019-12-07T18:00:00-00:00,2019-12-07T19:00:00-00:00,0,2019-12-07,11,0,ACTUAL,PGE-TAC,Total Actual Hourly Integrated Load,SYS_FCST_ACT_MW,3.1,10319,ACTUAL,113
2019-12-07T15:00:00-00:00,2019-12-07T16:00:00-00:00,0,2019-12-07,8,0,ACTUAL,PGE-TAC,Total Actual Hourly Integrated Load,SYS_FCST_ACT_MW,3.1,10019,ACTUAL,113
2019-12-07T10:00:00-00:00,2019-12-07T11:00:00-00:00,0,2019-12-07,3,0,ACTUAL,PGE-TAC,Total Actual Hourly Integrated Load,SYS_FCST_ACT_MW,3.1,9348,ACTUAL,113
2019-12-07T09:00:00-00:00,2019-12-07T10:00:00-00:00,0,2019-12-07,2,0,ACTUAL,PGE-TAC,Total Actual Hourly Integrated Load,SYS_FCST_ACT_MW,3.1,9376,ACTUAL,113
2019-12-07T08:00:00-00:00,2019-12-07T09:00:00-00:00,0,2019-12-07,1,0,ACTUAL,PGE-TAC,Total Actual Hourly Integrated Load,SYS_FCST_ACT_MW,3.1,9698,ACTUAL,113
2019-12-08T07:00:00-00:00,2019-12-08T08:00:00-00:00,0,2019-12-07,24,0,ACTUAL,PGE-TAC,Total Actual Hourly Integrated Load,SYS_FCST_ACT_MW,3.1,10126,ACTUAL,113
2019-12-08T06:00:00-00:00,2019-12-08T07:00:00-00:00,0,2019-12-07,23,0,ACTUAL,PGE-TAC,Total Actual Hourly Integrated Load,SYS_FCST_ACT_MW,3.1,10501,ACTUAL,113
2019-12-08T04:00:00-00:00,2019-12-08T05:00:00-00:00,0,2019-12-07,21,0,ACTUAL,PGE-TAC,Total Actual Hourly Integrated Load,SYS_FCST_ACT_MW,3.1,11447,ACTUAL,113
2019-12-07T17:00:00-00:00,2019-12-07T18:00:00-00:00,0,2019-12-07,10,0,ACTUAL,PGE-TAC,Total Actual Hourly Integrated Load,SYS_FCST_ACT_MW,3.1,10329,ACTUAL,113
2019-12-07T16:00:00-00:00,2019-12-07T17:00:00-00:00,0,2019-12-07,9,0,ACTUAL,PGE-TAC,Total Actual Hourly Integrated Load,SYS_FCST_ACT_MW,3.1,10301,ACTUAL,113
2019-12-08T02:00:00-00:00,2019-12-08T03:00:00-00:00,0,2019-12-07,19,0,ACTUAL,PGE-TAC,Total Actual Hourly Integrated Load,SYS_FCST_ACT_MW,3.1,12063,ACTUAL,113
2019-12-07T11:00:00-00:00,2019-12-07T12:00:00-00:00,0,2019-12-07,4,0,ACTUAL,PGE-TAC,Total Actual Hourly Integrated Load,SYS_FCST_ACT_MW,3.1,9193,ACTUAL,113
2019-12-07T13:00:00-00:00,2019-12-07T14:00:00-00:00,0,2019-12-07,6,0,ACTUAL,PGE-TAC,Total Actual Hourly Integrated Load,SYS_FCST_ACT_MW,3.1,9468,ACTUAL,113
2019-12-07T22:00:00-00:00,2019-12-07T23:00:00-00:00,0,2019-12-07,15,0,ACTUAL,PGE-TAC,Total Actual Hourly Integrated Load,SYS_FCST_ACT_MW,3.1,10993,ACTUAL,113
2019-12-08T03:00:00-00:00,2019-12-08T04:00:00-00:00,0,2019-12-07,20,0,ACTUAL,PGE-TAC,Total Actual Hourly Integrated Load,SYS_FCST_ACT_MW,3.1,11754,ACTUAL,113
2019-12-08T01:00:00-00:00,2019-12-08T02:00:00-00:00,0,2019-12-07,18,0,ACTUAL,PGE-TAC,Total Actual Hourly Integrated Load,SYS_FCST_ACT_MW,3.1,12171,ACTUAL,113
2019-12-07T23:00:00-00:00,2019-12-08T00:00:00-00:00,0,2019-12-07,16,0,ACTUAL,PGE-TAC,Total Actual Hourly Integrated Load,SYS_FCST_ACT_MW,3.1,11232,ACTUAL,113
2019-12-07T12:00:00-00:00,2019-12-07T13:00:00-00:00,0,2019-12-07,5,0,ACTUAL,PGE-TAC,Total Actual Hourly Integrated Load,SYS_FCST_ACT_MW,3.1,9225,ACTUAL,113
2019-12-07T14:00:00-00:00,2019-12-07T15:00:00-00:00,0,2019-12-07,7,0,ACTUAL,PGE-TAC,Total Actual Hourly Integrated Load,SYS_FCST_ACT_MW,3.1,9629,ACTUAL,113
2019-12-07T20:00:00-00:00,2019-12-07T21:00:00-00:00,0,2019-12-07,13,0,ACTUAL,PGE-TAC,Total Actual Hourly Integrated Load,SYS_FCST_ACT_MW,3.1,10508,ACTUAL,113
2019-12-08T00:00:00-00:00,2019-12-08T01:00:00-00:00,0,2019-12-07,17,0,ACTUAL,PGE-TAC,Total Actual Hourly Integrated Load,SYS_FCST_ACT_MW,3.1,11579,ACTUAL,113
2019-12-08T01:00:00-00:00,2019-12-08T02:00:00-00:00,0,2019-12-07,18,0,ACTUAL,PSEI,Total Actual Hourly Integrated Load,SYS_FCST_ACT_MW,3.8,3319,ACTUAL,114
2019-12-07T12:00:00-00:00,2019-12-07T13:00:00-00:00,0,2019-12-07,5,0,ACTUAL,PSEI,Total Actual Hourly Integrated Load,SYS_FCST_ACT_MW,3.8,2331,ACTUAL,114
2019-12-08T02:00:00-00:00,2019-12-08T03:00:00-00:00,0,2019-12-07,19,0,ACTUAL,PSEI,Total Actual Hourly Integrated Load,SYS_FCST_ACT_MW,3.8,3250,ACTUAL,114
2019-12-07T08:00:00-00:00,2019-12-07T09:00:00-00:00,0,2019-12-07,1,0,ACTUAL,PSEI,Total Actual Hourly Integrated Load,SYS_FCST_ACT_MW,3.8,2432,ACTUAL,114
2019-12-07T10:00:00-00:00,2019-12-07T11:00:00-00:00,0,2019-12-07,3,0,ACTUAL,PSEI,Total Actual Hourly Integrated Load,SYS_FCST_ACT_MW,3.8,2279,ACTUAL,114
2019-12-07T11:00:00-00:00,2019-12-07T12:00:00-00:00,0,2019-12-07,4,0,ACTUAL,PSEI,Total Actual Hourly Integrated Load,SYS_FCST_ACT_MW,3.8,2279,ACTUAL,114
2019-12-07T14:00:00-00:00,2019-12-07T15:00:00-00:00,0,2019-12-07,7,0,ACTUAL,PSEI,Total Actual Hourly Integrated Load,SYS_FCST_ACT_MW,3.8,2652,ACTUAL,114
2019-12-07T18:00:00-00:00,2019-12-07T19:00:00-00:00,0,2019-12-07,11,0,ACTUAL,PSEI,Total Actual Hourly Integrated Load,SYS_FCST_ACT_MW,3.8,3203,ACTUAL,114
2019-12-07T21:00:00-00:00,2019-12-07T22:00:00-00:00,0,2019-12-07,14,0,ACTUAL,PSEI,Total Actual Hourly Integrated Load,SYS_FCST_ACT_MW,3.8,3117,ACTUAL,114
2019-12-07T19:00:00-00:00,2019-12-07T20:00:00-00:00,0,2019-12-07,12,0,ACTUAL,PSEI,Total Actual Hourly Integrated Load,SYS_FCST_ACT_MW,3.8,3190,ACTUAL,114
2019-12-07T23:00:00-00:00,2019-12-08T00:00:00-00:00,0,2019-12-07,16,0,ACTUAL,PSEI,Total Actual Hourly Integrated Load,SYS_FCST_ACT_MW,3.8,3113,ACTUAL,114
2019-12-08T00:00:00-00:00,2019-12-08T01:00:00-00:00,0,2019-12-07,17,0,ACTUAL,PSEI,Total Actual Hourly Integrated Load,SYS_FCST_ACT_MW,3.8,3255,ACTUAL,114
2019-12-08T03:00:00-00:00,2019-12-08T04:00:00-00:00,0,2019-12-07,20,0,ACTUAL,PSEI,Total Actual Hourly Integrated Load,SYS_FCST_ACT_MW,3.8,3164,ACTUAL,114
2019-12-08T07:00:00-00:00,2019-12-08T08:00:00-00:00,0,2019-12-07,24,0,ACTUAL,PSEI,Total Actual Hourly Integrated Load,SYS_FCST_ACT_MW,3.8,2544,ACTUAL,114
2019-12-07T16:00:00-00:00,2019-12-07T17:00:00-00:00,0,2019-12-07,9,0,ACTUAL,PSEI,Total Actual Hourly Integrated Load,SYS_FCST_ACT_MW,3.8,3046,ACTUAL,114
2019-12-08T04:00:00-00:00,2019-12-08T05:00:00-00:00,0,2019-12-07,21,0,ACTUAL,PSEI,Total Actual Hourly Integrated Load,SYS_FCST_ACT_MW,3.8,3073,ACTUAL,114
2019-12-08T05:00:00-00:00,2019-12-08T06:00:00-00:00,0,2019-12-07,22,0,ACTUAL,PSEI,Total Actual Hourly Integrated Load,SYS_FCST_ACT_MW,3.8,2937,ACTUAL,114
2019-12-07T09:00:00-00:00,2019-12-07T10:00:00-00:00,0,2019-12-07,2,0,ACTUAL,PSEI,Total Actual Hourly Integrated Load,SYS_FCST_ACT_MW,3.8,2328,ACTUAL,114
2019-12-07T15:00:00-00:00,2019-12-07T16:00:00-00:00,0,2019-12-07,8,0,ACTUAL,PSEI,Total Actual Hourly Integrated Load,SYS_FCST_ACT_MW,3.8,2867,ACTUAL,114
2019-12-08T06:00:00-00:00,2019-12-08T07:00:00-00:00,0,2019-12-07,23,0,ACTUAL,PSEI,Total Actual Hourly Integrated Load,SYS_FCST_ACT_MW,3.8,2741,ACTUAL,114
2019-12-07T13:00:00-00:00,2019-12-07T14:00:00-00:00,0,2019-12-07,6,0,ACTUAL,PSEI,Total Actual Hourly Integrated Load,SYS_FCST_ACT_MW,3.8,2462,ACTUAL,114
2019-12-07T17:00:00-00:00,2019-12-07T18:00:00-00:00,0,2019-12-07,10,0,ACTUAL,PSEI,Total Actual Hourly Integrated Load,SYS_FCST_ACT_MW,3.8,3159,ACTUAL,114
2019-12-07T20:00:00-00:00,2019-12-07T21:00:00-00:00,0,2019-12-07,13,0,ACTUAL,PSEI,Total Actual Hourly Integrated Load,SYS_FCST_ACT_MW,3.8,3158,ACTUAL,114
2019-12-07T22:00:00-00:00,2019-12-07T23:00:00-00:00,0,2019-12-07,15,0,ACTUAL,PSEI,Total Actual Hourly Integrated Load,SYS_FCST_ACT_MW,3.8,3085,ACTUAL,114
2019-12-07T16:00:00-00:00,2019-12-07T17:00:00-00:00,0,2019-12-07,9,0,ACTUAL,SCE-TAC,Total Actual Hourly Integrated Load,SYS_FCST_ACT_MW,3.2,10297,ACTUAL,115
2019-12-07T17:00:00-00:00,2019-12-07T18:00:00-00:00,0,2019-12-07,10,0,ACTUAL,SCE-TAC,Total Actual Hourly Integrated Load,SYS_FCST_ACT_MW,3.2,10533,ACTUAL,115
2019-12-07T10:00:00-00:00,2019-12-07T11:00:00-00:00,0,2019-12-07,3,0,ACTUAL,SCE-TAC,Total Actual Hourly Integrated Load,SYS_FCST_ACT_MW,3.2,9096,ACTUAL,115
2019-12-08T04:00:00-00:00,2019-12-08T05:00:00-00:00,0,2019-12-07,21,0,ACTUAL,SCE-TAC,Total Actual Hourly Integrated Load,SYS_FCST_ACT_MW,3.2,11454,ACTUAL,115
2019-12-08T03:00:00-00:00,2019-12-08T04:00:00-00:00,0,2019-12-07,20,0,ACTUAL,SCE-TAC,Total Actual Hourly Integrated Load,SYS_FCST_ACT_MW,3.2,11688,ACTUAL,115
2019-12-08T01:00:00-00:00,2019-12-08T02:00:00-00:00,0,2019-12-07,18,0,ACTUAL,SCE-TAC,Total Actual Hourly Integrated Load,SYS_FCST_ACT_MW,3.2,11912,ACTUAL,115
2019-12-07T18:00:00-00:00,2019-12-07T19:00:00-00:00,0,2019-12-07,11,0,ACTUAL,SCE-TAC,Total Actual Hourly Integrated Load,SYS_FCST_ACT_MW,3.2,10670,ACTUAL,115
2019-12-07T22:00:00-00:00,2019-12-07T23:00:00-00:00,0,2019-12-07,15,0,ACTUAL,SCE-TAC,Total Actual Hourly Integrated Load,SYS_FCST_ACT_MW,3.2,10666,ACTUAL,115
2019-12-07T14:00:00-00:00,2019-12-07T15:00:00-00:00,0,2019-12-07,7,0,ACTUAL,SCE-TAC,Total Actual Hourly Integrated Load,SYS_FCST_ACT_MW,3.2,9679,ACTUAL,115
2019-12-07T13:00:00-00:00,2019-12-07T14:00:00-00:00,0,2019-12-07,6,0,ACTUAL,SCE-TAC,Total Actual Hourly Integrated Load,SYS_FCST_ACT_MW,3.2,9305,ACTUAL,115
2019-12-08T05:00:00-00:00,2019-12-08T06:00:00-00:00,0,2019-12-07,22,0,ACTUAL,SCE-TAC,Total Actual Hourly Integrated Load,SYS_FCST_ACT_MW,3.2,11078,ACTUAL,115
2019-12-07T20:00:00-00:00,2019-12-07T21:00:00-00:00,0,2019-12-07,13,0,ACTUAL,SCE-TAC,Total Actual Hourly Integrated Load,SYS_FCST_ACT_MW,3.2,10650,ACTUAL,115
2019-12-07T15:00:00-00:00,2019-12-07T16:00:00-00:00,0,2019-12-07,8,0,ACTUAL,SCE-TAC,Total Actual Hourly Integrated Load,SYS_FCST_ACT_MW,3.2,9890,ACTUAL,115
2019-12-08T02:00:00-00:00,2019-12-08T03:00:00-00:00,0,2019-12-07,19,0,ACTUAL,SCE-TAC,Total Actual Hourly Integrated Load,SYS_FCST_ACT_MW,3.2,11878,ACTUAL,115
2019-12-08T06:00:00-00:00,2019-12-08T07:00:00-00:00,0,2019-12-07,23,0,ACTUAL,SCE-TAC,Total Actual Hourly Integrated Load,SYS_FCST_ACT_MW,3.2,10501,ACTUAL,115
2019-12-07T21:00:00-00:00,2019-12-07T22:00:00-00:00,0,2019-12-07,14,0,ACTUAL,SCE-TAC,Total Actual Hourly Integrated Load,SYS_FCST_ACT_MW,3.2,10594,ACTUAL,115
2019-12-07T23:00:00-00:00,2019-12-08T00:00:00-00:00,0,2019-12-07,16,0,ACTUAL,SCE-TAC,Total Actual Hourly Integrated Load,SYS_FCST_ACT_MW,3.2,10784,ACTUAL,115
2019-12-07T12:00:00-00:00,2019-12-07T13:00:00-00:00,0,2019-12-07,5,0,ACTUAL,SCE-TAC,Total Actual Hourly Integrated Load,SYS_FCST_ACT_MW,3.2,9011,ACTUAL,115
2019-12-07T11:00:00-00:00,2019-12-07T12:00:00-00:00,0,2019-12-07,4,0,ACTUAL,SCE-TAC,Total Actual Hourly Integrated Load,SYS_FCST_ACT_MW,3.2,8953,ACTUAL,115
2019-12-07T09:00:00-00:00,2019-12-07T10:00:00-00:00,0,2019-12-07,2,0,ACTUAL,SCE-TAC,Total Actual Hourly Integrated Load,SYS_FCST_ACT_MW,3.2,9373,ACTUAL,115
2019-12-07T08:00:00-00:00,2019-12-07T09:00:00-00:00,0,2019-12-07,1,0,ACTUAL,SCE-TAC,Total Actual Hourly Integrated Load,SYS_FCST_ACT_MW,3.2,9801,ACTUAL,115
2019-12-08T07:00:00-00:00,2019-12-08T08:00:00-00:00,0,2019-12-07,24,0,ACTUAL,SCE-TAC,Total Actual Hourly Integrated Load,SYS_FCST_ACT_MW,3.2,9834,ACTUAL,115
2019-12-08T00:00:00-00:00,2019-12-08T01:00:00-00:00,0,2019-12-07,17,0,ACTUAL,SCE-TAC,Total Actual Hourly Integrated Load,SYS_FCST_ACT_MW,3.2,11299,ACTUAL,115
2019-12-07T19:00:00-00:00,2019-12-07T20:00:00-00:00,0,2019-12-07,12,0,ACTUAL,SCE-TAC,Total Actual Hourly Integrated Load,SYS_FCST_ACT_MW,3.2,10664,ACTUAL,115
2019-12-07T11:00:00-00:00,2019-12-07T12:00:00-00:00,0,2019-12-07,4,0,ACTUAL,SCL,Total Actual Hourly Integrated Load,SYS_FCST_ACT_MW,3.8,854,ACTUAL,116
2019-12-07T10:00:00-00:00,2019-12-07T11:00:00-00:00,0,2019-12-07,3,0,ACTUAL,SCL,Total Actual Hourly Integrated Load,SYS_FCST_ACT_MW,3.8,859,ACTUAL,116
2019-12-07T22:00:00-00:00,2019-12-07T23:00:00-00:00,0,2019-12-07,15,0,ACTUAL,SCL,Total Actual Hourly Integrated Load,SYS_FCST_ACT_MW,3.8,1186,ACTUAL,116
2019-12-07T17:00:00-00:00,2019-12-07T18:00:00-00:00,0,2019-12-07,10,0,ACTUAL,SCL,Total Actual Hourly Integrated Load,SYS_FCST_ACT_MW,3.8,1191,ACTUAL,116
2019-12-07T15:00:00-00:00,2019-12-07T16:00:00-00:00,0,2019-12-07,8,0,ACTUAL,SCL,Total Actual Hourly Integrated Load,SYS_FCST_ACT_MW,3.8,1050,ACTUAL,116
2019-12-07T18:00:00-00:00,2019-12-07T19:00:00-00:00,0,2019-12-07,11,0,ACTUAL,SCL,Total Actual Hourly Integrated Load,SYS_FCST_ACT_MW,3.8,1218,ACTUAL,116
2019-12-08T05:00:00-00:00,2019-12-08T06:00:00-00:00,0,2019-12-07,22,0,ACTUAL,SCL,Total Actual Hourly Integrated Load,SYS_FCST_ACT_MW,3.8,1103,ACTUAL,116
2019-12-07T21:00:00-00:00,2019-12-07T22:00:00-00:00,0,2019-12-07,14,0,ACTUAL,SCL,Total Actual Hourly Integrated Load,SYS_FCST_ACT_MW,3.8,1195,ACTUAL,116
2019-12-08T04:00:00-00:00,2019-12-08T05:00:00-00:00,0,2019-12-07,21,0,ACTUAL,SCL,Total Actual Hourly Integrated Load,SYS_FCST_ACT_MW,3.8,1145,ACTUAL,116
2019-12-07T09:00:00-00:00,2019-12-07T10:00:00-00:00,0,2019-12-07,2,0,ACTUAL,SCL,Total Actual Hourly Integrated Load,SYS_FCST_ACT_MW,3.8,881,ACTUAL,116
2019-12-08T02:00:00-00:00,2019-12-08T03:00:00-00:00,0,2019-12-07,19,0,ACTUAL,SCL,Total Actual Hourly Integrated Load,SYS_FCST_ACT_MW,3.8,1217,ACTUAL,116
2019-12-08T00:00:00-00:00,2019-12-08T01:00:00-00:00,0,2019-12-07,17,0,ACTUAL,SCL,Total Actual Hourly Integrated Load,SYS_FCST_ACT_MW,3.8,1231,ACTUAL,116
2019-12-07T16:00:00-00:00,2019-12-07T17:00:00-00:00,0,2019-12-07,9,0,ACTUAL,SCL,Total Actual Hourly Integrated Load,SYS_FCST_ACT_MW,3.8,1127,ACTUAL,116
2019-12-07T20:00:00-00:00,2019-12-07T21:00:00-00:00,0,2019-12-07,13,0,ACTUAL,SCL,Total Actual Hourly Integrated Load,SYS_FCST_ACT_MW,3.8,1218,ACTUAL,116
2019-12-07T14:00:00-00:00,2019-12-07T15:00:00-00:00,0,2019-12-07,7,0,ACTUAL,SCL,Total Actual Hourly Integrated Load,SYS_FCST_ACT_MW,3.8,975,ACTUAL,116
2019-12-07T08:00:00-00:00,2019-12-07T09:00:00-00:00,0,2019-12-07,1,0,ACTUAL,SCL,Total Actual Hourly Integrated Load,SYS_FCST_ACT_MW,3.8,919,ACTUAL,116
2019-12-08T01:00:00-00:00,2019-12-08T02:00:00-00:00,0,2019-12-07,18,0,ACTUAL,SCL,Total Actual Hourly Integrated Load,SYS_FCST_ACT_MW,3.8,1240,ACTUAL,116
2019-12-08T03:00:00-00:00,2019-12-08T04:00:00-00:00,0,2019-12-07,20,0,ACTUAL,SCL,Total Actual Hourly Integrated Load,SYS_FCST_ACT_MW,3.8,1181,ACTUAL,116
2019-12-07T23:00:00-00:00,2019-12-08T00:00:00-00:00,0,2019-12-07,16,0,ACTUAL,SCL,Total Actual Hourly Integrated Load,SYS_FCST_ACT_MW,3.8,1195,ACTUAL,116
2019-12-07T13:00:00-00:00,2019-12-07T14:00:00-00:00,0,2019-12-07,6,0,ACTUAL,SCL,Total Actual Hourly Integrated Load,SYS_FCST_ACT_MW,3.8,909,ACTUAL,116
2019-12-08T06:00:00-00:00,2019-12-08T07:00:00-00:00,0,2019-12-07,23,0,ACTUAL,SCL,Total Actual Hourly Integrated Load,SYS_FCST_ACT_MW,3.8,1044,ACTUAL,116
2019-12-07T19:00:00-00:00,2019-12-07T20:00:00-00:00,0,2019-12-07,12,0,ACTUAL,SCL,Total Actual Hourly Integrated Load,SYS_FCST_ACT_MW,3.8,1230,ACTUAL,116
2019-12-07T12:00:00-00:00,2019-12-07T13:00:00-00:00,0,2019-12-07,5,0,ACTUAL,SCL,Total Actual Hourly Integrated Load,SYS_FCST_ACT_MW,3.8,866,ACTUAL,116
2019-12-08T07:00:00-00:00,2019-12-08T08:00:00-00:00,0,2019-12-07,24,0,ACTUAL,SCL,Total Actual Hourly Integrated Load,SYS_FCST_ACT_MW,3.8,976,ACTUAL,116
2019-12-07T13:00:00-00:00,2019-12-07T14:00:00-00:00,0,2019-12-07,6,0,ACTUAL,SDGE-TAC,Total Actual Hourly Integrated Load,SYS_FCST_ACT_MW,3.4,1884,ACTUAL,117
2019-12-08T02:00:00-00:00,2019-12-08T03:00:00-00:00,0,2019-12-07,19,0,ACTUAL,SDGE-TAC,Total Actual Hourly Integrated Load,SYS_FCST_ACT_MW,3.4,2610,ACTUAL,117
2019-12-08T03:00:00-00:00,2019-12-08T04:00:00-00:00,0,2019-12-07,20,0,ACTUAL,SDGE-TAC,Total Actual Hourly Integrated Load,SYS_FCST_ACT_MW,3.4,2528,ACTUAL,117
2019-12-07T08:00:00-00:00,2019-12-07T09:00:00-00:00,0,2019-12-07,1,0,ACTUAL,SDGE-TAC,Total Actual Hourly Integrated Load,SYS_FCST_ACT_MW,3.4,1993,ACTUAL,117
2019-12-07T19:00:00-00:00,2019-12-07T20:00:00-00:00,0,2019-12-07,12,0,ACTUAL,SDGE-TAC,Total Actual Hourly Integrated Load,SYS_FCST_ACT_MW,3.4,2383,ACTUAL,117
2019-12-08T04:00:00-00:00,2019-12-08T05:00:00-00:00,0,2019-12-07,21,0,ACTUAL,SDGE-TAC,Total Actual Hourly Integrated Load,SYS_FCST_ACT_MW,3.4,2435,ACTUAL,117
2019-12-08T06:00:00-00:00,2019-12-08T07:00:00-00:00,0,2019-12-07,23,0,ACTUAL,SDGE-TAC,Total Actual Hourly Integrated Load,SYS_FCST_ACT_MW,3.4,2179,ACTUAL,117
2019-12-07T12:00:00-00:00,2019-12-07T13:00:00-00:00,0,2019-12-07,5,0,ACTUAL,SDGE-TAC,Total Actual Hourly Integrated Load,SYS_FCST_ACT_MW,3.4,1814,ACTUAL,117
2019-12-07T22:00:00-00:00,2019-12-07T23:00:00-00:00,0,2019-12-07,15,0,ACTUAL,SDGE-TAC,Total Actual Hourly Integrated Load,SYS_FCST_ACT_MW,3.4,2369,ACTUAL,117
2019-12-07T23:00:00-00:00,2019-12-08T00:00:00-00:00,0,2019-12-07,16,0,ACTUAL,SDGE-TAC,Total Actual Hourly Integrated Load,SYS_FCST_ACT_MW,3.4,2379,ACTUAL,117
2019-12-07T10:00:00-00:00,2019-12-07T11:00:00-00:00,0,2019-12-07,3,0,ACTUAL,SDGE-TAC,Total Actual Hourly Integrated Load,SYS_FCST_ACT_MW,3.4,1848,ACTUAL,117
2019-12-07T11:00:00-00:00,2019-12-07T12:00:00-00:00,0,2019-12-07,4,0,ACTUAL,SDGE-TAC,Total Actual Hourly Integrated Load,SYS_FCST_ACT_MW,3.4,1805,ACTUAL,117
2019-12-07T17:00:00-00:00,2019-12-07T18:00:00-00:00,0,2019-12-07,10,0,ACTUAL,SDGE-TAC,Total Actual Hourly Integrated Load,SYS_FCST_ACT_MW,3.4,2232,ACTUAL,117
2019-12-07T20:00:00-00:00,2019-12-07T21:00:00-00:00,0,2019-12-07,13,0,ACTUAL,SDGE-TAC,Total Actual Hourly Integrated Load,SYS_FCST_ACT_MW,3.4,2355,ACTUAL,117
2019-12-07T21:00:00-00:00,2019-12-07T22:00:00-00:00,0,2019-12-07,14,0,ACTUAL,SDGE-TAC,Total Actual Hourly Integrated Load,SYS_FCST_ACT_MW,3.4,2317,ACTUAL,117
2019-12-08T07:00:00-00:00,2019-12-08T08:00:00-00:00,0,2019-12-07,24,0,ACTUAL,SDGE-TAC,Total Actual Hourly Integrated Load,SYS_FCST_ACT_MW,3.4,1998,ACTUAL,117
2019-12-07T14:00:00-00:00,2019-12-07T15:00:00-00:00,0,2019-12-07,7,0,ACTUAL,SDGE-TAC,Total Actual Hourly Integrated Load,SYS_FCST_ACT_MW,3.4,1946,ACTUAL,117
2019-12-07T15:00:00-00:00,2019-12-07T16:00:00-00:00,0,2019-12-07,8,0,ACTUAL,SDGE-TAC,Total Actual Hourly Integrated Load,SYS_FCST_ACT_MW,3.4,2027,ACTUAL,117
2019-12-07T18:00:00-00:00,2019-12-07T19:00:00-00:00,0,2019-12-07,11,0,ACTUAL,SDGE-TAC,Total Actual Hourly Integrated Load,SYS_FCST_ACT_MW,3.4,2320,ACTUAL,117
2019-12-08T00:00:00-00:00,2019-12-08T01:00:00-00:00,0,2019-12-07,17,0,ACTUAL,SDGE-TAC,Total Actual Hourly Integrated Load,SYS_FCST_ACT_MW,3.4,2499,ACTUAL,117
2019-12-08T01:00:00-00:00,2019-12-08T02:00:00-00:00,0,2019-12-07,18,0,ACTUAL,SDGE-TAC,Total Actual Hourly Integrated Load,SYS_FCST_ACT_MW,3.4,2657,ACTUAL,117
2019-12-08T05:00:00-00:00,2019-12-08T06:00:00-00:00,0,2019-12-07,22,0,ACTUAL,SDGE-TAC,Total Actual Hourly Integrated Load,SYS_FCST_ACT_MW,3.4,2336,ACTUAL,117
2019-12-07T16:00:00-00:00,2019-12-07T17:00:00-00:00,0,2019-12-07,9,0,ACTUAL,SDGE-TAC,Total Actual Hourly Integrated Load,SYS_FCST_ACT_MW,3.4,2140,ACTUAL,117
2019-12-07T09:00:00-00:00,2019-12-07T10:00:00-00:00,0,2019-12-07,2,0,ACTUAL,SDGE-TAC,Total Actual Hourly Integrated Load,SYS_FCST_ACT_MW,3.4,1901,ACTUAL,117
2019-12-07T13:00:00-00:00,2019-12-07T14:00:00-00:00,0,2019-12-07,6,0,ACTUAL,SRP,Total Actual Hourly Integrated Load,SYS_FCST_ACT_MW,3.8,2559,ACTUAL,118
2019-12-07T10:00:00-00:00,2019-12-07T11:00:00-00:00,0,2019-12-07,3,0,ACTUAL,SRP,Total Actual Hourly Integrated Load,SYS_FCST_ACT_MW,3.8,2300,ACTUAL,118
2019-12-07T09:00:00-00:00,2019-12-07T10:00:00-00:00,0,2019-12-07,2,0,ACTUAL,SRP,Total Actual Hourly Integrated Load,SYS_FCST_ACT_MW,3.8,2307,ACTUAL,118
2019-12-07T08:00:00-00:00,2019-12-07T09:00:00-00:00,0,2019-12-07,1,0,ACTUAL,SRP,Total Actual Hourly Integrated Load,SYS_FCST_ACT_MW,3.8,2348,ACTUAL,118
2019-12-07T15:00:00-00:00,2019-12-07T16:00:00-00:00,0,2019-12-07,8,0,ACTUAL,SRP,Total Actual Hourly Integrated Load,SYS_FCST_ACT_MW,3.8,2756,ACTUAL,118
2019-12-07T16:00:00-00:00,2019-12-07T17:00:00-00:00,0,2019-12-07,9,0,ACTUAL,SRP,Total Actual Hourly Integrated Load,SYS_FCST_ACT_MW,3.8,2774,ACTUAL,118
2019-12-07T12:00:00-00:00,2019-12-07T13:00:00-00:00,0,2019-12-07,5,0,ACTUAL,SRP,Total Actual Hourly Integrated Load,SYS_FCST_ACT_MW,3.8,2436,ACTUAL,118
2019-12-07T18:00:00-00:00,2019-12-07T19:00:00-00:00,0,2019-12-07,11,0,ACTUAL,SRP,Total Actual Hourly Integrated Load,SYS_FCST_ACT_MW,3.8,2727,ACTUAL,118
2019-12-07T20:00:00-00:00,2019-12-07T21:00:00-00:00,0,2019-12-07,13,0,ACTUAL,SRP,Total Actual Hourly Integrated Load,SYS_FCST_ACT_MW,3.8,2638,ACTUAL,118
2019-12-07T22:00:00-00:00,2019-12-07T23:00:00-00:00,0,2019-12-07,15,0,ACTUAL,SRP,Total Actual Hourly Integrated Load,SYS_FCST_ACT_MW,3.8,2659,ACTUAL,118
2019-12-08T02:00:00-00:00,2019-12-08T03:00:00-00:00,0,2019-12-07,19,0,ACTUAL,SRP,Total Actual Hourly Integrated Load,SYS_FCST_ACT_MW,3.8,2868,ACTUAL,118
2019-12-08T05:00:00-00:00,2019-12-08T06:00:00-00:00,0,2019-12-07,22,0,ACTUAL,SRP,Total Actual Hourly Integrated Load,SYS_FCST_ACT_MW,3.8,2686,ACTUAL,118
2019-12-07T11:00:00-00:00,2019-12-07T12:00:00-00:00,0,2019-12-07,4,0,ACTUAL,SRP,Total Actual Hourly Integrated Load,SYS_FCST_ACT_MW,3.8,2353,ACTUAL,118
2019-12-07T17:00:00-00:00,2019-12-07T18:00:00-00:00,0,2019-12-07,10,0,ACTUAL,SRP,Total Actual Hourly Integrated Load,SYS_FCST_ACT_MW,3.8,2757,ACTUAL,118
2019-12-07T19:00:00-00:00,2019-12-07T20:00:00-00:00,0,2019-12-07,12,0,ACTUAL,SRP,Total Actual Hourly Integrated Load,SYS_FCST_ACT_MW,3.8,2675,ACTUAL,118
2019-12-08T06:00:00-00:00,2019-12-08T07:00:00-00:00,0,2019-12-07,23,0,ACTUAL,SRP,Total Actual Hourly Integrated Load,SYS_FCST_ACT_MW,3.8,2531,ACTUAL,118
2019-12-08T07:00:00-00:00,2019-12-08T08:00:00-00:00,0,2019-12-07,24,0,ACTUAL,SRP,Total Actual Hourly Integrated Load,SYS_FCST_ACT_MW,3.8,2403,ACTUAL,118
2019-12-07T21:00:00-00:00,2019-12-07T22:00:00-00:00,0,2019-12-07,14,0,ACTUAL,SRP,Total Actual Hourly Integrated Load,SYS_FCST_ACT_MW,3.8,2624,ACTUAL,118
2019-12-07T23:00:00-00:00,2019-12-08T00:00:00-00:00,0,2019-12-07,16,0,ACTUAL,SRP,Total Actual Hourly Integrated Load,SYS_FCST_ACT_MW,3.8,2718,ACTUAL,118
2019-12-08T01:00:00-00:00,2019-12-08T02:00:00-00:00,0,2019-12-07,18,0,ACTUAL,SRP,Total Actual Hourly Integrated Load,SYS_FCST_ACT_MW,3.8,2929,ACTUAL,118
2019-12-07T14:00:00-00:00,2019-12-07T15:00:00-00:00,0,2019-12-07,7,0,ACTUAL,SRP,Total Actual Hourly Integrated Load,SYS_FCST_ACT_MW,3.8,2677,ACTUAL,118
2019-12-08T03:00:00-00:00,2019-12-08T04:00:00-00:00,0,2019-12-07,20,0,ACTUAL,SRP,Total Actual Hourly Integrated Load,SYS_FCST_ACT_MW,3.8,2835,ACTUAL,118
2019-12-08T04:00:00-00:00,2019-12-08T05:00:00-00:00,0,2019-12-07,21,0,ACTUAL,SRP,Total Actual Hourly Integrated Load,SYS_FCST_ACT_MW,3.8,2776,ACTUAL,118
2019-12-08T00:00:00-00:00,2019-12-08T01:00:00-00:00,0,2019-12-07,17,0,ACTUAL,SRP,Total Actual Hourly Integrated Load,SYS_FCST_ACT_MW,3.8,2881,ACTUAL,118
2019-12-08T01:00:00-00:00,2019-12-08T02:00:00-00:00,0,2019-12-07,18,0,ACTUAL,VEA-TAC,Total Actual Hourly Integrated Load,SYS_FCST_ACT_MW,3.5,66,ACTUAL,119
2019-12-07T08:00:00-00:00,2019-12-07T09:00:00-00:00,0,2019-12-07,1,0,ACTUAL,VEA-TAC,Total Actual Hourly Integrated Load,SYS_FCST_ACT_MW,3.5,58,ACTUAL,119
2019-12-07T10:00:00-00:00,2019-12-07T11:00:00-00:00,0,2019-12-07,3,0,ACTUAL,VEA-TAC,Total Actual Hourly Integrated Load,SYS_FCST_ACT_MW,3.5,57,ACTUAL,119
2019-12-07T13:00:00-00:00,2019-12-07T14:00:00-00:00,0,2019-12-07,6,0,ACTUAL,VEA-TAC,Total Actual Hourly Integrated Load,SYS_FCST_ACT_MW,3.5,64,ACTUAL,119
2019-12-07T18:00:00-00:00,2019-12-07T19:00:00-00:00,0,2019-12-07,11,0,ACTUAL,VEA-TAC,Total Actual Hourly Integrated Load,SYS_FCST_ACT_MW,3.5,64,ACTUAL,119
2019-12-07T20:00:00-00:00,2019-12-07T21:00:00-00:00,0,2019-12-07,13,0,ACTUAL,VEA-TAC,Total Actual Hourly Integrated Load,SYS_FCST_ACT_MW,3.5,61,ACTUAL,119
2019-12-07T21:00:00-00:00,2019-12-07T22:00:00-00:00,0,2019-12-07,14,0,ACTUAL,VEA-TAC,Total Actual Hourly Integrated Load,SYS_FCST_ACT_MW,3.5,58,ACTUAL,119
2019-12-07T22:00:00-00:00,2019-12-07T23:00:00-00:00,0,2019-12-07,15,0,ACTUAL,VEA-TAC,Total Actual Hourly Integrated Load,SYS_FCST_ACT_MW,3.5,58,ACTUAL,119
2019-12-08T05:00:00-00:00,2019-12-08T06:00:00-00:00,0,2019-12-07,22,0,ACTUAL,VEA-TAC,Total Actual Hourly Integrated Load,SYS_FCST_ACT_MW,3.5,60,ACTUAL,119
2019-12-07T09:00:00-00:00,2019-12-07T10:00:00-00:00,0,2019-12-07,2,0,ACTUAL,VEA-TAC,Total Actual Hourly Integrated Load,SYS_FCST_ACT_MW,3.5,57,ACTUAL,119
2019-12-07T19:00:00-00:00,2019-12-07T20:00:00-00:00,0,2019-12-07,12,0,ACTUAL,VEA-TAC,Total Actual Hourly Integrated Load,SYS_FCST_ACT_MW,3.5,62,ACTUAL,119
2019-12-08T00:00:00-00:00,2019-12-08T01:00:00-00:00,0,2019-12-07,17,0,ACTUAL,VEA-TAC,Total Actual Hourly Integrated Load,SYS_FCST_ACT_MW,3.5,64,ACTUAL,119
2019-12-07T15:00:00-00:00,2019-12-07T16:00:00-00:00,0,2019-12-07,8,0,ACTUAL,VEA-TAC,Total Actual Hourly Integrated Load,SYS_FCST_ACT_MW,3.5,70,ACTUAL,119
2019-12-07T16:00:00-00:00,2019-12-07T17:00:00-00:00,0,2019-12-07,9,0,ACTUAL,VEA-TAC,Total Actual Hourly Integrated Load,SYS_FCST_ACT_MW,3.5,69,ACTUAL,119
2019-12-07T17:00:00-00:00,2019-12-07T18:00:00-00:00,0,2019-12-07,10,0,ACTUAL,VEA-TAC,Total Actual Hourly Integrated Load,SYS_FCST_ACT_MW,3.5,67,ACTUAL,119
2019-12-07T23:00:00-00:00,2019-12-08T00:00:00-00:00,0,2019-12-07,16,0,ACTUAL,VEA-TAC,Total Actual Hourly Integrated Load,SYS_FCST_ACT_MW,3.5,60,ACTUAL,119
2019-12-08T02:00:00-00:00,2019-12-08T03:00:00-00:00,0,2019-12-07,19,0,ACTUAL,VEA-TAC,Total Actual Hourly Integrated Load,SYS_FCST_ACT_MW,3.5,66,ACTUAL,119
2019-12-07T12:00:00-00:00,2019-12-07T13:00:00-00:00,0,2019-12-07,5,0,ACTUAL,VEA-TAC,Total Actual Hourly Integrated Load,SYS_FCST_ACT_MW,3.5,60,ACTUAL,119
2019-12-07T14:00:00-00:00,2019-12-07T15:00:00-00:00,0,2019-12-07,7,0,ACTUAL,VEA-TAC,Total Actual Hourly Integrated Load,SYS_FCST_ACT_MW,3.5,68,ACTUAL,119
2019-12-08T07:00:00-00:00,2019-12-08T08:00:00-00:00,0,2019-12-07,24,0,ACTUAL,VEA-TAC,Total Actual Hourly Integrated Load,SYS_FCST_ACT_MW,3.5,54,ACTUAL,119
2019-12-07T11:00:00-00:00,2019-12-07T12:00:00-00:00,0,2019-12-07,4,0,ACTUAL,VEA-TAC,Total Actual Hourly Integrated Load,SYS_FCST_ACT_MW,3.5,57,ACTUAL,119
2019-12-08T04:00:00-00:00,2019-12-08T05:00:00-00:00,0,2019-12-07,21,0,ACTUAL,VEA-TAC,Total Actual Hourly Integrated Load,SYS_FCST_ACT_MW,3.5,63,ACTUAL,119
2019-12-08T06:00:00-00:00,2019-12-08T07:00:00-00:00,0,2019-12-07,23,0,ACTUAL,VEA-TAC,Total Actual Hourly Integrated Load,SYS_FCST_ACT_MW,3.5,57,ACTUAL,119
2019-12-08T03:00:00-00:00,2019-12-08T04:00:00-00:00,0,2019-12-07,20,0,ACTUAL,VEA-TAC,Total Actual Hourly Integrated Load,SYS_FCST_ACT_MW,3.5,65,ACTUAL,119
2019-12-09T01:00:00-00:00,2019-12-09T02:00:00-00:00,0,2019-12-08,18,0,ACTUAL,AZPS,Total Actual Hourly Integrated Load,SYS_FCST_ACT_MW,3.8,3251,ACTUAL,120
2019-12-08T15:00:00-00:00,2019-12-08T16:00:00-00:00,0,2019-12-08,8,0,ACTUAL,AZPS,Total Actual Hourly Integrated Load,SYS_FCST_ACT_MW,3.8,2771,ACTUAL,120
2019-12-09T00:00:00-00:00,2019-12-09T01:00:00-00:00,0,2019-12-08,17,0,ACTUAL,AZPS,Total Actual Hourly Integrated Load,SYS_FCST_ACT_MW,3.8,3174,ACTUAL,120
2019-12-09T06:00:00-00:00,2019-12-09T07:00:00-00:00,0,2019-12-08,23,0,ACTUAL,AZPS,Total Actual Hourly Integrated Load,SYS_FCST_ACT_MW,3.8,2643,ACTUAL,120
2019-12-08T09:00:00-00:00,2019-12-08T10:00:00-00:00,0,2019-12-08,2,0,ACTUAL,AZPS,Total Actual Hourly Integrated Load,SYS_FCST_ACT_MW,3.8,2401,ACTUAL,120
2019-12-08T16:00:00-00:00,2019-12-08T17:00:00-00:00,0,2019-12-08,9,0,ACTUAL,AZPS,Total Actual Hourly Integrated Load,SYS_FCST_ACT_MW,3.8,2856,ACTUAL,120
2019-12-08T10:00:00-00:00,2019-12-08T11:00:00-00:00,0,2019-12-08,3,0,ACTUAL,AZPS,Total Actual Hourly Integrated Load,SYS_FCST_ACT_MW,3.8,2374,ACTUAL,120
2019-12-08T17:00:00-00:00,2019-12-08T18:00:00-00:00,0,2019-12-08,10,0,ACTUAL,AZPS,Total Actual Hourly Integrated Load,SYS_FCST_ACT_MW,3.8,2877,ACTUAL,120
2019-12-08T20:00:00-00:00,2019-12-08T21:00:00-00:00,0,2019-12-08,13,0,ACTUAL,AZPS,Total Actual Hourly Integrated Load,SYS_FCST_ACT_MW,3.8,2841,ACTUAL,120
2019-12-08T21:00:00-00:00,2019-12-08T22:00:00-00:00,0,2019-12-08,14,0,ACTUAL,AZPS,Total Actual Hourly Integrated Load,SYS_FCST_ACT_MW,3.8,2835,ACTUAL,120
2019-12-09T04:00:00-00:00,2019-12-09T05:00:00-00:00,0,2019-12-08,21,0,ACTUAL,AZPS,Total Actual Hourly Integrated Load,SYS_FCST_ACT_MW,3.8,3032,ACTUAL,120
2019-12-08T12:00:00-00:00,2019-12-08T13:00:00-00:00,0,2019-12-08,5,0,ACTUAL,AZPS,Total Actual Hourly Integrated Load,SYS_FCST_ACT_MW,3.8,2450,ACTUAL,120
2019-12-09T05:00:00-00:00,2019-12-09T06:00:00-00:00,0,2019-12-08,22,0,ACTUAL,AZPS,Total Actual Hourly Integrated Load,SYS_FCST_ACT_MW,3.8,2834,ACTUAL,120
2019-12-08T08:00:00-00:00,2019-12-08T09:00:00-00:00,0,2019-12-08,1,0,ACTUAL,AZPS,Total Actual Hourly Integrated Load,SYS_FCST_ACT_MW,3.8,2450,ACTUAL,120
2019-12-08T13:00:00-00:00,2019-12-08T14:00:00-00:00,0,2019-12-08,6,0,ACTUAL,AZPS,Total Actual Hourly Integrated Load,SYS_FCST_ACT_MW,3.8,2562,ACTUAL,120
2019-12-08T22:00:00-00:00,2019-12-08T23:00:00-00:00,0,2019-12-08,15,0,ACTUAL,AZPS,Total Actual Hourly Integrated Load,SYS_FCST_ACT_MW,3.8,2851,ACTUAL,120
2019-12-09T07:00:00-00:00,2019-12-09T08:00:00-00:00,0,2019-12-08,24,0,ACTUAL,AZPS,Total Actual Hourly Integrated Load,SYS_FCST_ACT_MW,3.8,2539,ACTUAL,120
2019-12-09T02:00:00-00:00,2019-12-09T03:00:00-00:00,0,2019-12-08,19,0,ACTUAL,AZPS,Total Actual Hourly Integrated Load,SYS_FCST_ACT_MW,3.8,3222,ACTUAL,120
2019-12-08T18:00:00-00:00,2019-12-08T19:00:00-00:00,0,2019-12-08,11,0,ACTUAL,AZPS,Total Actual Hourly Integrated Load,SYS_FCST_ACT_MW,3.8,2885,ACTUAL,120
2019-12-08T19:00:00-00:00,2019-12-08T20:00:00-00:00,0,2019-12-08,12,0,ACTUAL,AZPS,Total Actual Hourly Integrated Load,SYS_FCST_ACT_MW,3.8,2843,ACTUAL,120
2019-12-08T23:00:00-00:00,2019-12-09T00:00:00-00:00,0,2019-12-08,16,0,ACTUAL,AZPS,Total Actual Hourly Integrated Load,SYS_FCST_ACT_MW,3.8,2933,ACTUAL,120
2019-12-09T03:00:00-00:00,2019-12-09T04:00:00-00:00,0,2019-12-08,20,0,ACTUAL,AZPS,Total Actual Hourly Integrated Load,SYS_FCST_ACT_MW,3.8,3162,ACTUAL,120
2019-12-08T14:00:00-00:00,2019-12-08T15:00:00-00:00,0,2019-12-08,7,0,ACTUAL,AZPS,Total Actual Hourly Integrated Load,SYS_FCST_ACT_MW,3.8,2684,ACTUAL,120
2019-12-08T11:00:00-00:00,2019-12-08T12:00:00-00:00,0,2019-12-08,4,0,ACTUAL,AZPS,Total Actual Hourly Integrated Load,SYS_FCST_ACT_MW,3.8,2387,ACTUAL,120
2019-12-09T02:00:00-00:00,2019-12-09T03:00:00-00:00,0,2019-12-08,19,0,ACTUAL,BANCSMUD,Total Actual Hourly Integrated Load,SYS_FCST_ACT_MW,3.8,1302,ACTUAL,121
2019-12-08T13:00:00-00:00,2019-12-08T14:00:00-00:00,0,2019-12-08,6,0,ACTUAL,BANCSMUD,Total Actual Hourly Integrated Load,SYS_FCST_ACT_MW,3.8,892,ACTUAL,121
2019-12-08T12:00:00-00:00,2019-12-08T13:00:00-00:00,0,2019-12-08,5,0,ACTUAL,BANCSMUD,Total Actual Hourly Integrated Load,SYS_FCST_ACT_MW,3.8,866,ACTUAL,121
2019-12-08T20:00:00-00:00,2019-12-08T21:00:00-00:00,0,2019-12-08,13,0,ACTUAL,BANCSMUD,Total Actual Hourly Integrated Load,SYS_FCST_ACT_MW,3.8,1121,ACTUAL,121
2019-12-08T08:00:00-00:00,2019-12-08T09:00:00-00:00,0,2019-12-08,1,0,ACTUAL,BANCSMUD,Total Actual Hourly Integrated Load,SYS_FCST_ACT_MW,3.8,950,ACTUAL,121
2019-12-08T23:00:00-00:00,2019-12-09T00:00:00-00:00,0,2019-12-08,16,0,ACTUAL,BANCSMUD,Total Actual Hourly Integrated Load,SYS_FCST_ACT_MW,3.8,1106,ACTUAL,121
2019-12-08T19:00:00-00:00,2019-12-08T20:00:00-00:00,0,2019-12-08,12,0,ACTUAL,BANCSMUD,Total Actual Hourly Integrated Load,SYS_FCST_ACT_MW,3.8,1119,ACTUAL,121
2019-12-08T16:00:00-00:00,2019-12-08T17:00:00-00:00,0,2019-12-08,9,0,ACTUAL,BANCSMUD,Total Actual Hourly Integrated Load,SYS_FCST_ACT_MW,3.8,1035,ACTUAL,121
2019-12-08T15:00:00-00:00,2019-12-08T16:00:00-00:00,0,2019-12-08,8,0,ACTUAL,BANCSMUD,Total Actual Hourly Integrated Load,SYS_FCST_ACT_MW,3.8,985,ACTUAL,121
2019-12-08T11:00:00-00:00,2019-12-08T12:00:00-00:00,0,2019-12-08,4,0,ACTUAL,BANCSMUD,Total Actual Hourly Integrated Load,SYS_FCST_ACT_MW,3.8,861,ACTUAL,121
2019-12-09T07:00:00-00:00,2019-12-09T08:00:00-00:00,0,2019-12-08,24,0,ACTUAL,BANCSMUD,Total Actual Hourly Integrated Load,SYS_FCST_ACT_MW,3.8,1006,ACTUAL,121
2019-12-09T04:00:00-00:00,2019-12-09T05:00:00-00:00,0,2019-12-08,21,0,ACTUAL,BANCSMUD,Total Actual Hourly Integrated Load,SYS_FCST_ACT_MW,3.8,1257,ACTUAL,121
2019-12-09T03:00:00-00:00,2019-12-09T04:00:00-00:00,0,2019-12-08,20,0,ACTUAL,BANCSMUD,Total Actual Hourly Integrated Load,SYS_FCST_ACT_MW,3.8,1288,ACTUAL,121
2019-12-08T22:00:00-00:00,2019-12-08T23:00:00-00:00,0,2019-12-08,15,0,ACTUAL,BANCSMUD,Total Actual Hourly Integrated Load,SYS_FCST_ACT_MW,3.8,1088,ACTUAL,121
2019-12-08T18:00:00-00:00,2019-12-08T19:00:00-00:00,0,2019-12-08,11,0,ACTUAL,BANCSMUD,Total Actual Hourly Integrated Load,SYS_FCST_ACT_MW,3.8,1115,ACTUAL,121
2019-12-08T17:00:00-00:00,2019-12-08T18:00:00-00:00,0,2019-12-08,10,0,ACTUAL,BANCSMUD,Total Actual Hourly Integrated Load,SYS_FCST_ACT_MW,3.8,1091,ACTUAL,121
2019-12-08T21:00:00-00:00,2019-12-08T22:00:00-00:00,0,2019-12-08,14,0,ACTUAL,BANCSMUD,Total Actual Hourly Integrated Load,SYS_FCST_ACT_MW,3.8,1093,ACTUAL,121
2019-12-08T14:00:00-00:00,2019-12-08T15:00:00-00:00,0,2019-12-08,7,0,ACTUAL,BANCSMUD,Total Actual Hourly Integrated Load,SYS_FCST_ACT_MW,3.8,937,ACTUAL,121
2019-12-08T09:00:00-00:00,2019-12-08T10:00:00-00:00,0,2019-12-08,2,0,ACTUAL,BANCSMUD,Total Actual Hourly Integrated Load,SYS_FCST_ACT_MW,3.8,906,ACTUAL,121
2019-12-09T00:00:00-00:00,2019-12-09T01:00:00-00:00,0,2019-12-08,17,0,ACTUAL,BANCSMUD,Total Actual Hourly Integrated Load,SYS_FCST_ACT_MW,3.8,1177,ACTUAL,121
2019-12-09T06:00:00-00:00,2019-12-09T07:00:00-00:00,0,2019-12-08,23,0,ACTUAL,BANCSMUD,Total Actual Hourly Integrated Load,SYS_FCST_ACT_MW,3.8,1100,ACTUAL,121
2019-12-08T10:00:00-00:00,2019-12-08T11:00:00-00:00,0,2019-12-08,3,0,ACTUAL,BANCSMUD,Total Actual Hourly Integrated Load,SYS_FCST_ACT_MW,3.8,876,ACTUAL,121
2019-12-09T05:00:00-00:00,2019-12-09T06:00:00-00:00,0,2019-12-08,22,0,ACTUAL,BANCSMUD,Total Actual Hourly Integrated Load,SYS_FCST_ACT_MW,3.8,1196,ACTUAL,121
2019-12-09T01:00:00-00:00,2019-12-09T02:00:00-00:00,0,2019-12-08,18,0,ACTUAL,BANCSMUD,Total Actual Hourly Integrated Load,SYS_FCST_ACT_MW,3.8,1294,ACTUAL,121
2019-12-08T09:00:00-00:00,2019-12-08T10:00:00-00:00,0,2019-12-08,2,0,ACTUAL,BCHA,Total Actual Hourly Integrated Load,SYS_FCST_ACT_MW,3.8,6640,ACTUAL,122
2019-12-08T20:00:00-00:00,2019-12-08T21:00:00-00:00,0,2019-12-08,13,0,ACTUAL,BCHA,Total Actual Hourly Integrated Load,SYS_FCST_ACT_MW,3.8,8050,ACTUAL,122
2019-12-08T08:00:00-00:00,2019-12-08T09:00:00-00:00,0,2019-12-08,1,0,ACTUAL,BCHA,Total Actual Hourly Integrated Load,SYS_FCST_ACT_MW,3.8,6851,ACTUAL,122
2019-12-08T16:00:00-00:00,2019-12-08T17:00:00-00:00,0,2019-12-08,9,0,ACTUAL,BCHA,Total Actual Hourly Integrated Load,SYS_FCST_ACT_MW,3.8,7746,ACTUAL,122
2019-12-08T15:00:00-00:00,2019-12-08T16:00:00-00:00,0,2019-12-08,8,0,ACTUAL,BCHA,Total Actual Hourly Integrated Load,SYS_FCST_ACT_MW,3.8,7357,ACTUAL,122
2019-12-09T05:00:00-00:00,2019-12-09T06:00:00-00:00,0,2019-12-08,22,0,ACTUAL,BCHA,Total Actual Hourly Integrated Load,SYS_FCST_ACT_MW,3.8,8113,ACTUAL,122
2019-12-08T14:00:00-00:00,2019-12-08T15:00:00-00:00,0,2019-12-08,7,0,ACTUAL,BCHA,Total Actual Hourly Integrated Load,SYS_FCST_ACT_MW,3.8,6927,ACTUAL,122
2019-12-09T03:00:00-00:00,2019-12-09T04:00:00-00:00,0,2019-12-08,20,0,ACTUAL,BCHA,Total Actual Hourly Integrated Load,SYS_FCST_ACT_MW,3.8,8661,ACTUAL,122
2019-12-08T12:00:00-00:00,2019-12-08T13:00:00-00:00,0,2019-12-08,5,0,ACTUAL,BCHA,Total Actual Hourly Integrated Load,SYS_FCST_ACT_MW,3.8,6517,ACTUAL,122
2019-12-08T11:00:00-00:00,2019-12-08T12:00:00-00:00,0,2019-12-08,4,0,ACTUAL,BCHA,Total Actual Hourly Integrated Load,SYS_FCST_ACT_MW,3.8,6487,ACTUAL,122
2019-12-08T13:00:00-00:00,2019-12-08T14:00:00-00:00,0,2019-12-08,6,0,ACTUAL,BCHA,Total Actual Hourly Integrated Load,SYS_FCST_ACT_MW,3.8,6653,ACTUAL,122
2019-12-08T10:00:00-00:00,2019-12-08T11:00:00-00:00,0,2019-12-08,3,0,ACTUAL,BCHA,Total Actual Hourly Integrated Load,SYS_FCST_ACT_MW,3.8,6542,ACTUAL,122
2019-12-09T07:00:00-00:00,2019-12-09T08:00:00-00:00,0,2019-12-08,24,0,ACTUAL,BCHA,Total Actual Hourly Integrated Load,SYS_FCST_ACT_MW,3.8,7149,ACTUAL,122
2019-12-09T04:00:00-00:00,2019-12-09T05:00:00-00:00,0,2019-12-08,21,0,ACTUAL,BCHA,Total Actual Hourly Integrated Load,SYS_FCST_ACT_MW,3.8,8466,ACTUAL,122
2019-12-09T00:00:00-00:00,2019-12-09T01:00:00-00:00,0,2019-12-08,17,0,ACTUAL,BCHA,Total Actual Hourly Integrated Load,SYS_FCST_ACT_MW,3.8,8732,ACTUAL,122
2019-12-08T19:00:00-00:00,2019-12-08T20:00:00-00:00,0,2019-12-08,12,0,ACTUAL,BCHA,Total Actual Hourly Integrated Load,SYS_FCST_ACT_MW,3.8,8108,ACTUAL,122
2019-12-08T17:00:00-00:00,2019-12-08T18:00:00-00:00,0,2019-12-08,10,0,ACTUAL,BCHA,Total Actual Hourly Integrated Load,SYS_FCST_ACT_MW,3.8,8025,ACTUAL,122
2019-12-09T01:00:00-00:00,2019-12-09T02:00:00-00:00,0,2019-12-08,18,0,ACTUAL,BCHA,Total Actual Hourly Integrated Load,SYS_FCST_ACT_MW,3.8,9010,ACTUAL,122
2019-12-08T23:00:00-00:00,2019-12-09T00:00:00-00:00,0,2019-12-08,16,0,ACTUAL,BCHA,Total Actual Hourly Integrated Load,SYS_FCST_ACT_MW,3.8,8164,ACTUAL,122
2019-12-08T18:00:00-00:00,2019-12-08T19:00:00-00:00,0,2019-12-08,11,0,ACTUAL,BCHA,Total Actual Hourly Integrated Load,SYS_FCST_ACT_MW,3.8,8136,ACTUAL,122
2019-12-09T06:00:00-00:00,2019-12-09T07:00:00-00:00,0,2019-12-08,23,0,ACTUAL,BCHA,Total Actual Hourly Integrated Load,SYS_FCST_ACT_MW,3.8,7583,ACTUAL,122
2019-12-09T02:00:00-00:00,2019-12-09T03:00:00-00:00,0,2019-12-08,19,0,ACTUAL,BCHA,Total Actual Hourly Integrated Load,SYS_FCST_ACT_MW,3.8,8865,ACTUAL,122
2019-12-08T22:00:00-00:00,2019-12-08T23:00:00-00:00,0,2019-12-08,15,0,ACTUAL,BCHA,Total Actual Hourly Integrated Load,SYS_FCST_ACT_MW,3.8,7968,ACTUAL,122
2019-12-08T21:00:00-00:00,2019-12-08T22:00:00-00:00,0,2019-12-08,14,0,ACTUAL,BCHA,Total Actual Hourly Integrated Load,SYS_FCST_ACT_MW,3.8,7988,ACTUAL,122
2019-12-08T08:00:00-00:00,2019-12-08T09:00:00-00:00,0,2019-12-08,1,0,ACTUAL,CA ISO-TAC,Total Actual Hourly Integrated Load,SYS_FCST_ACT_MW,3,21202,ACTUAL,123
2019-12-08T16:00:00-00:00,2019-12-08T17:00:00-00:00,0,2019-12-08,9,0,ACTUAL,CA ISO-TAC,Total Actual Hourly Integrated Load,SYS_FCST_ACT_MW,3,21208,ACTUAL,123
2019-12-08T19:00:00-00:00,2019-12-08T20:00:00-00:00,0,2019-12-08,12,0,ACTUAL,CA ISO-TAC,Total Actual Hourly Integrated Load,SYS_FCST_ACT_MW,3,21271,ACTUAL,123
2019-12-08T21:00:00-00:00,2019-12-08T22:00:00-00:00,0,2019-12-08,14,0,ACTUAL,CA ISO-TAC,Total Actual Hourly Integrated Load,SYS_FCST_ACT_MW,3,21568,ACTUAL,123
2019-12-09T02:00:00-00:00,2019-12-09T03:00:00-00:00,0,2019-12-08,19,0,ACTUAL,CA ISO-TAC,Total Actual Hourly Integrated Load,SYS_FCST_ACT_MW,3,26935,ACTUAL,123
2019-12-08T15:00:00-00:00,2019-12-08T16:00:00-00:00,0,2019-12-08,8,0,ACTUAL,CA ISO-TAC,Total Actual Hourly Integrated Load,SYS_FCST_ACT_MW,3,20986,ACTUAL,123
2019-12-08T11:00:00-00:00,2019-12-08T12:00:00-00:00,0,2019-12-08,4,0,ACTUAL,CA ISO-TAC,Total Actual Hourly Integrated Load,SYS_FCST_ACT_MW,3,19405,ACTUAL,123
2019-12-08T17:00:00-00:00,2019-12-08T18:00:00-00:00,0,2019-12-08,10,0,ACTUAL,CA ISO-TAC,Total Actual Hourly Integrated Load,SYS_FCST_ACT_MW,3,21439,ACTUAL,123
2019-12-08T09:00:00-00:00,2019-12-08T10:00:00-00:00,0,2019-12-08,2,0,ACTUAL,CA ISO-TAC,Total Actual Hourly Integrated Load,SYS_FCST_ACT_MW,3,20353,ACTUAL,123
2019-12-08T13:00:00-00:00,2019-12-08T14:00:00-00:00,0,2019-12-08,6,0,ACTUAL,CA ISO-TAC,Total Actual Hourly Integrated Load,SYS_FCST_ACT_MW,3,19833,ACTUAL,123
2019-12-09T06:00:00-00:00,2019-12-09T07:00:00-00:00,0,2019-12-08,23,0,ACTUAL,CA ISO-TAC,Total Actual Hourly Integrated Load,SYS_FCST_ACT_MW,3,23098,ACTUAL,123
2019-12-08T14:00:00-00:00,2019-12-08T15:00:00-00:00,0,2019-12-08,7,0,ACTUAL,CA ISO-TAC,Total Actual Hourly Integrated Load,SYS_FCST_ACT_MW,3,20391,ACTUAL,123
2019-12-08T22:00:00-00:00,2019-12-08T23:00:00-00:00,0,2019-12-08,15,0,ACTUAL,CA ISO-TAC,Total Actual Hourly Integrated Load,SYS_FCST_ACT_MW,3,21910,ACTUAL,123
2019-12-08T20:00:00-00:00,2019-12-08T21:00:00-00:00,0,2019-12-08,13,0,ACTUAL,CA ISO-TAC,Total Actual Hourly Integrated Load,SYS_FCST_ACT_MW,3,21239,ACTUAL,123
2019-12-08T23:00:00-00:00,2019-12-09T00:00:00-00:00,0,2019-12-08,16,0,ACTUAL,CA ISO-TAC,Total Actual Hourly Integrated Load,SYS_FCST_ACT_MW,3,22665,ACTUAL,123
2019-12-09T00:00:00-00:00,2019-12-09T01:00:00-00:00,0,2019-12-08,17,0,ACTUAL,CA ISO-TAC,Total Actual Hourly Integrated Load,SYS_FCST_ACT_MW,3,24449,ACTUAL,123
2019-12-09T04:00:00-00:00,2019-12-09T05:00:00-00:00,0,2019-12-08,21,0,ACTUAL,CA ISO-TAC,Total Actual Hourly Integrated Load,SYS_FCST_ACT_MW,3,26001,ACTUAL,123
2019-12-08T10:00:00-00:00,2019-12-08T11:00:00-00:00,0,2019-12-08,3,0,ACTUAL,CA ISO-TAC,Total Actual Hourly Integrated Load,SYS_FCST_ACT_MW,3,19753,ACTUAL,123
2019-12-08T12:00:00-00:00,2019-12-08T13:00:00-00:00,0,2019-12-08,5,0,ACTUAL,CA ISO-TAC,Total Actual Hourly Integrated Load,SYS_FCST_ACT_MW,3,19410,ACTUAL,123
2019-12-09T01:00:00-00:00,2019-12-09T02:00:00-00:00,0,2019-12-08,18,0,ACTUAL,CA ISO-TAC,Total Actual Hourly Integrated Load,SYS_FCST_ACT_MW,3,26742,ACTUAL,123
2019-12-09T03:00:00-00:00,2019-12-09T04:00:00-00:00,0,2019-12-08,20,0,ACTUAL,CA ISO-TAC,Total Actual Hourly Integrated Load,SYS_FCST_ACT_MW,3,26601,ACTUAL,123
2019-12-09T05:00:00-00:00,2019-12-09T06:00:00-00:00,0,2019-12-08,22,0,ACTUAL,CA ISO-TAC,Total Actual Hourly Integrated Load,SYS_FCST_ACT_MW,3,24838,ACTUAL,123
2019-12-09T07:00:00-00:00,2019-12-09T08:00:00-00:00,0,2019-12-08,24,0,ACTUAL,CA ISO-TAC,Total Actual Hourly Integrated Load,SYS_FCST_ACT_MW,3,21494,ACTUAL,123
2019-12-08T18:00:00-00:00,2019-12-08T19:00:00-00:00,0,2019-12-08,11,0,ACTUAL,CA ISO-TAC,Total Actual Hourly Integrated Load,SYS_FCST_ACT_MW,3,21430,ACTUAL,123
2019-12-08T12:00:00-00:00,2019-12-08T13:00:00-00:00,0,2019-12-08,5,0,ACTUAL,IPCO,Total Actual Hourly Integrated Load,SYS_FCST_ACT_MW,3.8,1568,ACTUAL,124
2019-12-08T17:00:00-00:00,2019-12-08T18:00:00-00:00,0,2019-12-08,10,0,ACTUAL,IPCO,Total Actual Hourly Integrated Load,SYS_FCST_ACT_MW,3.8,1841,ACTUAL,124
2019-12-09T01:00:00-00:00,2019-12-09T02:00:00-00:00,0,2019-12-08,18,0,ACTUAL,IPCO,Total Actual Hourly Integrated Load,SYS_FCST_ACT_MW,3.8,2020,ACTUAL,124
2019-12-08T18:00:00-00:00,2019-12-08T19:00:00-00:00,0,2019-12-08,11,0,ACTUAL,IPCO,Total Actual Hourly Integrated Load,SYS_FCST_ACT_MW,3.8,1836,ACTUAL,124
2019-12-09T06:00:00-00:00,2019-12-09T07:00:00-00:00,0,2019-12-08,23,0,ACTUAL,IPCO,Total Actual Hourly Integrated Load,SYS_FCST_ACT_MW,3.8,1684,ACTUAL,124
2019-12-08T15:00:00-00:00,2019-12-08T16:00:00-00:00,0,2019-12-08,8,0,ACTUAL,IPCO,Total Actual Hourly Integrated Load,SYS_FCST_ACT_MW,3.8,1811,ACTUAL,124
2019-12-08T23:00:00-00:00,2019-12-09T00:00:00-00:00,0,2019-12-08,16,0,ACTUAL,IPCO,Total Actual Hourly Integrated Load,SYS_FCST_ACT_MW,3.8,1846,ACTUAL,124
2019-12-08T10:00:00-00:00,2019-12-08T11:00:00-00:00,0,2019-12-08,3,0,ACTUAL,IPCO,Total Actual Hourly Integrated Load,SYS_FCST_ACT_MW,3.8,1518,ACTUAL,124
2019-12-08T11:00:00-00:00,2019-12-08T12:00:00-00:00,0,2019-12-08,4,0,ACTUAL,IPCO,Total Actual Hourly Integrated Load,SYS_FCST_ACT_MW,3.8,1529,ACTUAL,124
2019-12-09T07:00:00-00:00,2019-12-09T08:00:00-00:00,0,2019-12-08,24,0,ACTUAL,IPCO,Total Actual Hourly Integrated Load,SYS_FCST_ACT_MW,3.8,1625,ACTUAL,124
2019-12-09T05:00:00-00:00,2019-12-09T06:00:00-00:00,0,2019-12-08,22,0,ACTUAL,IPCO,Total Actual Hourly Integrated Load,SYS_FCST_ACT_MW,3.8,1789,ACTUAL,124
2019-12-08T08:00:00-00:00,2019-12-08T09:00:00-00:00,0,2019-12-08,1,0,ACTUAL,IPCO,Total Actual Hourly Integrated Load,SYS_FCST_ACT_MW,3.8,1542,ACTUAL,124
2019-12-08T20:00:00-00:00,2019-12-08T21:00:00-00:00,0,2019-12-08,13,0,ACTUAL,IPCO,Total Actual Hourly Integrated Load,SYS_FCST_ACT_MW,3.8,1813,ACTUAL,124
2019-12-08T22:00:00-00:00,2019-12-08T23:00:00-00:00,0,2019-12-08,15,0,ACTUAL,IPCO,Total Actual Hourly Integrated Load,SYS_FCST_ACT_MW,3.8,1797,ACTUAL,124
2019-12-09T02:00:00-00:00,2019-12-09T03:00:00-00:00,0,2019-12-08,19,0,ACTUAL,IPCO,Total Actual Hourly Integrated Load,SYS_FCST_ACT_MW,3.8,2004,ACTUAL,124
2019-12-08T13:00:00-00:00,2019-12-08T14:00:00-00:00,0,2019-12-08,6,0,ACTUAL,IPCO,Total Actual Hourly Integrated Load,SYS_FCST_ACT_MW,3.8,1636,ACTUAL,124
2019-12-08T14:00:00-00:00,2019-12-08T15:00:00-00:00,0,2019-12-08,7,0,ACTUAL,IPCO,Total Actual Hourly Integrated Load,SYS_FCST_ACT_MW,3.8,1729,ACTUAL,124
2019-12-09T00:00:00-00:00,2019-12-09T01:00:00-00:00,0,2019-12-08,17,0,ACTUAL,IPCO,Total Actual Hourly Integrated Load,SYS_FCST_ACT_MW,3.8,1979,ACTUAL,124
2019-12-08T09:00:00-00:00,2019-12-08T10:00:00-00:00,0,2019-12-08,2,0,ACTUAL,IPCO,Total Actual Hourly Integrated Load,SYS_FCST_ACT_MW,3.8,1522,ACTUAL,124
2019-12-08T16:00:00-00:00,2019-12-08T17:00:00-00:00,0,2019-12-08,9,0,ACTUAL,IPCO,Total Actual Hourly Integrated Load,SYS_FCST_ACT_MW,3.8,1842,ACTUAL,124
2019-12-08T21:00:00-00:00,2019-12-08T22:00:00-00:00,0,2019-12-08,14,0,ACTUAL,IPCO,Total Actual Hourly Integrated Load,SYS_FCST_ACT_MW,3.8,1796,ACTUAL,124
2019-12-09T03:00:00-00:00,2019-12-09T04:00:00-00:00,0,2019-12-08,20,0,ACTUAL,IPCO,Total Actual Hourly Integrated Load,SYS_FCST_ACT_MW,3.8,1975,ACTUAL,124
2019-12-09T04:00:00-00:00,2019-12-09T05:00:00-00:00,0,2019-12-08,21,0,ACTUAL,IPCO,Total Actual Hourly Integrated Load,SYS_FCST_ACT_MW,3.8,1900,ACTUAL,124
2019-12-08T19:00:00-00:00,2019-12-08T20:00:00-00:00,0,2019-12-08,12,0,ACTUAL,IPCO,Total Actual Hourly Integrated Load,SYS_FCST_ACT_MW,3.8,1822,ACTUAL,124
2019-12-08T22:00:00-00:00,2019-12-08T23:00:00-00:00,0,2019-12-08,15,0,ACTUAL,MWD-TAC,Total Actual Hourly Integrated Load,SYS_FCST_ACT_MW,3.3,97,ACTUAL,125
2019-12-08T12:00:00-00:00,2019-12-08T13:00:00-00:00,0,2019-12-08,5,0,ACTUAL,MWD-TAC,Total Actual Hourly Integrated Load,SYS_FCST_ACT_MW,3.3,96,ACTUAL,125
2019-12-09T07:00:00-00:00,2019-12-09T08:00:00-00:00,0,2019-12-08,24,0,ACTUAL,MWD-TAC,Total Actual Hourly Integrated Load,SYS_FCST_ACT_MW,3.3,97,ACTUAL,125
2019-12-08T14:00:00-00:00,2019-12-08T15:00:00-00:00,0,2019-12-08,7,0,ACTUAL,MWD-TAC,Total Actual Hourly Integrated Load,SYS_FCST_ACT_MW,3.3,96,ACTUAL,125
2019-12-08T16:00:00-00:00,2019-12-08T17:00:00-00:00,0,2019-12-08,9,0,ACTUAL,MWD-TAC,Total Actual Hourly Integrated Load,SYS_FCST_ACT_MW,3.3,96,ACTUAL,125
2019-12-09T01:00:00-00:00,2019-12-09T02:00:00-00:00,0,2019-12-08,18,0,ACTUAL,MWD-TAC,Total Actual Hourly Integrated Load,SYS_FCST_ACT_MW,3.3,97,ACTUAL,125
2019-12-09T02:00:00-00:00,2019-12-09T03:00:00-00:00,0,2019-12-08,19,0,ACTUAL,MWD-TAC,Total Actual Hourly Integrated Load,SYS_FCST_ACT_MW,3.3,97,ACTUAL,125
2019-12-08T18:00:00-00:00,2019-12-08T19:00:00-00:00,0,2019-12-08,11,0,ACTUAL,MWD-TAC,Total Actual Hourly Integrated Load,SYS_FCST_ACT_MW,3.3,98,ACTUAL,125
2019-12-08T09:00:00-00:00,2019-12-08T10:00:00-00:00,0,2019-12-08,2,0,ACTUAL,MWD-TAC,Total Actual Hourly Integrated Load,SYS_FCST_ACT_MW,3.3,96,ACTUAL,125
2019-12-08T15:00:00-00:00,2019-12-08T16:00:00-00:00,0,2019-12-08,8,0,ACTUAL,MWD-TAC,Total Actual Hourly Integrated Load,SYS_FCST_ACT_MW,3.3,97,ACTUAL,125
2019-12-08T17:00:00-00:00,2019-12-08T18:00:00-00:00,0,2019-12-08,10,0,ACTUAL,MWD-TAC,Total Actual Hourly Integrated Load,SYS_FCST_ACT_MW,3.3,97,ACTUAL,125
2019-12-09T03:00:00-00:00,2019-12-09T04:00:00-00:00,0,2019-12-08,20,0,ACTUAL,MWD-TAC,Total Actual Hourly Integrated Load,SYS_FCST_ACT_MW,3.3,96,ACTUAL,125
2019-12-08T11:00:00-00:00,2019-12-08T12:00:00-00:00,0,2019-12-08,4,0,ACTUAL,MWD-TAC,Total Actual Hourly Integrated Load,SYS_FCST_ACT_MW,3.3,99,ACTUAL,125
2019-12-08T13:00:00-00:00,2019-12-08T14:00:00-00:00,0,2019-12-08,6,0,ACTUAL,MWD-TAC,Total Actual Hourly Integrated Load,SYS_FCST_ACT_MW,3.3,97,ACTUAL,125
2019-12-08T21:00:00-00:00,2019-12-08T22:00:00-00:00,0,2019-12-08,14,0,ACTUAL,MWD-TAC,Total Actual Hourly Integrated Load,SYS_FCST_ACT_MW,3.3,97,ACTUAL,125
2019-12-09T05:00:00-00:00,2019-12-09T06:00:00-00:00,0,2019-12-08,22,0,ACTUAL,MWD-TAC,Total Actual Hourly Integrated Load,SYS_FCST_ACT_MW,3.3,102,ACTUAL,125
2019-12-08T08:00:00-00:00,2019-12-08T09:00:00-00:00,0,2019-12-08,1,0,ACTUAL,MWD-TAC,Total Actual Hourly Integrated Load,SYS_FCST_ACT_MW,3.3,97,ACTUAL,125
2019-12-08T23:00:00-00:00,2019-12-09T00:00:00-00:00,0,2019-12-08,16,0,ACTUAL,MWD-TAC,Total Actual Hourly Integrated Load,SYS_FCST_ACT_MW,3.3,97,ACTUAL,125
2019-12-09T06:00:00-00:00,2019-12-09T07:00:00-00:00,0,2019-12-08,23,0,ACTUAL,MWD-TAC,Total Actual Hourly Integrated Load,SYS_FCST_ACT_MW,3.3,97,ACTUAL,125
2019-12-08T19:00:00-00:00,2019-12-08T20:00:00-00:00,0,2019-12-08,12,0,ACTUAL,MWD-TAC,Total Actual Hourly Integrated Load,SYS_FCST_ACT_MW,3.3,97,ACTUAL,125
2019-12-08T20:00:00-00:00,2019-12-08T21:00:00-00:00,0,2019-12-08,13,0,ACTUAL,MWD-TAC,Total Actual Hourly Integrated Load,SYS_FCST_ACT_MW,3.3,98,ACTUAL,125
2019-12-09T00:00:00-00:00,2019-12-09T01:00:00-00:00,0,2019-12-08,17,0,ACTUAL,MWD-TAC,Total Actual Hourly Integrated Load,SYS_FCST_ACT_MW,3.3,98,ACTUAL,125
2019-12-08T10:00:00-00:00,2019-12-08T11:00:00-00:00,0,2019-12-08,3,0,ACTUAL,MWD-TAC,Total Actual Hourly Integrated Load,SYS_FCST_ACT_MW,3.3,97,ACTUAL,125
2019-12-09T04:00:00-00:00,2019-12-09T05:00:00-00:00,0,2019-12-08,21,0,ACTUAL,MWD-TAC,Total Actual Hourly Integrated Load,SYS_FCST_ACT_MW,3.3,96,ACTUAL,125
2019-12-08T09:00:00-00:00,2019-12-08T10:00:00-00:00,0,2019-12-08,2,0,ACTUAL,NEVP,Total Actual Hourly Integrated Load,SYS_FCST_ACT_MW,3.8,3395,ACTUAL,126
2019-12-09T05:00:00-00:00,2019-12-09T06:00:00-00:00,0,2019-12-08,22,0,ACTUAL,NEVP,Total Actual Hourly Integrated Load,SYS_FCST_ACT_MW,3.8,3872,ACTUAL,126
2019-12-08T21:00:00-00:00,2019-12-08T22:00:00-00:00,0,2019-12-08,14,0,ACTUAL,NEVP,Total Actual Hourly Integrated Load,SYS_FCST_ACT_MW,3.8,3557,ACTUAL,126
2019-12-09T02:00:00-00:00,2019-12-09T03:00:00-00:00,0,2019-12-08,19,0,ACTUAL,NEVP,Total Actual Hourly Integrated Load,SYS_FCST_ACT_MW,3.8,4141,ACTUAL,126
2019-12-08T15:00:00-00:00,2019-12-08T16:00:00-00:00,0,2019-12-08,8,0,ACTUAL,NEVP,Total Actual Hourly Integrated Load,SYS_FCST_ACT_MW,3.8,3475,ACTUAL,126
2019-12-08T22:00:00-00:00,2019-12-08T23:00:00-00:00,0,2019-12-08,15,0,ACTUAL,NEVP,Total Actual Hourly Integrated Load,SYS_FCST_ACT_MW,3.8,3595,ACTUAL,126
2019-12-08T23:00:00-00:00,2019-12-09T00:00:00-00:00,0,2019-12-08,16,0,ACTUAL,NEVP,Total Actual Hourly Integrated Load,SYS_FCST_ACT_MW,3.8,3694,ACTUAL,126
2019-12-09T03:00:00-00:00,2019-12-09T04:00:00-00:00,0,2019-12-08,20,0,ACTUAL,NEVP,Total Actual Hourly Integrated Load,SYS_FCST_ACT_MW,3.8,4093,ACTUAL,126
2019-12-08T16:00:00-00:00,2019-12-08T17:00:00-00:00,0,2019-12-08,9,0,ACTUAL,NEVP,Total Actual Hourly Integrated Load,SYS_FCST_ACT_MW,3.8,3554,ACTUAL,126
2019-12-08T17:00:00-00:00,2019-12-08T18:00:00-00:00,0,2019-12-08,10,0,ACTUAL,NEVP,Total Actual Hourly Integrated Load,SYS_FCST_ACT_MW,3.8,3603,ACTUAL,126
2019-12-08T20:00:00-00:00,2019-12-08T21:00:00-00:00,0,2019-12-08,13,0,ACTUAL,NEVP,Total Actual Hourly Integrated Load,SYS_FCST_ACT_MW,3.8,3547,ACTUAL,126
2019-12-08T08:00:00-00:00,2019-12-08T09:00:00-00:00,0,2019-12-08,1,0,ACTUAL,NEVP,Total Actual Hourly Integrated Load,SYS_FCST_ACT_MW,3.8,3478,ACTUAL,126
2019-12-08T10:00:00-00:00,2019-12-08T11:00:00-00:00,0,2019-12-08,3,0,ACTUAL,NEVP,Total Actual Hourly Integrated Load,SYS_FCST_ACT_MW,3.8,3344,ACTUAL,126
2019-12-09T04:00:00-00:00,2019-12-09T05:00:00-00:00,0,2019-12-08,21,0,ACTUAL,NEVP,Total Actual Hourly Integrated Load,SYS_FCST_ACT_MW,3.8,4017,ACTUAL,126
2019-12-08T11:00:00-00:00,2019-12-08T12:00:00-00:00,0,2019-12-08,4,0,ACTUAL,NEVP,Total Actual Hourly Integrated Load,SYS_FCST_ACT_MW,3.8,3315,ACTUAL,126
2019-12-09T01:00:00-00:00,2019-12-09T02:00:00-00:00,0,2019-12-08,18,0,ACTUAL,NEVP,Total Actual Hourly Integrated Load,SYS_FCST_ACT_MW,3.8,4155,ACTUAL,126
2019-12-09T07:00:00-00:00,2019-12-09T08:00:00-00:00,0,2019-12-08,24,0,ACTUAL,NEVP,Total Actual Hourly Integrated Load,SYS_FCST_ACT_MW,3.8,3526,ACTUAL,126
2019-12-08T19:00:00-00:00,2019-12-08T20:00:00-00:00,0,2019-12-08,12,0,ACTUAL,NEVP,Total Actual Hourly Integrated Load,SYS_FCST_ACT_MW,3.8,3602,ACTUAL,126
2019-12-09T06:00:00-00:00,2019-12-09T07:00:00-00:00,0,2019-12-08,23,0,ACTUAL,NEVP,Total Actual Hourly Integrated Load,SYS_FCST_ACT_MW,3.8,3701,ACTUAL,126
2019-12-08T12:00:00-00:00,2019-12-08T13:00:00-00:00,0,2019-12-08,5,0,ACTUAL,NEVP,Total Actual Hourly Integrated Load,SYS_FCST_ACT_MW,3.8,3328,ACTUAL,126
2019-12-08T14:00:00-00:00,2019-12-08T15:00:00-00:00,0,2019-12-08,7,0,ACTUAL,NEVP,Total Actual Hourly Integrated Load,SYS_FCST_ACT_MW,3.8,3457,ACTUAL,126
2019-12-08T18:00:00-00:00,2019-12-08T19:00:00-00:00,0,2019-12-08,11,0,ACTUAL,NEVP,Total Actual Hourly Integrated Load,SYS_FCST_ACT_MW,3.8,3650,ACTUAL,126
2019-12-09T00:00:00-00:00,2019-12-09T01:00:00-00:00,0,2019-12-08,17,0,ACTUAL,NEVP,Total Actual Hourly Integrated Load,SYS_FCST_ACT_MW,3.8,3949,ACTUAL,126
2019-12-08T13:00:00-00:00,2019-12-08T14:00:00-00:00,0,2019-12-08,6,0,ACTUAL,NEVP,Total Actual Hourly Integrated Load,SYS_FCST_ACT_MW,3.8,3380,ACTUAL,126
2019-12-09T00:00:00-00:00,2019-12-09T01:00:00-00:00,0,2019-12-08,17,0,ACTUAL,PACE,Total Actual Hourly Integrated Load,SYS_FCST_ACT_MW,3.8,5895,ACTUAL,127
2019-12-09T06:00:00-00:00,2019-12-09T07:00:00-00:00,0,2019-12-08,23,0,ACTUAL,PACE,Total Actual Hourly Integrated Load,SYS_FCST_ACT_MW,3.8,4984,ACTUAL,127
2019-12-08T21:00:00-00:00,2019-12-08T22:00:00-00:00,0,2019-12-08,14,0,ACTUAL,PACE,Total Actual Hourly Integrated Load,SYS_FCST_ACT_MW,3.8,5351,ACTUAL,127
2019-12-09T02:00:00-00:00,2019-12-09T03:00:00-00:00,0,2019-12-08,19,0,ACTUAL,PACE,Total Actual Hourly Integrated Load,SYS_FCST_ACT_MW,3.8,5826,ACTUAL,127
2019-12-08T20:00:00-00:00,2019-12-08T21:00:00-00:00,0,2019-12-08,13,0,ACTUAL,PACE,Total Actual Hourly Integrated Load,SYS_FCST_ACT_MW,3.8,5328,ACTUAL,127
2019-12-09T03:00:00-00:00,2019-12-09T04:00:00-00:00,0,2019-12-08,20,0,ACTUAL,PACE,Total Actual Hourly Integrated Load,SYS_FCST_ACT_MW,3.8,5747,ACTUAL,127
2019-12-08T09:00:00-00:00,2019-12-08T10:00:00-00:00,0,2019-12-08,2,0,ACTUAL,PACE,Total Actual Hourly Integrated Load,SYS_FCST_ACT_MW,3.8,4642,ACTUAL,127
2019-12-08T10:00:00-00:00,2019-12-08T11:00:00-00:00,0,2019-12-08,3,0,ACTUAL,PACE,Total Actual Hourly Integrated Load,SYS_FCST_ACT_MW,3.8,4625,ACTUAL,127
2019-12-08T12:00:00-00:00,2019-12-08T13:00:00-00:00,0,2019-12-08,5,0,ACTUAL,PACE,Total Actual Hourly Integrated Load,SYS_FCST_ACT_MW,3.8,4693,ACTUAL,127
2019-12-08T14:00:00-00:00,2019-12-08T15:00:00-00:00,0,2019-12-08,7,0,ACTUAL,PACE,Total Actual Hourly Integrated Load,SYS_FCST_ACT_MW,3.8,5018,ACTUAL,127
2019-12-09T04:00:00-00:00,2019-12-09T05:00:00-00:00,0,2019-12-08,21,0,ACTUAL,PACE,Total Actual Hourly Integrated Load,SYS_FCST_ACT_MW,3.8,5553,ACTUAL,127
2019-12-09T05:00:00-00:00,2019-12-09T06:00:00-00:00,0,2019-12-08,22,0,ACTUAL,PACE,Total Actual Hourly Integrated Load,SYS_FCST_ACT_MW,3.8,5265,ACTUAL,127
2019-12-09T07:00:00-00:00,2019-12-09T08:00:00-00:00,0,2019-12-08,24,0,ACTUAL,PACE,Total Actual Hourly Integrated Load,SYS_FCST_ACT_MW,3.8,4812,ACTUAL,127
2019-12-08T11:00:00-00:00,2019-12-08T12:00:00-00:00,0,2019-12-08,4,0,ACTUAL,PACE,Total Actual Hourly Integrated Load,SYS_FCST_ACT_MW,3.8,4638,ACTUAL,127
2019-12-08T16:00:00-00:00,2019-12-08T17:00:00-00:00,0,2019-12-08,9,0,ACTUAL,PACE,Total Actual Hourly Integrated Load,SYS_FCST_ACT_MW,3.8,5272,ACTUAL,127
2019-12-08T19:00:00-00:00,2019-12-08T20:00:00-00:00,0,2019-12-08,12,0,ACTUAL,PACE,Total Actual Hourly Integrated Load,SYS_FCST_ACT_MW,3.8,5284,ACTUAL,127
2019-12-08T22:00:00-00:00,2019-12-08T23:00:00-00:00,0,2019-12-08,15,0,ACTUAL,PACE,Total Actual Hourly Integrated Load,SYS_FCST_ACT_MW,3.8,5394,ACTUAL,127
2019-12-08T08:00:00-00:00,2019-12-08T09:00:00-00:00,0,2019-12-08,1,0,ACTUAL,PACE,Total Actual Hourly Integrated Load,SYS_FCST_ACT_MW,3.8,4698,ACTUAL,127
2019-12-08T17:00:00-00:00,2019-12-08T18:00:00-00:00,0,2019-12-08,10,0,ACTUAL,PACE,Total Actual Hourly Integrated Load,SYS_FCST_ACT_MW,3.8,5254,ACTUAL,127
2019-12-08T18:00:00-00:00,2019-12-08T19:00:00-00:00,0,2019-12-08,11,0,ACTUAL,PACE,Total Actual Hourly Integrated Load,SYS_FCST_ACT_MW,3.8,5281,ACTUAL,127
2019-12-09T01:00:00-00:00,2019-12-09T02:00:00-00:00,0,2019-12-08,18,0,ACTUAL,PACE,Total Actual Hourly Integrated Load,SYS_FCST_ACT_MW,3.8,5872,ACTUAL,127
2019-12-08T23:00:00-00:00,2019-12-09T00:00:00-00:00,0,2019-12-08,16,0,ACTUAL,PACE,Total Actual Hourly Integrated Load,SYS_FCST_ACT_MW,3.8,5555,ACTUAL,127
2019-12-08T13:00:00-00:00,2019-12-08T14:00:00-00:00,0,2019-12-08,6,0,ACTUAL,PACE,Total Actual Hourly Integrated Load,SYS_FCST_ACT_MW,3.8,4818,ACTUAL,127
2019-12-08T15:00:00-00:00,2019-12-08T16:00:00-00:00,0,2019-12-08,8,0,ACTUAL,PACE,Total Actual Hourly Integrated Load,SYS_FCST_ACT_MW,3.8,5200,ACTUAL,127
2019-12-08T20:00:00-00:00,2019-12-08T21:00:00-00:00,0,2019-12-08,13,0,ACTUAL,PACW,Total Actual Hourly Integrated Load,SYS_FCST_ACT_MW,3.8,2448,ACTUAL,128
2019-12-08T10:00:00-00:00,2019-12-08T11:00:00-00:00,0,2019-12-08,3,0,ACTUAL,PACW,Total Actual Hourly Integrated Load,SYS_FCST_ACT_MW,3.8,1929,ACTUAL,128
2019-12-08T17:00:00-00:00,2019-12-08T18:00:00-00:00,0,2019-12-08,10,0,ACTUAL,PACW,Total Actual Hourly Integrated Load,SYS_FCST_ACT_MW,3.8,2565,ACTUAL,128
2019-12-09T00:00:00-00:00,2019-12-09T01:00:00-00:00,0,2019-12-08,17,0,ACTUAL,PACW,Total Actual Hourly Integrated Load,SYS_FCST_ACT_MW,3.8,2574,ACTUAL,128
2019-12-08T23:00:00-00:00,2019-12-09T00:00:00-00:00,0,2019-12-08,16,0,ACTUAL,PACW,Total Actual Hourly Integrated Load,SYS_FCST_ACT_MW,3.8,2428,ACTUAL,128
2019-12-08T15:00:00-00:00,2019-12-08T16:00:00-00:00,0,2019-12-08,8,0,ACTUAL,PACW,Total Actual Hourly Integrated Load,SYS_FCST_ACT_MW,3.8,2365,ACTUAL,128
2019-12-09T01:00:00-00:00,2019-12-09T02:00:00-00:00,0,2019-12-08,18,0,ACTUAL,PACW,Total Actual Hourly Integrated Load,SYS_FCST_ACT_MW,3.8,2707,ACTUAL,128
2019-12-08T14:00:00-00:00,2019-12-08T15:00:00-00:00,0,2019-12-08,7,0,ACTUAL,PACW,Total Actual Hourly Integrated Load,SYS_FCST_ACT_MW,3.8,2203,ACTUAL,128
2019-12-08T22:00:00-00:00,2019-12-08T23:00:00-00:00,0,2019-12-08,15,0,ACTUAL,PACW,Total Actual Hourly Integrated Load,SYS_FCST_ACT_MW,3.8,2386,ACTUAL,128
2019-12-09T07:00:00-00:00,2019-12-09T08:00:00-00:00,0,2019-12-08,24,0,ACTUAL,PACW,Total Actual Hourly Integrated Load,SYS_FCST_ACT_MW,3.8,2134,ACTUAL,128
2019-12-09T02:00:00-00:00,2019-12-09T03:00:00-00:00,0,2019-12-08,19,0,ACTUAL,PACW,Total Actual Hourly Integrated Load,SYS_FCST_ACT_MW,3.8,2686,ACTUAL,128
2019-12-08T08:00:00-00:00,2019-12-08T09:00:00-00:00,0,2019-12-08,1,0,ACTUAL,PACW,Total Actual Hourly Integrated Load,SYS_FCST_ACT_MW,3.8,2002,ACTUAL,128
2019-12-08T09:00:00-00:00,2019-12-08T10:00:00-00:00,0,2019-12-08,2,0,ACTUAL,PACW,Total Actual Hourly Integrated Load,SYS_FCST_ACT_MW,3.8,1953,ACTUAL,128
2019-12-08T12:00:00-00:00,2019-12-08T13:00:00-00:00,0,2019-12-08,5,0,ACTUAL,PACW,Total Actual Hourly Integrated Load,SYS_FCST_ACT_MW,3.8,1970,ACTUAL,128
2019-12-09T06:00:00-00:00,2019-12-09T07:00:00-00:00,0,2019-12-08,23,0,ACTUAL,PACW,Total Actual Hourly Integrated Load,SYS_FCST_ACT_MW,3.8,2279,ACTUAL,128
2019-12-09T05:00:00-00:00,2019-12-09T06:00:00-00:00,0,2019-12-08,22,0,ACTUAL,PACW,Total Actual Hourly Integrated Load,SYS_FCST_ACT_MW,3.8,2463,ACTUAL,128
2019-12-08T21:00:00-00:00,2019-12-08T22:00:00-00:00,0,2019-12-08,14,0,ACTUAL,PACW,Total Actual Hourly Integrated Load,SYS_FCST_ACT_MW,3.8,2404,ACTUAL,128
2019-12-08T16:00:00-00:00,2019-12-08T17:00:00-00:00,0,2019-12-08,9,0,ACTUAL,PACW,Total Actual Hourly Integrated Load,SYS_FCST_ACT_MW,3.8,2499,ACTUAL,128
2019-12-09T03:00:00-00:00,2019-12-09T04:00:00-00:00,0,2019-12-08,20,0,ACTUAL,PACW,Total Actual Hourly Integrated Load,SYS_FCST_ACT_MW,3.8,2657,ACTUAL,128
2019-12-09T04:00:00-00:00,2019-12-09T05:00:00-00:00,0,2019-12-08,21,0,ACTUAL,PACW,Total Actual Hourly Integrated Load,SYS_FCST_ACT_MW,3.8,2592,ACTUAL,128
2019-12-08T19:00:00-00:00,2019-12-08T20:00:00-00:00,0,2019-12-08,12,0,ACTUAL,PACW,Total Actual Hourly Integrated Load,SYS_FCST_ACT_MW,3.8,2497,ACTUAL,128
2019-12-08T11:00:00-00:00,2019-12-08T12:00:00-00:00,0,2019-12-08,4,0,ACTUAL,PACW,Total Actual Hourly Integrated Load,SYS_FCST_ACT_MW,3.8,1937,ACTUAL,128
2019-12-08T13:00:00-00:00,2019-12-08T14:00:00-00:00,0,2019-12-08,6,0,ACTUAL,PACW,Total Actual Hourly Integrated Load,SYS_FCST_ACT_MW,3.8,2064,ACTUAL,128
2019-12-08T18:00:00-00:00,2019-12-08T19:00:00-00:00,0,2019-12-08,11,0,ACTUAL,PACW,Total Actual Hourly Integrated Load,SYS_FCST_ACT_MW,3.8,2551,ACTUAL,128
2019-12-09T01:00:00-00:00,2019-12-09T02:00:00-00:00,0,2019-12-08,18,0,ACTUAL,PGE,Total Actual Hourly Integrated Load,SYS_FCST_ACT_MW,3.8,2810,ACTUAL,129
2019-12-08T14:00:00-00:00,2019-12-08T15:00:00-00:00,0,2019-12-08,7,0,ACTUAL,PGE,Total Actual Hourly Integrated Load,SYS_FCST_ACT_MW,3.8,2096,ACTUAL,129
2019-12-08T12:00:00-00:00,2019-12-08T13:00:00-00:00,0,2019-12-08,5,0,ACTUAL,PGE,Total Actual Hourly Integrated Load,SYS_FCST_ACT_MW,3.8,1889,ACTUAL,129
2019-12-08T09:00:00-00:00,2019-12-08T10:00:00-00:00,0,2019-12-08,2,0,ACTUAL,PGE,Total Actual Hourly Integrated Load,SYS_FCST_ACT_MW,3.8,1930,ACTUAL,129
2019-12-08T08:00:00-00:00,2019-12-08T09:00:00-00:00,0,2019-12-08,1,0,ACTUAL,PGE,Total Actual Hourly Integrated Load,SYS_FCST_ACT_MW,3.8,2016,ACTUAL,129
2019-12-09T06:00:00-00:00,2019-12-09T07:00:00-00:00,0,2019-12-08,23,0,ACTUAL,PGE,Total Actual Hourly Integrated Load,SYS_FCST_ACT_MW,3.8,2285,ACTUAL,129
2019-12-09T02:00:00-00:00,2019-12-09T03:00:00-00:00,0,2019-12-08,19,0,ACTUAL,PGE,Total Actual Hourly Integrated Load,SYS_FCST_ACT_MW,3.8,2785,ACTUAL,129
2019-12-09T00:00:00-00:00,2019-12-09T01:00:00-00:00,0,2019-12-08,17,0,ACTUAL,PGE,Total Actual Hourly Integrated Load,SYS_FCST_ACT_MW,3.8,2693,ACTUAL,129
2019-12-08T23:00:00-00:00,2019-12-09T00:00:00-00:00,0,2019-12-08,16,0,ACTUAL,PGE,Total Actual Hourly Integrated Load,SYS_FCST_ACT_MW,3.8,2556,ACTUAL,129
2019-12-08T20:00:00-00:00,2019-12-08T21:00:00-00:00,0,2019-12-08,13,0,ACTUAL,PGE,Total Actual Hourly Integrated Load,SYS_FCST_ACT_MW,3.8,2525,ACTUAL,129
2019-12-09T05:00:00-00:00,2019-12-09T06:00:00-00:00,0,2019-12-08,22,0,ACTUAL,PGE,Total Actual Hourly Integrated Load,SYS_FCST_ACT_MW,3.8,2498,ACTUAL,129
2019-12-09T07:00:00-00:00,2019-12-09T08:00:00-00:00,0,2019-12-08,24,0,ACTUAL,PGE,Total Actual Hourly Integrated Load,SYS_FCST_ACT_MW,3.8,2089,ACTUAL,129
2019-12-08T21:00:00-00:00,2019-12-08T22:00:00-00:00,0,2019-12-08,14,0,ACTUAL,PGE,Total Actual Hourly Integrated Load,SYS_FCST_ACT_MW,3.8,2503,ACTUAL,129
2019-12-08T15:00:00-00:00,2019-12-08T16:00:00-00:00,0,2019-12-08,8,0,ACTUAL,PGE,Total Actual Hourly Integrated Load,SYS_FCST_ACT_MW,3.8,2253,ACTUAL,129
2019-12-08T13:00:00-00:00,2019-12-08T14:00:00-00:00,0,2019-12-08,6,0,ACTUAL,PGE,Total Actual Hourly Integrated Load,SYS_FCST_ACT_MW,3.8,1969,ACTUAL,129
2019-12-09T04:00:00-00:00,2019-12-09T05:00:00-00:00,0,2019-12-08,21,0,ACTUAL,PGE,Total Actual Hourly Integrated Load,SYS_FCST_ACT_MW,3.8,2648,ACTUAL,129
2019-12-08T16:00:00-00:00,2019-12-08T17:00:00-00:00,0,2019-12-08,9,0,ACTUAL,PGE,Total Actual Hourly Integrated Load,SYS_FCST_ACT_MW,3.8,2392,ACTUAL,129
2019-12-08T11:00:00-00:00,2019-12-08T12:00:00-00:00,0,2019-12-08,4,0,ACTUAL,PGE,Total Actual Hourly Integrated Load,SYS_FCST_ACT_MW,3.8,1866,ACTUAL,129
2019-12-08T18:00:00-00:00,2019-12-08T19:00:00-00:00,0,2019-12-08,11,0,ACTUAL,PGE,Total Actual Hourly Integrated Load,SYS_FCST_ACT_MW,3.8,2544,ACTUAL,129
2019-12-08T17:00:00-00:00,2019-12-08T18:00:00-00:00,0,2019-12-08,10,0,ACTUAL,PGE,Total Actual Hourly Integrated Load,SYS_FCST_ACT_MW,3.8,2501,ACTUAL,129
2019-12-09T03:00:00-00:00,2019-12-09T04:00:00-00:00,0,2019-12-08,20,0,ACTUAL,PGE,Total Actual Hourly Integrated Load,SYS_FCST_ACT_MW,3.8,2734,ACTUAL,129
2019-12-08T22:00:00-00:00,2019-12-08T23:00:00-00:00,0,2019-12-08,15,0,ACTUAL,PGE,Total Actual Hourly Integrated Load,SYS_FCST_ACT_MW,3.8,2510,ACTUAL,129
2019-12-08T19:00:00-00:00,2019-12-08T20:00:00-00:00,0,2019-12-08,12,0,ACTUAL,PGE,Total Actual Hourly Integrated Load,SYS_FCST_ACT_MW,3.8,2543,ACTUAL,129
2019-12-08T10:00:00-00:00,2019-12-08T11:00:00-00:00,0,2019-12-08,3,0,ACTUAL,PGE,Total Actual Hourly Integrated Load,SYS_FCST_ACT_MW,3.8,1882,ACTUAL,129
2019-12-08T11:00:00-00:00,2019-12-08T12:00:00-00:00,0,2019-12-08,4,0,ACTUAL,PGE-TAC,Total Actual Hourly Integrated Load,SYS_FCST_ACT_MW,3.1,8928,ACTUAL,130
2019-12-09T02:00:00-00:00,2019-12-09T03:00:00-00:00,0,2019-12-08,19,0,ACTUAL,PGE-TAC,Total Actual Hourly Integrated Load,SYS_FCST_ACT_MW,3.1,12338,ACTUAL,130
2019-12-08T12:00:00-00:00,2019-12-08T13:00:00-00:00,0,2019-12-08,5,0,ACTUAL,PGE-TAC,Total Actual Hourly Integrated Load,SYS_FCST_ACT_MW,3.1,8944,ACTUAL,130
2019-12-08T13:00:00-00:00,2019-12-08T14:00:00-00:00,0,2019-12-08,6,0,ACTUAL,PGE-TAC,Total Actual Hourly Integrated Load,SYS_FCST_ACT_MW,3.1,9192,ACTUAL,130
2019-12-08T14:00:00-00:00,2019-12-08T15:00:00-00:00,0,2019-12-08,7,0,ACTUAL,PGE-TAC,Total Actual Hourly Integrated Load,SYS_FCST_ACT_MW,3.1,9558,ACTUAL,130
2019-12-08T18:00:00-00:00,2019-12-08T19:00:00-00:00,0,2019-12-08,11,0,ACTUAL,PGE-TAC,Total Actual Hourly Integrated Load,SYS_FCST_ACT_MW,3.1,9669,ACTUAL,130
2019-12-08T20:00:00-00:00,2019-12-08T21:00:00-00:00,0,2019-12-08,13,0,ACTUAL,PGE-TAC,Total Actual Hourly Integrated Load,SYS_FCST_ACT_MW,3.1,9583,ACTUAL,130
2019-12-08T21:00:00-00:00,2019-12-08T22:00:00-00:00,0,2019-12-08,14,0,ACTUAL,PGE-TAC,Total Actual Hourly Integrated Load,SYS_FCST_ACT_MW,3.1,9855,ACTUAL,130
2019-12-09T05:00:00-00:00,2019-12-09T06:00:00-00:00,0,2019-12-08,22,0,ACTUAL,PGE-TAC,Total Actual Hourly Integrated Load,SYS_FCST_ACT_MW,3.1,11321,ACTUAL,130
2019-12-08T15:00:00-00:00,2019-12-08T16:00:00-00:00,0,2019-12-08,8,0,ACTUAL,PGE-TAC,Total Actual Hourly Integrated Load,SYS_FCST_ACT_MW,3.1,9867,ACTUAL,130
2019-12-09T01:00:00-00:00,2019-12-09T02:00:00-00:00,0,2019-12-08,18,0,ACTUAL,PGE-TAC,Total Actual Hourly Integrated Load,SYS_FCST_ACT_MW,3.1,12208,ACTUAL,130
2019-12-08T10:00:00-00:00,2019-12-08T11:00:00-00:00,0,2019-12-08,3,0,ACTUAL,PGE-TAC,Total Actual Hourly Integrated Load,SYS_FCST_ACT_MW,3.1,9101,ACTUAL,130
2019-12-08T22:00:00-00:00,2019-12-08T23:00:00-00:00,0,2019-12-08,15,0,ACTUAL,PGE-TAC,Total Actual Hourly Integrated Load,SYS_FCST_ACT_MW,3.1,9853,ACTUAL,130
2019-12-09T00:00:00-00:00,2019-12-09T01:00:00-00:00,0,2019-12-08,17,0,ACTUAL,PGE-TAC,Total Actual Hourly Integrated Load,SYS_FCST_ACT_MW,3.1,11104,ACTUAL,130
2019-12-08T16:00:00-00:00,2019-12-08T17:00:00-00:00,0,2019-12-08,9,0,ACTUAL,PGE-TAC,Total Actual Hourly Integrated Load,SYS_FCST_ACT_MW,3.1,9716,ACTUAL,130
2019-12-09T07:00:00-00:00,2019-12-09T08:00:00-00:00,0,2019-12-08,24,0,ACTUAL,PGE-TAC,Total Actual Hourly Integrated Load,SYS_FCST_ACT_MW,3.1,9806,ACTUAL,130
2019-12-08T17:00:00-00:00,2019-12-08T18:00:00-00:00,0,2019-12-08,10,0,ACTUAL,PGE-TAC,Total Actual Hourly Integrated Load,SYS_FCST_ACT_MW,3.1,9776,ACTUAL,130
2019-12-08T19:00:00-00:00,2019-12-08T20:00:00-00:00,0,2019-12-08,12,0,ACTUAL,PGE-TAC,Total Actual Hourly Integrated Load,SYS_FCST_ACT_MW,3.1,9605,ACTUAL,130
2019-12-08T23:00:00-00:00,2019-12-09T00:00:00-00:00,0,2019-12-08,16,0,ACTUAL,PGE-TAC,Total Actual Hourly Integrated Load,SYS_FCST_ACT_MW,3.1,10231,ACTUAL,130
2019-12-08T08:00:00-00:00,2019-12-08T09:00:00-00:00,0,2019-12-08,1,0,ACTUAL,PGE-TAC,Total Actual Hourly Integrated Load,SYS_FCST_ACT_MW,3.1,9788,ACTUAL,130
2019-12-08T09:00:00-00:00,2019-12-08T10:00:00-00:00,0,2019-12-08,2,0,ACTUAL,PGE-TAC,Total Actual Hourly Integrated Load,SYS_FCST_ACT_MW,3.1,9402,ACTUAL,130
2019-12-09T04:00:00-00:00,2019-12-09T05:00:00-00:00,0,2019-12-08,21,0,ACTUAL,PGE-TAC,Total Actual Hourly Integrated Load,SYS_FCST_ACT_MW,3.1,11864,ACTUAL,130
2019-12-09T06:00:00-00:00,2019-12-09T07:00:00-00:00,0,2019-12-08,23,0,ACTUAL,PGE-TAC,Total Actual Hourly Integrated Load,SYS_FCST_ACT_MW,3.1,10556,ACTUAL,130
2019-12-09T03:00:00-00:00,2019-12-09T04:00:00-00:00,0,2019-12-08,20,0,ACTUAL,PGE-TAC,Total Actual Hourly Integrated Load,SYS_FCST_ACT_MW,3.1,12163,ACTUAL,130
2019-12-09T05:00:00-00:00,2019-12-09T06:00:00-00:00,0,2019-12-08,22,0,ACTUAL,PSEI,Total Actual Hourly Integrated Load,SYS_FCST_ACT_MW,3.8,3074,ACTUAL,131
2019-12-09T06:00:00-00:00,2019-12-09T07:00:00-00:00,0,2019-12-08,23,0,ACTUAL,PSEI,Total Actual Hourly Integrated Load,SYS_FCST_ACT_MW,3.8,2793,ACTUAL,131
2019-12-08T17:00:00-00:00,2019-12-08T18:00:00-00:00,0,2019-12-08,10,0,ACTUAL,PSEI,Total Actual Hourly Integrated Load,SYS_FCST_ACT_MW,3.8,3047,ACTUAL,131
2019-12-08T21:00:00-00:00,2019-12-08T22:00:00-00:00,0,2019-12-08,14,0,ACTUAL,PSEI,Total Actual Hourly Integrated Load,SYS_FCST_ACT_MW,3.8,3027,ACTUAL,131
2019-12-08T14:00:00-00:00,2019-12-08T15:00:00-00:00,0,2019-12-08,7,0,ACTUAL,PSEI,Total Actual Hourly Integrated Load,SYS_FCST_ACT_MW,3.8,2530,ACTUAL,131
2019-12-08T19:00:00-00:00,2019-12-08T20:00:00-00:00,0,2019-12-08,12,0,ACTUAL,PSEI,Total Actual Hourly Integrated Load,SYS_FCST_ACT_MW,3.8,3081,ACTUAL,131
2019-12-09T03:00:00-00:00,2019-12-09T04:00:00-00:00,0,2019-12-08,20,0,ACTUAL,PSEI,Total Actual Hourly Integrated Load,SYS_FCST_ACT_MW,3.8,3352,ACTUAL,131
2019-12-08T10:00:00-00:00,2019-12-08T11:00:00-00:00,0,2019-12-08,3,0,ACTUAL,PSEI,Total Actual Hourly Integrated Load,SYS_FCST_ACT_MW,3.8,2223,ACTUAL,131
2019-12-08T11:00:00-00:00,2019-12-08T12:00:00-00:00,0,2019-12-08,4,0,ACTUAL,PSEI,Total Actual Hourly Integrated Load,SYS_FCST_ACT_MW,3.8,2210,ACTUAL,131
2019-12-08T12:00:00-00:00,2019-12-08T13:00:00-00:00,0,2019-12-08,5,0,ACTUAL,PSEI,Total Actual Hourly Integrated Load,SYS_FCST_ACT_MW,3.8,2251,ACTUAL,131
2019-12-09T01:00:00-00:00,2019-12-09T02:00:00-00:00,0,2019-12-08,18,0,ACTUAL,PSEI,Total Actual Hourly Integrated Load,SYS_FCST_ACT_MW,3.8,3456,ACTUAL,131
2019-12-09T07:00:00-00:00,2019-12-09T08:00:00-00:00,0,2019-12-08,24,0,ACTUAL,PSEI,Total Actual Hourly Integrated Load,SYS_FCST_ACT_MW,3.8,2551,ACTUAL,131
2019-12-08T15:00:00-00:00,2019-12-08T16:00:00-00:00,0,2019-12-08,8,0,ACTUAL,PSEI,Total Actual Hourly Integrated Load,SYS_FCST_ACT_MW,3.8,2735,ACTUAL,131
2019-12-08T20:00:00-00:00,2019-12-08T21:00:00-00:00,0,2019-12-08,13,0,ACTUAL,PSEI,Total Actual Hourly Integrated Load,SYS_FCST_ACT_MW,3.8,3054,ACTUAL,131
2019-12-09T02:00:00-00:00,2019-12-09T03:00:00-00:00,0,2019-12-08,19,0,ACTUAL,PSEI,Total Actual Hourly Integrated Load,SYS_FCST_ACT_MW,3.8,3408,ACTUAL,131
2019-12-08T16:00:00-00:00,2019-12-08T17:00:00-00:00,0,2019-12-08,9,0,ACTUAL,PSEI,Total Actual Hourly Integrated Load,SYS_FCST_ACT_MW,3.8,2909,ACTUAL,131
2019-12-08T18:00:00-00:00,2019-12-08T19:00:00-00:00,0,2019-12-08,11,0,ACTUAL,PSEI,Total Actual Hourly Integrated Load,SYS_FCST_ACT_MW,3.8,3093,ACTUAL,131
2019-12-08T08:00:00-00:00,2019-12-08T09:00:00-00:00,0,2019-12-08,1,0,ACTUAL,PSEI,Total Actual Hourly Integrated Load,SYS_FCST_ACT_MW,3.8,2380,ACTUAL,131
2019-12-08T09:00:00-00:00,2019-12-08T10:00:00-00:00,0,2019-12-08,2,0,ACTUAL,PSEI,Total Actual Hourly Integrated Load,SYS_FCST_ACT_MW,3.8,2278,ACTUAL,131
2019-12-09T04:00:00-00:00,2019-12-09T05:00:00-00:00,0,2019-12-08,21,0,ACTUAL,PSEI,Total Actual Hourly Integrated Load,SYS_FCST_ACT_MW,3.8,3263,ACTUAL,131
2019-12-08T22:00:00-00:00,2019-12-08T23:00:00-00:00,0,2019-12-08,15,0,ACTUAL,PSEI,Total Actual Hourly Integrated Load,SYS_FCST_ACT_MW,3.8,3040,ACTUAL,131
2019-12-08T23:00:00-00:00,2019-12-09T00:00:00-00:00,0,2019-12-08,16,0,ACTUAL,PSEI,Total Actual Hourly Integrated Load,SYS_FCST_ACT_MW,3.8,3114,ACTUAL,131
2019-12-09T00:00:00-00:00,2019-12-09T01:00:00-00:00,0,2019-12-08,17,0,ACTUAL,PSEI,Total Actual Hourly Integrated Load,SYS_FCST_ACT_MW,3.8,3335,ACTUAL,131
2019-12-08T13:00:00-00:00,2019-12-08T14:00:00-00:00,0,2019-12-08,6,0,ACTUAL,PSEI,Total Actual Hourly Integrated Load,SYS_FCST_ACT_MW,3.8,2359,ACTUAL,131
2019-12-09T05:00:00-00:00,2019-12-09T06:00:00-00:00,0,2019-12-08,22,0,ACTUAL,SCE-TAC,Total Actual Hourly Integrated Load,SYS_FCST_ACT_MW,3.2,10959,ACTUAL,132
2019-12-08T17:00:00-00:00,2019-12-08T18:00:00-00:00,0,2019-12-08,10,0,ACTUAL,SCE-TAC,Total Actual Hourly Integrated Load,SYS_FCST_ACT_MW,3.2,9391,ACTUAL,132
2019-12-08T18:00:00-00:00,2019-12-08T19:00:00-00:00,0,2019-12-08,11,0,ACTUAL,SCE-TAC,Total Actual Hourly Integrated Load,SYS_FCST_ACT_MW,3.2,9457,ACTUAL,132
2019-12-09T07:00:00-00:00,2019-12-09T08:00:00-00:00,0,2019-12-08,24,0,ACTUAL,SCE-TAC,Total Actual Hourly Integrated Load,SYS_FCST_ACT_MW,3.2,9565,ACTUAL,132
2019-12-08T09:00:00-00:00,2019-12-08T10:00:00-00:00,0,2019-12-08,2,0,ACTUAL,SCE-TAC,Total Actual Hourly Integrated Load,SYS_FCST_ACT_MW,3.2,8942,ACTUAL,132
2019-12-08T10:00:00-00:00,2019-12-08T11:00:00-00:00,0,2019-12-08,3,0,ACTUAL,SCE-TAC,Total Actual Hourly Integrated Load,SYS_FCST_ACT_MW,3.2,8697,ACTUAL,132
2019-12-08T20:00:00-00:00,2019-12-08T21:00:00-00:00,0,2019-12-08,13,0,ACTUAL,SCE-TAC,Total Actual Hourly Integrated Load,SYS_FCST_ACT_MW,3.2,9341,ACTUAL,132
2019-12-08T22:00:00-00:00,2019-12-08T23:00:00-00:00,0,2019-12-08,15,0,ACTUAL,SCE-TAC,Total Actual Hourly Integrated Load,SYS_FCST_ACT_MW,3.2,9737,ACTUAL,132
2019-12-09T00:00:00-00:00,2019-12-09T01:00:00-00:00,0,2019-12-08,17,0,ACTUAL,SCE-TAC,Total Actual Hourly Integrated Load,SYS_FCST_ACT_MW,3.2,10753,ACTUAL,132
2019-12-09T06:00:00-00:00,2019-12-09T07:00:00-00:00,0,2019-12-08,23,0,ACTUAL,SCE-TAC,Total Actual Hourly Integrated Load,SYS_FCST_ACT_MW,3.2,10232,ACTUAL,132
2019-12-08T11:00:00-00:00,2019-12-08T12:00:00-00:00,0,2019-12-08,4,0,ACTUAL,SCE-TAC,Total Actual Hourly Integrated Load,SYS_FCST_ACT_MW,3.2,8547,ACTUAL,132
2019-12-08T13:00:00-00:00,2019-12-08T14:00:00-00:00,0,2019-12-08,6,0,ACTUAL,SCE-TAC,Total Actual Hourly Integrated Load,SYS_FCST_ACT_MW,3.2,8687,ACTUAL,132
2019-12-08T15:00:00-00:00,2019-12-08T16:00:00-00:00,0,2019-12-08,8,0,ACTUAL,SCE-TAC,Total Actual Hourly Integrated Load,SYS_FCST_ACT_MW,3.2,9038,ACTUAL,132
2019-12-08T19:00:00-00:00,2019-12-08T20:00:00-00:00,0,2019-12-08,12,0,ACTUAL,SCE-TAC,Total Actual Hourly Integrated Load,SYS_FCST_ACT_MW,3.2,9354,ACTUAL,132
2019-12-08T23:00:00-00:00,2019-12-09T00:00:00-00:00,0,2019-12-08,16,0,ACTUAL,SCE-TAC,Total Actual Hourly Integrated Load,SYS_FCST_ACT_MW,3.2,10050,ACTUAL,132
2019-12-08T14:00:00-00:00,2019-12-08T15:00:00-00:00,0,2019-12-08,7,0,ACTUAL,SCE-TAC,Total Actual Hourly Integrated Load,SYS_FCST_ACT_MW,3.2,8834,ACTUAL,132
2019-12-09T03:00:00-00:00,2019-12-09T04:00:00-00:00,0,2019-12-08,20,0,ACTUAL,SCE-TAC,Total Actual Hourly Integrated Load,SYS_FCST_ACT_MW,3.2,11663,ACTUAL,132
2019-12-08T16:00:00-00:00,2019-12-08T17:00:00-00:00,0,2019-12-08,9,0,ACTUAL,SCE-TAC,Total Actual Hourly Integrated Load,SYS_FCST_ACT_MW,3.2,9295,ACTUAL,132
2019-12-08T08:00:00-00:00,2019-12-08T09:00:00-00:00,0,2019-12-08,1,0,ACTUAL,SCE-TAC,Total Actual Hourly Integrated Load,SYS_FCST_ACT_MW,3.2,9319,ACTUAL,132
2019-12-09T01:00:00-00:00,2019-12-09T02:00:00-00:00,0,2019-12-08,18,0,ACTUAL,SCE-TAC,Total Actual Hourly Integrated Load,SYS_FCST_ACT_MW,3.2,11686,ACTUAL,132
2019-12-09T02:00:00-00:00,2019-12-09T03:00:00-00:00,0,2019-12-08,19,0,ACTUAL,SCE-TAC,Total Actual Hourly Integrated Load,SYS_FCST_ACT_MW,3.2,11737,ACTUAL,132
2019-12-08T12:00:00-00:00,2019-12-08T13:00:00-00:00,0,2019-12-08,5,0,ACTUAL,SCE-TAC,Total Actual Hourly Integrated Load,SYS_FCST_ACT_MW,3.2,8550,ACTUAL,132
2019-12-09T04:00:00-00:00,2019-12-09T05:00:00-00:00,0,2019-12-08,21,0,ACTUAL,SCE-TAC,Total Actual Hourly Integrated Load,SYS_FCST_ACT_MW,3.2,11442,ACTUAL,132
2019-12-08T21:00:00-00:00,2019-12-08T22:00:00-00:00,0,2019-12-08,14,0,ACTUAL,SCE-TAC,Total Actual Hourly Integrated Load,SYS_FCST_ACT_MW,3.2,9426,ACTUAL,132
2019-12-09T07:00:00-00:00,2019-12-09T08:00:00-00:00,0,2019-12-08,24,0,ACTUAL,SCL,Total Actual Hourly Integrated Load,SYS_FCST_ACT_MW,3.8,977,ACTUAL,133
2019-12-08T18:00:00-00:00,2019-12-08T19:00:00-00:00,0,2019-12-08,11,0,ACTUAL,SCL,Total Actual Hourly Integrated Load,SYS_FCST_ACT_MW,3.8,1144,ACTUAL,133
2019-12-08T19:00:00-00:00,2019-12-08T20:00:00-00:00,0,2019-12-08,12,0,ACTUAL,SCL,Total Actual Hourly Integrated Load,SYS_FCST_ACT_MW,3.8,1146,ACTUAL,133
2019-12-08T22:00:00-00:00,2019-12-08T23:00:00-00:00,0,2019-12-08,15,0,ACTUAL,SCL,Total Actual Hourly Integrated Load,SYS_FCST_ACT_MW,3.8,1150,ACTUAL,133
2019-12-09T03:00:00-00:00,2019-12-09T04:00:00-00:00,0,2019-12-08,20,0,ACTUAL,SCL,Total Actual Hourly Integrated Load,SYS_FCST_ACT_MW,3.8,1245,ACTUAL,133
2019-12-09T00:00:00-00:00,2019-12-09T01:00:00-00:00,0,2019-12-08,17,0,ACTUAL,SCL,Total Actual Hourly Integrated Load,SYS_FCST_ACT_MW,3.8,1236,ACTUAL,133
2019-12-08T08:00:00-00:00,2019-12-08T09:00:00-00:00,0,2019-12-08,1,0,ACTUAL,SCL,Total Actual Hourly Integrated Load,SYS_FCST_ACT_MW,3.8,919,ACTUAL,133
2019-12-08T13:00:00-00:00,2019-12-08T14:00:00-00:00,0,2019-12-08,6,0,ACTUAL,SCL,Total Actual Hourly Integrated Load,SYS_FCST_ACT_MW,3.8,879,ACTUAL,133
2019-12-09T01:00:00-00:00,2019-12-09T02:00:00-00:00,0,2019-12-08,18,0,ACTUAL,SCL,Total Actual Hourly Integrated Load,SYS_FCST_ACT_MW,3.8,1278,ACTUAL,133
2019-12-08T11:00:00-00:00,2019-12-08T12:00:00-00:00,0,2019-12-08,4,0,ACTUAL,SCL,Total Actual Hourly Integrated Load,SYS_FCST_ACT_MW,3.8,843,ACTUAL,133
2019-12-08T17:00:00-00:00,2019-12-08T18:00:00-00:00,0,2019-12-08,10,0,ACTUAL,SCL,Total Actual Hourly Integrated Load,SYS_FCST_ACT_MW,3.8,1115,ACTUAL,133
2019-12-08T21:00:00-00:00,2019-12-08T22:00:00-00:00,0,2019-12-08,14,0,ACTUAL,SCL,Total Actual Hourly Integrated Load,SYS_FCST_ACT_MW,3.8,1148,ACTUAL,133
2019-12-09T02:00:00-00:00,2019-12-09T03:00:00-00:00,0,2019-12-08,19,0,ACTUAL,SCL,Total Actual Hourly Integrated Load,SYS_FCST_ACT_MW,3.8,1266,ACTUAL,133
2019-12-08T10:00:00-00:00,2019-12-08T11:00:00-00:00,0,2019-12-08,3,0,ACTUAL,SCL,Total Actual Hourly Integrated Load,SYS_FCST_ACT_MW,3.8,853,ACTUAL,133
2019-12-08T09:00:00-00:00,2019-12-08T10:00:00-00:00,0,2019-12-08,2,0,ACTUAL,SCL,Total Actual Hourly Integrated Load,SYS_FCST_ACT_MW,3.8,878,ACTUAL,133
2019-12-08T14:00:00-00:00,2019-12-08T15:00:00-00:00,0,2019-12-08,7,0,ACTUAL,SCL,Total Actual Hourly Integrated Load,SYS_FCST_ACT_MW,3.8,929,ACTUAL,133
2019-12-08T20:00:00-00:00,2019-12-08T21:00:00-00:00,0,2019-12-08,13,0,ACTUAL,SCL,Total Actual Hourly Integrated Load,SYS_FCST_ACT_MW,3.8,1155,ACTUAL,133
2019-12-08T23:00:00-00:00,2019-12-09T00:00:00-00:00,0,2019-12-08,16,0,ACTUAL,SCL,Total Actual Hourly Integrated Load,SYS_FCST_ACT_MW,3.8,1170,ACTUAL,133
2019-12-09T06:00:00-00:00,2019-12-09T07:00:00-00:00,0,2019-12-08,23,0,ACTUAL,SCL,Total Actual Hourly Integrated Load,SYS_FCST_ACT_MW,3.8,1061,ACTUAL,133
2019-12-08T12:00:00-00:00,2019-12-08T13:00:00-00:00,0,2019-12-08,5,0,ACTUAL,SCL,Total Actual Hourly Integrated Load,SYS_FCST_ACT_MW,3.8,849,ACTUAL,133
2019-12-09T05:00:00-00:00,2019-12-09T06:00:00-00:00,0,2019-12-08,22,0,ACTUAL,SCL,Total Actual Hourly Integrated Load,SYS_FCST_ACT_MW,3.8,1152,ACTUAL,133
2019-12-08T15:00:00-00:00,2019-12-08T16:00:00-00:00,0,2019-12-08,8,0,ACTUAL,SCL,Total Actual Hourly Integrated Load,SYS_FCST_ACT_MW,3.8,992,ACTUAL,133
2019-12-08T16:00:00-00:00,2019-12-08T17:00:00-00:00,0,2019-12-08,9,0,ACTUAL,SCL,Total Actual Hourly Integrated Load,SYS_FCST_ACT_MW,3.8,1056,ACTUAL,133
2019-12-09T04:00:00-00:00,2019-12-09T05:00:00-00:00,0,2019-12-08,21,0,ACTUAL,SCL,Total Actual Hourly Integrated Load,SYS_FCST_ACT_MW,3.8,1213,ACTUAL,133
2019-12-09T07:00:00-00:00,2019-12-09T08:00:00-00:00,0,2019-12-08,24,0,ACTUAL,SDGE-TAC,Total Actual Hourly Integrated Load,SYS_FCST_ACT_MW,3.4,1966,ACTUAL,134
2019-12-09T02:00:00-00:00,2019-12-09T03:00:00-00:00,0,2019-12-08,19,0,ACTUAL,SDGE-TAC,Total Actual Hourly Integrated Load,SYS_FCST_ACT_MW,3.4,2695,ACTUAL,134
2019-12-09T00:00:00-00:00,2019-12-09T01:00:00-00:00,0,2019-12-08,17,0,ACTUAL,SDGE-TAC,Total Actual Hourly Integrated Load,SYS_FCST_ACT_MW,3.4,2433,ACTUAL,134
2019-12-08T08:00:00-00:00,2019-12-08T09:00:00-00:00,0,2019-12-08,1,0,ACTUAL,SDGE-TAC,Total Actual Hourly Integrated Load,SYS_FCST_ACT_MW,3.4,1946,ACTUAL,134
2019-12-08T21:00:00-00:00,2019-12-08T22:00:00-00:00,0,2019-12-08,14,0,ACTUAL,SDGE-TAC,Total Actual Hourly Integrated Load,SYS_FCST_ACT_MW,3.4,2138,ACTUAL,134
2019-12-08T11:00:00-00:00,2019-12-08T12:00:00-00:00,0,2019-12-08,4,0,ACTUAL,SDGE-TAC,Total Actual Hourly Integrated Load,SYS_FCST_ACT_MW,3.4,1780,ACTUAL,134
2019-12-08T15:00:00-00:00,2019-12-08T16:00:00-00:00,0,2019-12-08,8,0,ACTUAL,SDGE-TAC,Total Actual Hourly Integrated Load,SYS_FCST_ACT_MW,3.4,1920,ACTUAL,134
2019-12-08T20:00:00-00:00,2019-12-08T21:00:00-00:00,0,2019-12-08,13,0,ACTUAL,SDGE-TAC,Total Actual Hourly Integrated Load,SYS_FCST_ACT_MW,3.4,2162,ACTUAL,134
2019-12-09T04:00:00-00:00,2019-12-09T05:00:00-00:00,0,2019-12-08,21,0,ACTUAL,SDGE-TAC,Total Actual Hourly Integrated Load,SYS_FCST_ACT_MW,3.4,2531,ACTUAL,134
2019-12-09T06:00:00-00:00,2019-12-09T07:00:00-00:00,0,2019-12-08,23,0,ACTUAL,SDGE-TAC,Total Actual Hourly Integrated Load,SYS_FCST_ACT_MW,3.4,2151,ACTUAL,134
2019-12-08T14:00:00-00:00,2019-12-08T15:00:00-00:00,0,2019-12-08,7,0,ACTUAL,SDGE-TAC,Total Actual Hourly Integrated Load,SYS_FCST_ACT_MW,3.4,1842,ACTUAL,134
2019-12-08T16:00:00-00:00,2019-12-08T17:00:00-00:00,0,2019-12-08,9,0,ACTUAL,SDGE-TAC,Total Actual Hourly Integrated Load,SYS_FCST_ACT_MW,3.4,2036,ACTUAL,134
2019-12-08T23:00:00-00:00,2019-12-09T00:00:00-00:00,0,2019-12-08,16,0,ACTUAL,SDGE-TAC,Total Actual Hourly Integrated Load,SYS_FCST_ACT_MW,3.4,2233,ACTUAL,134
2019-12-09T01:00:00-00:00,2019-12-09T02:00:00-00:00,0,2019-12-08,18,0,ACTUAL,SDGE-TAC,Total Actual Hourly Integrated Load,SYS_FCST_ACT_MW,3.4,2684,ACTUAL,134
2019-12-09T05:00:00-00:00,2019-12-09T06:00:00-00:00,0,2019-12-08,22,0,ACTUAL,SDGE-TAC,Total Actual Hourly Integrated Load,SYS_FCST_ACT_MW,3.4,2391,ACTUAL,134
2019-12-08T10:00:00-00:00,2019-12-08T11:00:00-00:00,0,2019-12-08,3,0,ACTUAL,SDGE-TAC,Total Actual Hourly Integrated Load,SYS_FCST_ACT_MW,3.4,1807,ACTUAL,134
2019-12-08T12:00:00-00:00,2019-12-08T13:00:00-00:00,0,2019-12-08,5,0,ACTUAL,SDGE-TAC,Total Actual Hourly Integrated Load,SYS_FCST_ACT_MW,3.4,1767,ACTUAL,134
2019-12-08T13:00:00-00:00,2019-12-08T14:00:00-00:00,0,2019-12-08,6,0,ACTUAL,SDGE-TAC,Total Actual Hourly Integrated Load,SYS_FCST_ACT_MW,3.4,1800,ACTUAL,134
2019-12-09T03:00:00-00:00,2019-12-09T04:00:00-00:00,0,2019-12-08,20,0,ACTUAL,SDGE-TAC,Total Actual Hourly Integrated Load,SYS_FCST_ACT_MW,3.4,2609,ACTUAL,134
2019-12-08T09:00:00-00:00,2019-12-08T10:00:00-00:00,0,2019-12-08,2,0,ACTUAL,SDGE-TAC,Total Actual Hourly Integrated Load,SYS_FCST_ACT_MW,3.4,1862,ACTUAL,134
2019-12-08T17:00:00-00:00,2019-12-08T18:00:00-00:00,0,2019-12-08,10,0,ACTUAL,SDGE-TAC,Total Actual Hourly Integrated Load,SYS_FCST_ACT_MW,3.4,2112,ACTUAL,134
2019-12-08T19:00:00-00:00,2019-12-08T20:00:00-00:00,0,2019-12-08,12,0,ACTUAL,SDGE-TAC,Total Actual Hourly Integrated Load,SYS_FCST_ACT_MW,3.4,2158,ACTUAL,134
2019-12-08T22:00:00-00:00,2019-12-08T23:00:00-00:00,0,2019-12-08,15,0,ACTUAL,SDGE-TAC,Total Actual Hourly Integrated Load,SYS_FCST_ACT_MW,3.4,2172,ACTUAL,134
2019-12-08T18:00:00-00:00,2019-12-08T19:00:00-00:00,0,2019-12-08,11,0,ACTUAL,SDGE-TAC,Total Actual Hourly Integrated Load,SYS_FCST_ACT_MW,3.4,2146,ACTUAL,134
2019-12-09T07:00:00-00:00,2019-12-09T08:00:00-00:00,0,2019-12-08,24,0,ACTUAL,SRP,Total Actual Hourly Integrated Load,SYS_FCST_ACT_MW,3.8,2376,ACTUAL,135
2019-12-09T06:00:00-00:00,2019-12-09T07:00:00-00:00,0,2019-12-08,23,0,ACTUAL,SRP,Total Actual Hourly Integrated Load,SYS_FCST_ACT_MW,3.8,2512,ACTUAL,135
2019-12-09T01:00:00-00:00,2019-12-09T02:00:00-00:00,0,2019-12-08,18,0,ACTUAL,SRP,Total Actual Hourly Integrated Load,SYS_FCST_ACT_MW,3.8,3134,ACTUAL,135
2019-12-08T15:00:00-00:00,2019-12-08T16:00:00-00:00,0,2019-12-08,8,0,ACTUAL,SRP,Total Actual Hourly Integrated Load,SYS_FCST_ACT_MW,3.8,2592,ACTUAL,135
2019-12-08T17:00:00-00:00,2019-12-08T18:00:00-00:00,0,2019-12-08,10,0,ACTUAL,SRP,Total Actual Hourly Integrated Load,SYS_FCST_ACT_MW,3.8,2788,ACTUAL,135
2019-12-08T23:00:00-00:00,2019-12-09T00:00:00-00:00,0,2019-12-08,16,0,ACTUAL,SRP,Total Actual Hourly Integrated Load,SYS_FCST_ACT_MW,3.8,2846,ACTUAL,135
2019-12-09T05:00:00-00:00,2019-12-09T06:00:00-00:00,0,2019-12-08,22,0,ACTUAL,SRP,Total Actual Hourly Integrated Load,SYS_FCST_ACT_MW,3.8,2736,ACTUAL,135
2019-12-08T13:00:00-00:00,2019-12-08T14:00:00-00:00,0,2019-12-08,6,0,ACTUAL,SRP,Total Actual Hourly Integrated Load,SYS_FCST_ACT_MW,3.8,2365,ACTUAL,135
2019-12-08T21:00:00-00:00,2019-12-08T22:00:00-00:00,0,2019-12-08,14,0,ACTUAL,SRP,Total Actual Hourly Integrated Load,SYS_FCST_ACT_MW,3.8,2729,ACTUAL,135
2019-12-09T02:00:00-00:00,2019-12-09T03:00:00-00:00,0,2019-12-08,19,0,ACTUAL,SRP,Total Actual Hourly Integrated Load,SYS_FCST_ACT_MW,3.8,3100,ACTUAL,135
2019-12-08T16:00:00-00:00,2019-12-08T17:00:00-00:00,0,2019-12-08,9,0,ACTUAL,SRP,Total Actual Hourly Integrated Load,SYS_FCST_ACT_MW,3.8,2717,ACTUAL,135
2019-12-08T18:00:00-00:00,2019-12-08T19:00:00-00:00,0,2019-12-08,11,0,ACTUAL,SRP,Total Actual Hourly Integrated Load,SYS_FCST_ACT_MW,3.8,2796,ACTUAL,135
2019-12-08T22:00:00-00:00,2019-12-08T23:00:00-00:00,0,2019-12-08,15,0,ACTUAL,SRP,Total Actual Hourly Integrated Load,SYS_FCST_ACT_MW,3.8,2755,ACTUAL,135
2019-12-09T03:00:00-00:00,2019-12-09T04:00:00-00:00,0,2019-12-08,20,0,ACTUAL,SRP,Total Actual Hourly Integrated Load,SYS_FCST_ACT_MW,3.8,3049,ACTUAL,135
2019-12-09T04:00:00-00:00,2019-12-09T05:00:00-00:00,0,2019-12-08,21,0,ACTUAL,SRP,Total Actual Hourly Integrated Load,SYS_FCST_ACT_MW,3.8,2937,ACTUAL,135
2019-12-08T11:00:00-00:00,2019-12-08T12:00:00-00:00,0,2019-12-08,4,0,ACTUAL,SRP,Total Actual Hourly Integrated Load,SYS_FCST_ACT_MW,3.8,2199,ACTUAL,135
2019-12-08T12:00:00-00:00,2019-12-08T13:00:00-00:00,0,2019-12-08,5,0,ACTUAL,SRP,Total Actual Hourly Integrated Load,SYS_FCST_ACT_MW,3.8,2251,ACTUAL,135
2019-12-08T14:00:00-00:00,2019-12-08T15:00:00-00:00,0,2019-12-08,7,0,ACTUAL,SRP,Total Actual Hourly Integrated Load,SYS_FCST_ACT_MW,3.8,2478,ACTUAL,135
2019-12-08T08:00:00-00:00,2019-12-08T09:00:00-00:00,0,2019-12-08,1,0,ACTUAL,SRP,Total Actual Hourly Integrated Load,SYS_FCST_ACT_MW,3.8,2318,ACTUAL,135
2019-12-08T19:00:00-00:00,2019-12-08T20:00:00-00:00,0,2019-12-08,12,0,ACTUAL,SRP,Total Actual Hourly Integrated Load,SYS_FCST_ACT_MW,3.8,2780,ACTUAL,135
2019-12-08T20:00:00-00:00,2019-12-08T21:00:00-00:00,0,2019-12-08,13,0,ACTUAL,SRP,Total Actual Hourly Integrated Load,SYS_FCST_ACT_MW,3.8,2746,ACTUAL,135
2019-12-09T00:00:00-00:00,2019-12-09T01:00:00-00:00,0,2019-12-08,17,0,ACTUAL,SRP,Total Actual Hourly Integrated Load,SYS_FCST_ACT_MW,3.8,3039,ACTUAL,135
2019-12-08T10:00:00-00:00,2019-12-08T11:00:00-00:00,0,2019-12-08,3,0,ACTUAL,SRP,Total Actual Hourly Integrated Load,SYS_FCST_ACT_MW,3.8,2192,ACTUAL,135
2019-12-08T09:00:00-00:00,2019-12-08T10:00:00-00:00,0,2019-12-08,2,0,ACTUAL,SRP,Total Actual Hourly Integrated Load,SYS_FCST_ACT_MW,3.8,2226,ACTUAL,135
2019-12-08T20:00:00-00:00,2019-12-08T21:00:00-00:00,0,2019-12-08,13,0,ACTUAL,VEA-TAC,Total Actual Hourly Integrated Load,SYS_FCST_ACT_MW,3.5,55,ACTUAL,136
2019-12-08T14:00:00-00:00,2019-12-08T15:00:00-00:00,0,2019-12-08,7,0,ACTUAL,VEA-TAC,Total Actual Hourly Integrated Load,SYS_FCST_ACT_MW,3.5,61,ACTUAL,136
2019-12-08T16:00:00-00:00,2019-12-08T17:00:00-00:00,0,2019-12-08,9,0,ACTUAL,VEA-TAC,Total Actual Hourly Integrated Load,SYS_FCST_ACT_MW,3.5,65,ACTUAL,136
2019-12-09T03:00:00-00:00,2019-12-09T04:00:00-00:00,0,2019-12-08,20,0,ACTUAL,VEA-TAC,Total Actual Hourly Integrated Load,SYS_FCST_ACT_MW,3.5,70,ACTUAL,136
2019-12-09T06:00:00-00:00,2019-12-09T07:00:00-00:00,0,2019-12-08,23,0,ACTUAL,VEA-TAC,Total Actual Hourly Integrated Load,SYS_FCST_ACT_MW,3.5,62,ACTUAL,136
2019-12-08T18:00:00-00:00,2019-12-08T19:00:00-00:00,0,2019-12-08,11,0,ACTUAL,VEA-TAC,Total Actual Hourly Integrated Load,SYS_FCST_ACT_MW,3.5,60,ACTUAL,136
2019-12-08T15:00:00-00:00,2019-12-08T16:00:00-00:00,0,2019-12-08,8,0,ACTUAL,VEA-TAC,Total Actual Hourly Integrated Load,SYS_FCST_ACT_MW,3.5,64,ACTUAL,136
2019-12-08T21:00:00-00:00,2019-12-08T22:00:00-00:00,0,2019-12-08,14,0,ACTUAL,VEA-TAC,Total Actual Hourly Integrated Load,SYS_FCST_ACT_MW,3.5,52,ACTUAL,136
2019-12-08T23:00:00-00:00,2019-12-09T00:00:00-00:00,0,2019-12-08,16,0,ACTUAL,VEA-TAC,Total Actual Hourly Integrated Load,SYS_FCST_ACT_MW,3.5,54,ACTUAL,136
2019-12-09T07:00:00-00:00,2019-12-09T08:00:00-00:00,0,2019-12-08,24,0,ACTUAL,VEA-TAC,Total Actual Hourly Integrated Load,SYS_FCST_ACT_MW,3.5,60,ACTUAL,136
2019-12-08T10:00:00-00:00,2019-12-08T11:00:00-00:00,0,2019-12-08,3,0,ACTUAL,VEA-TAC,Total Actual Hourly Integrated Load,SYS_FCST_ACT_MW,3.5,51,ACTUAL,136
2019-12-09T00:00:00-00:00,2019-12-09T01:00:00-00:00,0,2019-12-08,17,0,ACTUAL,VEA-TAC,Total Actual Hourly Integrated Load,SYS_FCST_ACT_MW,3.5,61,ACTUAL,136
2019-12-08T22:00:00-00:00,2019-12-08T23:00:00-00:00,0,2019-12-08,15,0,ACTUAL,VEA-TAC,Total Actual Hourly Integrated Load,SYS_FCST_ACT_MW,3.5,51,ACTUAL,136
2019-12-09T04:00:00-00:00,2019-12-09T05:00:00-00:00,0,2019-12-08,21,0,ACTUAL,VEA-TAC,Total Actual Hourly Integrated Load,SYS_FCST_ACT_MW,3.5,68,ACTUAL,136
2019-12-08T08:00:00-00:00,2019-12-08T09:00:00-00:00,0,2019-12-08,1,0,ACTUAL,VEA-TAC,Total Actual Hourly Integrated Load,SYS_FCST_ACT_MW,3.5,52,ACTUAL,136
2019-12-08T11:00:00-00:00,2019-12-08T12:00:00-00:00,0,2019-12-08,4,0,ACTUAL,VEA-TAC,Total Actual Hourly Integrated Load,SYS_FCST_ACT_MW,3.5,51,ACTUAL,136
2019-12-08T12:00:00-00:00,2019-12-08T13:00:00-00:00,0,2019-12-08,5,0,ACTUAL,VEA-TAC,Total Actual Hourly Integrated Load,SYS_FCST_ACT_MW,3.5,53,ACTUAL,136
2019-12-08T17:00:00-00:00,2019-12-08T18:00:00-00:00,0,2019-12-08,10,0,ACTUAL,VEA-TAC,Total Actual Hourly Integrated Load,SYS_FCST_ACT_MW,3.5,63,ACTUAL,136
2019-12-08T19:00:00-00:00,2019-12-08T20:00:00-00:00,0,2019-12-08,12,0,ACTUAL,VEA-TAC,Total Actual Hourly Integrated Load,SYS_FCST_ACT_MW,3.5,57,ACTUAL,136
2019-12-09T01:00:00-00:00,2019-12-09T02:00:00-00:00,0,2019-12-08,18,0,ACTUAL,VEA-TAC,Total Actual Hourly Integrated Load,SYS_FCST_ACT_MW,3.5,67,ACTUAL,136
2019-12-09T02:00:00-00:00,2019-12-09T03:00:00-00:00,0,2019-12-08,19,0,ACTUAL,VEA-TAC,Total Actual Hourly Integrated Load,SYS_FCST_ACT_MW,3.5,68,ACTUAL,136
2019-12-08T09:00:00-00:00,2019-12-08T10:00:00-00:00,0,2019-12-08,2,0,ACTUAL,VEA-TAC,Total Actual Hourly Integrated Load,SYS_FCST_ACT_MW,3.5,51,ACTUAL,136
2019-12-08T13:00:00-00:00,2019-12-08T14:00:00-00:00,0,2019-12-08,6,0,ACTUAL,VEA-TAC,Total Actual Hourly Integrated Load,SYS_FCST_ACT_MW,3.5,57,ACTUAL,136
2019-12-09T05:00:00-00:00,2019-12-09T06:00:00-00:00,0,2019-12-08,22,0,ACTUAL,VEA-TAC,Total Actual Hourly Integrated Load,SYS_FCST_ACT_MW,3.5,65,ACTUAL,136
2019-12-09T22:00:00-00:00,2019-12-09T23:00:00-00:00,0,2019-12-09,15,0,ACTUAL,AZPS,Total Actual Hourly Integrated Load,SYS_FCST_ACT_MW,3.8,2658,ACTUAL,137
2019-12-10T02:00:00-00:00,2019-12-10T03:00:00-00:00,0,2019-12-09,19,0,ACTUAL,AZPS,Total Actual Hourly Integrated Load,SYS_FCST_ACT_MW,3.8,3280,ACTUAL,137
2019-12-09T21:00:00-00:00,2019-12-09T22:00:00-00:00,0,2019-12-09,14,0,ACTUAL,AZPS,Total Actual Hourly Integrated Load,SYS_FCST_ACT_MW,3.8,2541,ACTUAL,137
2019-12-09T08:00:00-00:00,2019-12-09T09:00:00-00:00,0,2019-12-09,1,0,ACTUAL,AZPS,Total Actual Hourly Integrated Load,SYS_FCST_ACT_MW,3.8,2482,ACTUAL,137
2019-12-09T11:00:00-00:00,2019-12-09T12:00:00-00:00,0,2019-12-09,4,0,ACTUAL,AZPS,Total Actual Hourly Integrated Load,SYS_FCST_ACT_MW,3.8,2595,ACTUAL,137
2019-12-09T14:00:00-00:00,2019-12-09T15:00:00-00:00,0,2019-12-09,7,0,ACTUAL,AZPS,Total Actual Hourly Integrated Load,SYS_FCST_ACT_MW,3.8,3223,ACTUAL,137
2019-12-09T20:00:00-00:00,2019-12-09T21:00:00-00:00,0,2019-12-09,13,0,ACTUAL,AZPS,Total Actual Hourly Integrated Load,SYS_FCST_ACT_MW,3.8,2472,ACTUAL,137
2019-12-10T06:00:00-00:00,2019-12-10T07:00:00-00:00,0,2019-12-09,23,0,ACTUAL,AZPS,Total Actual Hourly Integrated Load,SYS_FCST_ACT_MW,3.8,2741,ACTUAL,137
2019-12-10T07:00:00-00:00,2019-12-10T08:00:00-00:00,0,2019-12-09,24,0,ACTUAL,AZPS,Total Actual Hourly Integrated Load,SYS_FCST_ACT_MW,3.8,2640,ACTUAL,137
2019-12-09T17:00:00-00:00,2019-12-09T18:00:00-00:00,0,2019-12-09,10,0,ACTUAL,AZPS,Total Actual Hourly Integrated Load,SYS_FCST_ACT_MW,3.8,2658,ACTUAL,137
2019-12-09T19:00:00-00:00,2019-12-09T20:00:00-00:00,0,2019-12-09,12,0,ACTUAL,AZPS,Total Actual Hourly Integrated Load,SYS_FCST_ACT_MW,3.8,2499,ACTUAL,137
2019-12-10T05:00:00-00:00,2019-12-10T06:00:00-00:00,0,2019-12-09,22,0,ACTUAL,AZPS,Total Actual Hourly Integrated Load,SYS_FCST_ACT_MW,3.8,2938,ACTUAL,137
2019-12-09T09:00:00-00:00,2019-12-09T10:00:00-00:00,0,2019-12-09,2,0,ACTUAL,AZPS,Total Actual Hourly Integrated Load,SYS_FCST_ACT_MW,3.8,2455,ACTUAL,137
2019-12-09T15:00:00-00:00,2019-12-09T16:00:00-00:00,0,2019-12-09,8,0,ACTUAL,AZPS,Total Actual Hourly Integrated Load,SYS_FCST_ACT_MW,3.8,3105,ACTUAL,137
2019-12-09T12:00:00-00:00,2019-12-09T13:00:00-00:00,0,2019-12-09,5,0,ACTUAL,AZPS,Total Actual Hourly Integrated Load,SYS_FCST_ACT_MW,3.8,2832,ACTUAL,137
2019-12-09T16:00:00-00:00,2019-12-09T17:00:00-00:00,0,2019-12-09,9,0,ACTUAL,AZPS,Total Actual Hourly Integrated Load,SYS_FCST_ACT_MW,3.8,2858,ACTUAL,137
2019-12-09T23:00:00-00:00,2019-12-10T00:00:00-00:00,0,2019-12-09,16,0,ACTUAL,AZPS,Total Actual Hourly Integrated Load,SYS_FCST_ACT_MW,3.8,2852,ACTUAL,137
2019-12-10T00:00:00-00:00,2019-12-10T01:00:00-00:00,0,2019-12-09,17,0,ACTUAL,AZPS,Total Actual Hourly Integrated Load,SYS_FCST_ACT_MW,3.8,3153,ACTUAL,137
2019-12-10T01:00:00-00:00,2019-12-10T02:00:00-00:00,0,2019-12-09,18,0,ACTUAL,AZPS,Total Actual Hourly Integrated Load,SYS_FCST_ACT_MW,3.8,3303,ACTUAL,137
2019-12-10T03:00:00-00:00,2019-12-10T04:00:00-00:00,0,2019-12-09,20,0,ACTUAL,AZPS,Total Actual Hourly Integrated Load,SYS_FCST_ACT_MW,3.8,3261,ACTUAL,137
2019-12-09T10:00:00-00:00,2019-12-09T11:00:00-00:00,0,2019-12-09,3,0,ACTUAL,AZPS,Total Actual Hourly Integrated Load,SYS_FCST_ACT_MW,3.8,2482,ACTUAL,137
2019-12-09T13:00:00-00:00,2019-12-09T14:00:00-00:00,0,2019-12-09,6,0,ACTUAL,AZPS,Total Actual Hourly Integrated Load,SYS_FCST_ACT_MW,3.8,3134,ACTUAL,137
2019-12-09T18:00:00-00:00,2019-12-09T19:00:00-00:00,0,2019-12-09,11,0,ACTUAL,AZPS,Total Actual Hourly Integrated Load,SYS_FCST_ACT_MW,3.8,2561,ACTUAL,137
2019-12-10T04:00:00-00:00,2019-12-10T05:00:00-00:00,0,2019-12-09,21,0,ACTUAL,AZPS,Total Actual Hourly Integrated Load,SYS_FCST_ACT_MW,3.8,3144,ACTUAL,137
2019-12-09T10:00:00-00:00,2019-12-09T11:00:00-00:00,0,2019-12-09,3,0,ACTUAL,BANCSMUD,Total Actual Hourly Integrated Load,SYS_FCST_ACT_MW,3.8,889,ACTUAL,138
2019-12-09T13:00:00-00:00,2019-12-09T14:00:00-00:00,0,2019-12-09,6,0,ACTUAL,BANCSMUD,Total Actual Hourly Integrated Load,SYS_FCST_ACT_MW,3.8,1046,ACTUAL,138
2019-12-10T07:00:00-00:00,2019-12-10T08:00:00-00:00,0,2019-12-09,24,0,ACTUAL,BANCSMUD,Total Actual Hourly Integrated Load,SYS_FCST_ACT_MW,3.8,1066,ACTUAL,138
2019-12-10T03:00:00-00:00,2019-12-10T04:00:00-00:00,0,2019-12-09,20,0,ACTUAL,BANCSMUD,Total Actual Hourly Integrated Load,SYS_FCST_ACT_MW,3.8,1369,ACTUAL,138
2019-12-09T08:00:00-00:00,2019-12-09T09:00:00-00:00,0,2019-12-09,1,0,ACTUAL,BANCSMUD,Total Actual Hourly Integrated Load,SYS_FCST_ACT_MW,3.8,944,ACTUAL,138
2019-12-09T18:00:00-00:00,2019-12-09T19:00:00-00:00,0,2019-12-09,11,0,ACTUAL,BANCSMUD,Total Actual Hourly Integrated Load,SYS_FCST_ACT_MW,3.8,1278,ACTUAL,138
2019-12-09T15:00:00-00:00,2019-12-09T16:00:00-00:00,0,2019-12-09,8,0,ACTUAL,BANCSMUD,Total Actual Hourly Integrated Load,SYS_FCST_ACT_MW,3.8,1268,ACTUAL,138
2019-12-10T00:00:00-00:00,2019-12-10T01:00:00-00:00,0,2019-12-09,17,0,ACTUAL,BANCSMUD,Total Actual Hourly Integrated Load,SYS_FCST_ACT_MW,3.8,1258,ACTUAL,138
2019-12-09T21:00:00-00:00,2019-12-09T22:00:00-00:00,0,2019-12-09,14,0,ACTUAL,BANCSMUD,Total Actual Hourly Integrated Load,SYS_FCST_ACT_MW,3.8,1172,ACTUAL,138
2019-12-09T09:00:00-00:00,2019-12-09T10:00:00-00:00,0,2019-12-09,2,0,ACTUAL,BANCSMUD,Total Actual Hourly Integrated Load,SYS_FCST_ACT_MW,3.8,905,ACTUAL,138
2019-12-09T19:00:00-00:00,2019-12-09T20:00:00-00:00,0,2019-12-09,12,0,ACTUAL,BANCSMUD,Total Actual Hourly Integrated Load,SYS_FCST_ACT_MW,3.8,1258,ACTUAL,138
2019-12-09T11:00:00-00:00,2019-12-09T12:00:00-00:00,0,2019-12-09,4,0,ACTUAL,BANCSMUD,Total Actual Hourly Integrated Load,SYS_FCST_ACT_MW,3.8,898,ACTUAL,138
2019-12-09T17:00:00-00:00,2019-12-09T18:00:00-00:00,0,2019-12-09,10,0,ACTUAL,BANCSMUD,Total Actual Hourly Integrated Load,SYS_FCST_ACT_MW,3.8,1278,ACTUAL,138
2019-12-09T14:00:00-00:00,2019-12-09T15:00:00-00:00,0,2019-12-09,7,0,ACTUAL,BANCSMUD,Total Actual Hourly Integrated Load,SYS_FCST_ACT_MW,3.8,1193,ACTUAL,138
2019-12-10T01:00:00-00:00,2019-12-10T02:00:00-00:00,0,2019-12-09,18,0,ACTUAL,BANCSMUD,Total Actual Hourly Integrated Load,SYS_FCST_ACT_MW,3.8,1378,ACTUAL,138
2019-12-10T06:00:00-00:00,2019-12-10T07:00:00-00:00,0,2019-12-09,23,0,ACTUAL,BANCSMUD,Total Actual Hourly Integrated Load,SYS_FCST_ACT_MW,3.8,1167,ACTUAL,138
2019-12-09T23:00:00-00:00,2019-12-10T00:00:00-00:00,0,2019-12-09,16,0,ACTUAL,BANCSMUD,Total Actual Hourly Integrated Load,SYS_FCST_ACT_MW,3.8,1176,ACTUAL,138
2019-12-09T22:00:00-00:00,2019-12-09T23:00:00-00:00,0,2019-12-09,15,0,ACTUAL,BANCSMUD,Total Actual Hourly Integrated Load,SYS_FCST_ACT_MW,3.8,1161,ACTUAL,138
2019-12-09T20:00:00-00:00,2019-12-09T21:00:00-00:00,0,2019-12-09,13,0,ACTUAL,BANCSMUD,Total Actual Hourly Integrated Load,SYS_FCST_ACT_MW,3.8,1208,ACTUAL,138
2019-12-09T16:00:00-00:00,2019-12-09T17:00:00-00:00,0,2019-12-09,9,0,ACTUAL,BANCSMUD,Total Actual Hourly Integrated Load,SYS_FCST_ACT_MW,3.8,1271,ACTUAL,138
2019-12-09T12:00:00-00:00,2019-12-09T13:00:00-00:00,0,2019-12-09,5,0,ACTUAL,BANCSMUD,Total Actual Hourly Integrated Load,SYS_FCST_ACT_MW,3.8,945,ACTUAL,138
2019-12-10T02:00:00-00:00,2019-12-10T03:00:00-00:00,0,2019-12-09,19,0,ACTUAL,BANCSMUD,Total Actual Hourly Integrated Load,SYS_FCST_ACT_MW,3.8,1384,ACTUAL,138
2019-12-10T05:00:00-00:00,2019-12-10T06:00:00-00:00,0,2019-12-09,22,0,ACTUAL,BANCSMUD,Total Actual Hourly Integrated Load,SYS_FCST_ACT_MW,3.8,1276,ACTUAL,138
2019-12-10T04:00:00-00:00,2019-12-10T05:00:00-00:00,0,2019-12-09,21,0,ACTUAL,BANCSMUD,Total Actual Hourly Integrated Load,SYS_FCST_ACT_MW,3.8,1342,ACTUAL,138
2019-12-09T16:00:00-00:00,2019-12-09T17:00:00-00:00,0,2019-12-09,9,0,ACTUAL,BCHA,Total Actual Hourly Integrated Load,SYS_FCST_ACT_MW,3.8,8942,ACTUAL,139
2019-12-09T10:00:00-00:00,2019-12-09T11:00:00-00:00,0,2019-12-09,3,0,ACTUAL,BCHA,Total Actual Hourly Integrated Load,SYS_FCST_ACT_MW,3.8,6717,ACTUAL,139
2019-12-09T18:00:00-00:00,2019-12-09T19:00:00-00:00,0,2019-12-09,11,0,ACTUAL,BCHA,Total Actual Hourly Integrated Load,SYS_FCST_ACT_MW,3.8,8781,ACTUAL,139
2019-12-10T00:00:00-00:00,2019-12-10T01:00:00-00:00,0,2019-12-09,17,0,ACTUAL,BCHA,Total Actual Hourly Integrated Load,SYS_FCST_ACT_MW,3.8,9306,ACTUAL,139
2019-12-09T17:00:00-00:00,2019-12-09T18:00:00-00:00,0,2019-12-09,10,0,ACTUAL,BCHA,Total Actual Hourly Integrated Load,SYS_FCST_ACT_MW,3.8,8882,ACTUAL,139
2019-12-09T15:00:00-00:00,2019-12-09T16:00:00-00:00,0,2019-12-09,8,0,ACTUAL,BCHA,Total Actual Hourly Integrated Load,SYS_FCST_ACT_MW,3.8,8846,ACTUAL,139
2019-12-09T11:00:00-00:00,2019-12-09T12:00:00-00:00,0,2019-12-09,4,0,ACTUAL,BCHA,Total Actual Hourly Integrated Load,SYS_FCST_ACT_MW,3.8,6742,ACTUAL,139
2019-12-10T06:00:00-00:00,2019-12-10T07:00:00-00:00,0,2019-12-09,23,0,ACTUAL,BCHA,Total Actual Hourly Integrated Load,SYS_FCST_ACT_MW,3.8,8142,ACTUAL,139
2019-12-09T09:00:00-00:00,2019-12-09T10:00:00-00:00,0,2019-12-09,2,0,ACTUAL,BCHA,Total Actual Hourly Integrated Load,SYS_FCST_ACT_MW,3.8,6770,ACTUAL,139
2019-12-09T13:00:00-00:00,2019-12-09T14:00:00-00:00,0,2019-12-09,6,0,ACTUAL,BCHA,Total Actual Hourly Integrated Load,SYS_FCST_ACT_MW,3.8,7338,ACTUAL,139
2019-12-09T22:00:00-00:00,2019-12-09T23:00:00-00:00,0,2019-12-09,15,0,ACTUAL,BCHA,Total Actual Hourly Integrated Load,SYS_FCST_ACT_MW,3.8,8495,ACTUAL,139
2019-12-10T07:00:00-00:00,2019-12-10T08:00:00-00:00,0,2019-12-09,24,0,ACTUAL,BCHA,Total Actual Hourly Integrated Load,SYS_FCST_ACT_MW,3.8,7594,ACTUAL,139
2019-12-10T03:00:00-00:00,2019-12-10T04:00:00-00:00,0,2019-12-09,20,0,ACTUAL,BCHA,Total Actual Hourly Integrated Load,SYS_FCST_ACT_MW,3.8,9346,ACTUAL,139
2019-12-10T02:00:00-00:00,2019-12-10T03:00:00-00:00,0,2019-12-09,19,0,ACTUAL,BCHA,Total Actual Hourly Integrated Load,SYS_FCST_ACT_MW,3.8,9550,ACTUAL,139
2019-12-10T04:00:00-00:00,2019-12-10T05:00:00-00:00,0,2019-12-09,21,0,ACTUAL,BCHA,Total Actual Hourly Integrated Load,SYS_FCST_ACT_MW,3.8,9085,ACTUAL,139
2019-12-09T08:00:00-00:00,2019-12-09T09:00:00-00:00,0,2019-12-09,1,0,ACTUAL,BCHA,Total Actual Hourly Integrated Load,SYS_FCST_ACT_MW,3.8,6879,ACTUAL,139
2019-12-09T14:00:00-00:00,2019-12-09T15:00:00-00:00,0,2019-12-09,7,0,ACTUAL,BCHA,Total Actual Hourly Integrated Load,SYS_FCST_ACT_MW,3.8,8091,ACTUAL,139
2019-12-09T21:00:00-00:00,2019-12-09T22:00:00-00:00,0,2019-12-09,14,0,ACTUAL,BCHA,Total Actual Hourly Integrated Load,SYS_FCST_ACT_MW,3.8,8526,ACTUAL,139
2019-12-09T19:00:00-00:00,2019-12-09T20:00:00-00:00,0,2019-12-09,12,0,ACTUAL,BCHA,Total Actual Hourly Integrated Load,SYS_FCST_ACT_MW,3.8,8687,ACTUAL,139
2019-12-09T12:00:00-00:00,2019-12-09T13:00:00-00:00,0,2019-12-09,5,0,ACTUAL,BCHA,Total Actual Hourly Integrated Load,SYS_FCST_ACT_MW,3.8,6896,ACTUAL,139
2019-12-10T05:00:00-00:00,2019-12-10T06:00:00-00:00,0,2019-12-09,22,0,ACTUAL,BCHA,Total Actual Hourly Integrated Load,SYS_FCST_ACT_MW,3.8,8704,ACTUAL,139
2019-12-10T01:00:00-00:00,2019-12-10T02:00:00-00:00,0,2019-12-09,18,0,ACTUAL,BCHA,Total Actual Hourly Integrated Load,SYS_FCST_ACT_MW,3.8,9647,ACTUAL,139
2019-12-09T20:00:00-00:00,2019-12-09T21:00:00-00:00,0,2019-12-09,13,0,ACTUAL,BCHA,Total Actual Hourly Integrated Load,SYS_FCST_ACT_MW,3.8,8603,ACTUAL,139
2019-12-09T23:00:00-00:00,2019-12-10T00:00:00-00:00,0,2019-12-09,16,0,ACTUAL,BCHA,Total Actual Hourly Integrated Load,SYS_FCST_ACT_MW,3.8,8688,ACTUAL,139
2019-12-09T10:00:00-00:00,2019-12-09T11:00:00-00:00,0,2019-12-09,3,0,ACTUAL,CA ISO-TAC,Total Actual Hourly Integrated Load,SYS_FCST_ACT_MW,3,19828,ACTUAL,140
2019-12-10T06:00:00-00:00,2019-12-10T07:00:00-00:00,0,2019-12-09,23,0,ACTUAL,CA ISO-TAC,Total Actual Hourly Integrated Load,SYS_FCST_ACT_MW,3,24653,ACTUAL,140
2019-12-10T05:00:00-00:00,2019-12-10T06:00:00-00:00,0,2019-12-09,22,0,ACTUAL,CA ISO-TAC,Total Actual Hourly Integrated Load,SYS_FCST_ACT_MW,3,26654,ACTUAL,140
2019-12-09T20:00:00-00:00,2019-12-09T21:00:00-00:00,0,2019-12-09,13,0,ACTUAL,CA ISO-TAC,Total Actual Hourly Integrated Load,SYS_FCST_ACT_MW,3,23591,ACTUAL,140
2019-12-10T07:00:00-00:00,2019-12-10T08:00:00-00:00,0,2019-12-09,24,0,ACTUAL,CA ISO-TAC,Total Actual Hourly Integrated Load,SYS_FCST_ACT_MW,3,22779,ACTUAL,140
2019-12-09T15:00:00-00:00,2019-12-09T16:00:00-00:00,0,2019-12-09,8,0,ACTUAL,CA ISO-TAC,Total Actual Hourly Integrated Load,SYS_FCST_ACT_MW,3,25787,ACTUAL,140
2019-12-09T18:00:00-00:00,2019-12-09T19:00:00-00:00,0,2019-12-09,11,0,ACTUAL,CA ISO-TAC,Total Actual Hourly Integrated Load,SYS_FCST_ACT_MW,3,24216,ACTUAL,140
2019-12-09T13:00:00-00:00,2019-12-09T14:00:00-00:00,0,2019-12-09,6,0,ACTUAL,CA ISO-TAC,Total Actual Hourly Integrated Load,SYS_FCST_ACT_MW,3,22121,ACTUAL,140
2019-12-09T21:00:00-00:00,2019-12-09T22:00:00-00:00,0,2019-12-09,14,0,ACTUAL,CA ISO-TAC,Total Actual Hourly Integrated Load,SYS_FCST_ACT_MW,3,23640,ACTUAL,140
2019-12-09T08:00:00-00:00,2019-12-09T09:00:00-00:00,0,2019-12-09,1,0,ACTUAL,CA ISO-TAC,Total Actual Hourly Integrated Load,SYS_FCST_ACT_MW,3,20779,ACTUAL,140
2019-12-10T02:00:00-00:00,2019-12-10T03:00:00-00:00,0,2019-12-09,19,0,ACTUAL,CA ISO-TAC,Total Actual Hourly Integrated Load,SYS_FCST_ACT_MW,3,29165,ACTUAL,140
2019-12-09T12:00:00-00:00,2019-12-09T13:00:00-00:00,0,2019-12-09,5,0,ACTUAL,CA ISO-TAC,Total Actual Hourly Integrated Load,SYS_FCST_ACT_MW,3,20614,ACTUAL,140
2019-12-09T14:00:00-00:00,2019-12-09T15:00:00-00:00,0,2019-12-09,7,0,ACTUAL,CA ISO-TAC,Total Actual Hourly Integrated Load,SYS_FCST_ACT_MW,3,24617,ACTUAL,140
2019-12-09T19:00:00-00:00,2019-12-09T20:00:00-00:00,0,2019-12-09,12,0,ACTUAL,CA ISO-TAC,Total Actual Hourly Integrated Load,SYS_FCST_ACT_MW,3,23795,ACTUAL,140
2019-12-09T23:00:00-00:00,2019-12-10T00:00:00-00:00,0,2019-12-09,16,0,ACTUAL,CA ISO-TAC,Total Actual Hourly Integrated Load,SYS_FCST_ACT_MW,3,24957,ACTUAL,140
2019-12-10T04:00:00-00:00,2019-12-10T05:00:00-00:00,0,2019-12-09,21,0,ACTUAL,CA ISO-TAC,Total Actual Hourly Integrated Load,SYS_FCST_ACT_MW,3,27982,ACTUAL,140
2019-12-09T09:00:00-00:00,2019-12-09T10:00:00-00:00,0,2019-12-09,2,0,ACTUAL,CA ISO-TAC,Total Actual Hourly Integrated Load,SYS_FCST_ACT_MW,3,20143,ACTUAL,140
2019-12-09T16:00:00-00:00,2019-12-09T17:00:00-00:00,0,2019-12-09,9,0,ACTUAL,CA ISO-TAC,Total Actual Hourly Integrated Load,SYS_FCST_ACT_MW,3,25575,ACTUAL,140
2019-12-09T17:00:00-00:00,2019-12-09T18:00:00-00:00,0,2019-12-09,10,0,ACTUAL,CA ISO-TAC,Total Actual Hourly Integrated Load,SYS_FCST_ACT_MW,3,24894,ACTUAL,140
2019-12-09T22:00:00-00:00,2019-12-09T23:00:00-00:00,0,2019-12-09,15,0,ACTUAL,CA ISO-TAC,Total Actual Hourly Integrated Load,SYS_FCST_ACT_MW,3,24025,ACTUAL,140
2019-12-10T00:00:00-00:00,2019-12-10T01:00:00-00:00,0,2019-12-09,17,0,ACTUAL,CA ISO-TAC,Total Actual Hourly Integrated Load,SYS_FCST_ACT_MW,3,26676,ACTUAL,140
2019-12-10T01:00:00-00:00,2019-12-10T02:00:00-00:00,0,2019-12-09,18,0,ACTUAL,CA ISO-TAC,Total Actual Hourly Integrated Load,SYS_FCST_ACT_MW,3,29028,ACTUAL,140
2019-12-10T03:00:00-00:00,2019-12-10T04:00:00-00:00,0,2019-12-09,20,0,ACTUAL,CA ISO-TAC,Total Actual Hourly Integrated Load,SYS_FCST_ACT_MW,3,28737,ACTUAL,140
2019-12-09T11:00:00-00:00,2019-12-09T12:00:00-00:00,0,2019-12-09,4,0,ACTUAL,CA ISO-TAC,Total Actual Hourly Integrated Load,SYS_FCST_ACT_MW,3,19885,ACTUAL,140
2019-12-09T14:00:00-00:00,2019-12-09T15:00:00-00:00,0,2019-12-09,7,0,ACTUAL,IPCO,Total Actual Hourly Integrated Load,SYS_FCST_ACT_MW,3.8,2133,ACTUAL,141
2019-12-09T18:00:00-00:00,2019-12-09T19:00:00-00:00,0,2019-12-09,11,0,ACTUAL,IPCO,Total Actual Hourly Integrated Load,SYS_FCST_ACT_MW,3.8,1969,ACTUAL,141
2019-12-09T22:00:00-00:00,2019-12-09T23:00:00-00:00,0,2019-12-09,15,0,ACTUAL,IPCO,Total Actual Hourly Integrated Load,SYS_FCST_ACT_MW,3.8,1870,ACTUAL,141
2019-12-10T00:00:00-00:00,2019-12-10T01:00:00-00:00,0,2019-12-09,17,0,ACTUAL,IPCO,Total Actual Hourly Integrated Load,SYS_FCST_ACT_MW,3.8,2076,ACTUAL,141
2019-12-10T03:00:00-00:00,2019-12-10T04:00:00-00:00,0,2019-12-09,20,0,ACTUAL,IPCO,Total Actual Hourly Integrated Load,SYS_FCST_ACT_MW,3.8,2100,ACTUAL,141
2019-12-09T09:00:00-00:00,2019-12-09T10:00:00-00:00,0,2019-12-09,2,0,ACTUAL,IPCO,Total Actual Hourly Integrated Load,SYS_FCST_ACT_MW,3.8,1609,ACTUAL,141
2019-12-09T10:00:00-00:00,2019-12-09T11:00:00-00:00,0,2019-12-09,3,0,ACTUAL,IPCO,Total Actual Hourly Integrated Load,SYS_FCST_ACT_MW,3.8,1633,ACTUAL,141
2019-12-09T23:00:00-00:00,2019-12-10T00:00:00-00:00,0,2019-12-09,16,0,ACTUAL,IPCO,Total Actual Hourly Integrated Load,SYS_FCST_ACT_MW,3.8,1922,ACTUAL,141
2019-12-10T01:00:00-00:00,2019-12-10T02:00:00-00:00,0,2019-12-09,18,0,ACTUAL,IPCO,Total Actual Hourly Integrated Load,SYS_FCST_ACT_MW,3.8,2139,ACTUAL,141
2019-12-10T04:00:00-00:00,2019-12-10T05:00:00-00:00,0,2019-12-09,21,0,ACTUAL,IPCO,Total Actual Hourly Integrated Load,SYS_FCST_ACT_MW,3.8,2032,ACTUAL,141
2019-12-09T17:00:00-00:00,2019-12-09T18:00:00-00:00,0,2019-12-09,10,0,ACTUAL,IPCO,Total Actual Hourly Integrated Load,SYS_FCST_ACT_MW,3.8,2024,ACTUAL,141
2019-12-10T07:00:00-00:00,2019-12-10T08:00:00-00:00,0,2019-12-09,24,0,ACTUAL,IPCO,Total Actual Hourly Integrated Load,SYS_FCST_ACT_MW,3.8,1748,ACTUAL,141
2019-12-09T13:00:00-00:00,2019-12-09T14:00:00-00:00,0,2019-12-09,6,0,ACTUAL,IPCO,Total Actual Hourly Integrated Load,SYS_FCST_ACT_MW,3.8,2000,ACTUAL,141
2019-12-09T20:00:00-00:00,2019-12-09T21:00:00-00:00,0,2019-12-09,13,0,ACTUAL,IPCO,Total Actual Hourly Integrated Load,SYS_FCST_ACT_MW,3.8,1892,ACTUAL,141
2019-12-10T06:00:00-00:00,2019-12-10T07:00:00-00:00,0,2019-12-09,23,0,ACTUAL,IPCO,Total Actual Hourly Integrated Load,SYS_FCST_ACT_MW,3.8,1806,ACTUAL,141
2019-12-09T21:00:00-00:00,2019-12-09T22:00:00-00:00,0,2019-12-09,14,0,ACTUAL,IPCO,Total Actual Hourly Integrated Load,SYS_FCST_ACT_MW,3.8,1864,ACTUAL,141
2019-12-10T05:00:00-00:00,2019-12-10T06:00:00-00:00,0,2019-12-09,22,0,ACTUAL,IPCO,Total Actual Hourly Integrated Load,SYS_FCST_ACT_MW,3.8,1913,ACTUAL,141
2019-12-09T12:00:00-00:00,2019-12-09T13:00:00-00:00,0,2019-12-09,5,0,ACTUAL,IPCO,Total Actual Hourly Integrated Load,SYS_FCST_ACT_MW,3.8,1814,ACTUAL,141
2019-12-09T19:00:00-00:00,2019-12-09T20:00:00-00:00,0,2019-12-09,12,0,ACTUAL,IPCO,Total Actual Hourly Integrated Load,SYS_FCST_ACT_MW,3.8,1926,ACTUAL,141
2019-12-10T02:00:00-00:00,2019-12-10T03:00:00-00:00,0,2019-12-09,19,0,ACTUAL,IPCO,Total Actual Hourly Integrated Load,SYS_FCST_ACT_MW,3.8,2124,ACTUAL,141
2019-12-09T08:00:00-00:00,2019-12-09T09:00:00-00:00,0,2019-12-09,1,0,ACTUAL,IPCO,Total Actual Hourly Integrated Load,SYS_FCST_ACT_MW,3.8,1608,ACTUAL,141
2019-12-09T11:00:00-00:00,2019-12-09T12:00:00-00:00,0,2019-12-09,4,0,ACTUAL,IPCO,Total Actual Hourly Integrated Load,SYS_FCST_ACT_MW,3.8,1688,ACTUAL,141
2019-12-09T16:00:00-00:00,2019-12-09T17:00:00-00:00,0,2019-12-09,9,0,ACTUAL,IPCO,Total Actual Hourly Integrated Load,SYS_FCST_ACT_MW,3.8,2092,ACTUAL,141
2019-12-09T15:00:00-00:00,2019-12-09T16:00:00-00:00,0,2019-12-09,8,0,ACTUAL,IPCO,Total Actual Hourly Integrated Load,SYS_FCST_ACT_MW,3.8,2134,ACTUAL,141
2019-12-09T09:00:00-00:00,2019-12-09T10:00:00-00:00,0,2019-12-09,2,0,ACTUAL,MWD-TAC,Total Actual Hourly Integrated Load,SYS_FCST_ACT_MW,3.3,97,ACTUAL,142
2019-12-09T21:00:00-00:00,2019-12-09T22:00:00-00:00,0,2019-12-09,14,0,ACTUAL,MWD-TAC,Total Actual Hourly Integrated Load,SYS_FCST_ACT_MW,3.3,101,ACTUAL,142
2019-12-10T03:00:00-00:00,2019-12-10T04:00:00-00:00,0,2019-12-09,20,0,ACTUAL,MWD-TAC,Total Actual Hourly Integrated Load,SYS_FCST_ACT_MW,3.3,101,ACTUAL,142
2019-12-10T05:00:00-00:00,2019-12-10T06:00:00-00:00,0,2019-12-09,22,0,ACTUAL,MWD-TAC,Total Actual Hourly Integrated Load,SYS_FCST_ACT_MW,3.3,106,ACTUAL,142
2019-12-09T15:00:00-00:00,2019-12-09T16:00:00-00:00,0,2019-12-09,8,0,ACTUAL,MWD-TAC,Total Actual Hourly Integrated Load,SYS_FCST_ACT_MW,3.3,97,ACTUAL,142
2019-12-09T20:00:00-00:00,2019-12-09T21:00:00-00:00,0,2019-12-09,13,0,ACTUAL,MWD-TAC,Total Actual Hourly Integrated Load,SYS_FCST_ACT_MW,3.3,101,ACTUAL,142
2019-12-09T23:00:00-00:00,2019-12-10T00:00:00-00:00,0,2019-12-09,16,0,ACTUAL,MWD-TAC,Total Actual Hourly Integrated Load,SYS_FCST_ACT_MW,3.3,96,ACTUAL,142
2019-12-10T06:00:00-00:00,2019-12-10T07:00:00-00:00,0,2019-12-09,23,0,ACTUAL,MWD-TAC,Total Actual Hourly Integrated Load,SYS_FCST_ACT_MW,3.3,98,ACTUAL,142
2019-12-09T10:00:00-00:00,2019-12-09T11:00:00-00:00,0,2019-12-09,3,0,ACTUAL,MWD-TAC,Total Actual Hourly Integrated Load,SYS_FCST_ACT_MW,3.3,97,ACTUAL,142
2019-12-09T11:00:00-00:00,2019-12-09T12:00:00-00:00,0,2019-12-09,4,0,ACTUAL,MWD-TAC,Total Actual Hourly Integrated Load,SYS_FCST_ACT_MW,3.3,97,ACTUAL,142
2019-12-09T16:00:00-00:00,2019-12-09T17:00:00-00:00,0,2019-12-09,9,0,ACTUAL,MWD-TAC,Total Actual Hourly Integrated Load,SYS_FCST_ACT_MW,3.3,99,ACTUAL,142
2019-12-09T22:00:00-00:00,2019-12-09T23:00:00-00:00,0,2019-12-09,15,0,ACTUAL,MWD-TAC,Total Actual Hourly Integrated Load,SYS_FCST_ACT_MW,3.3,99,ACTUAL,142
2019-12-10T00:00:00-00:00,2019-12-10T01:00:00-00:00,0,2019-12-09,17,0,ACTUAL,MWD-TAC,Total Actual Hourly Integrated Load,SYS_FCST_ACT_MW,3.3,96,ACTUAL,142
2019-12-10T01:00:00-00:00,2019-12-10T02:00:00-00:00,0,2019-12-09,18,0,ACTUAL,MWD-TAC,Total Actual Hourly Integrated Load,SYS_FCST_ACT_MW,3.3,99,ACTUAL,142
2019-12-10T02:00:00-00:00,2019-12-10T03:00:00-00:00,0,2019-12-09,19,0,ACTUAL,MWD-TAC,Total Actual Hourly Integrated Load,SYS_FCST_ACT_MW,3.3,97,ACTUAL,142
2019-12-10T07:00:00-00:00,2019-12-10T08:00:00-00:00,0,2019-12-09,24,0,ACTUAL,MWD-TAC,Total Actual Hourly Integrated Load,SYS_FCST_ACT_MW,3.3,97,ACTUAL,142
2019-12-09T08:00:00-00:00,2019-12-09T09:00:00-00:00,0,2019-12-09,1,0,ACTUAL,MWD-TAC,Total Actual Hourly Integrated Load,SYS_FCST_ACT_MW,3.3,97,ACTUAL,142
2019-12-09T13:00:00-00:00,2019-12-09T14:00:00-00:00,0,2019-12-09,6,0,ACTUAL,MWD-TAC,Total Actual Hourly Integrated Load,SYS_FCST_ACT_MW,3.3,97,ACTUAL,142
2019-12-09T14:00:00-00:00,2019-12-09T15:00:00-00:00,0,2019-12-09,7,0,ACTUAL,MWD-TAC,Total Actual Hourly Integrated Load,SYS_FCST_ACT_MW,3.3,99,ACTUAL,142
2019-12-10T04:00:00-00:00,2019-12-10T05:00:00-00:00,0,2019-12-09,21,0,ACTUAL,MWD-TAC,Total Actual Hourly Integrated Load,SYS_FCST_ACT_MW,3.3,99,ACTUAL,142
2019-12-09T12:00:00-00:00,2019-12-09T13:00:00-00:00,0,2019-12-09,5,0,ACTUAL,MWD-TAC,Total Actual Hourly Integrated Load,SYS_FCST_ACT_MW,3.3,97,ACTUAL,142
2019-12-09T18:00:00-00:00,2019-12-09T19:00:00-00:00,0,2019-12-09,11,0,ACTUAL,MWD-TAC,Total Actual Hourly Integrated Load,SYS_FCST_ACT_MW,3.3,101,ACTUAL,142
2019-12-09T19:00:00-00:00,2019-12-09T20:00:00-00:00,0,2019-12-09,12,0,ACTUAL,MWD-TAC,Total Actual Hourly Integrated Load,SYS_FCST_ACT_MW,3.3,98,ACTUAL,142
2019-12-09T17:00:00-00:00,2019-12-09T18:00:00-00:00,0,2019-12-09,10,0,ACTUAL,MWD-TAC,Total Actual Hourly Integrated Load,SYS_FCST_ACT_MW,3.3,102,ACTUAL,142
2019-12-09T12:00:00-00:00,2019-12-09T13:00:00-00:00,0,2019-12-09,5,0,ACTUAL,NEVP,Total Actual Hourly Integrated Load,SYS_FCST_ACT_MW,3.8,3455,ACTUAL,143
2019-12-10T04:00:00-00:00,2019-12-10T05:00:00-00:00,0,2019-12-09,21,0,ACTUAL,NEVP,Total Actual Hourly Integrated Load,SYS_FCST_ACT_MW,3.8,4185,ACTUAL,143
2019-12-10T07:00:00-00:00,2019-12-10T08:00:00-00:00,0,2019-12-09,24,0,ACTUAL,NEVP,Total Actual Hourly Integrated Load,SYS_FCST_ACT_MW,3.8,3672,ACTUAL,143
2019-12-09T10:00:00-00:00,2019-12-09T11:00:00-00:00,0,2019-12-09,3,0,ACTUAL,NEVP,Total Actual Hourly Integrated Load,SYS_FCST_ACT_MW,3.8,3337,ACTUAL,143
2019-12-09T16:00:00-00:00,2019-12-09T17:00:00-00:00,0,2019-12-09,9,0,ACTUAL,NEVP,Total Actual Hourly Integrated Load,SYS_FCST_ACT_MW,3.8,3814,ACTUAL,143
2019-12-09T19:00:00-00:00,2019-12-09T20:00:00-00:00,0,2019-12-09,12,0,ACTUAL,NEVP,Total Actual Hourly Integrated Load,SYS_FCST_ACT_MW,3.8,3668,ACTUAL,143
2019-12-09T14:00:00-00:00,2019-12-09T15:00:00-00:00,0,2019-12-09,7,0,ACTUAL,NEVP,Total Actual Hourly Integrated Load,SYS_FCST_ACT_MW,3.8,3871,ACTUAL,143
2019-12-09T09:00:00-00:00,2019-12-09T10:00:00-00:00,0,2019-12-09,2,0,ACTUAL,NEVP,Total Actual Hourly Integrated Load,SYS_FCST_ACT_MW,3.8,3356,ACTUAL,143
2019-12-09T13:00:00-00:00,2019-12-09T14:00:00-00:00,0,2019-12-09,6,0,ACTUAL,NEVP,Total Actual Hourly Integrated Load,SYS_FCST_ACT_MW,3.8,3654,ACTUAL,143
2019-12-09T21:00:00-00:00,2019-12-09T22:00:00-00:00,0,2019-12-09,14,0,ACTUAL,NEVP,Total Actual Hourly Integrated Load,SYS_FCST_ACT_MW,3.8,3635,ACTUAL,143
2019-12-10T00:00:00-00:00,2019-12-10T01:00:00-00:00,0,2019-12-09,17,0,ACTUAL,NEVP,Total Actual Hourly Integrated Load,SYS_FCST_ACT_MW,3.8,4037,ACTUAL,143
2019-12-10T01:00:00-00:00,2019-12-10T02:00:00-00:00,0,2019-12-09,18,0,ACTUAL,NEVP,Total Actual Hourly Integrated Load,SYS_FCST_ACT_MW,3.8,4261,ACTUAL,143
2019-12-10T03:00:00-00:00,2019-12-10T04:00:00-00:00,0,2019-12-09,20,0,ACTUAL,NEVP,Total Actual Hourly Integrated Load,SYS_FCST_ACT_MW,3.8,4245,ACTUAL,143
2019-12-10T05:00:00-00:00,2019-12-10T06:00:00-00:00,0,2019-12-09,22,0,ACTUAL,NEVP,Total Actual Hourly Integrated Load,SYS_FCST_ACT_MW,3.8,4027,ACTUAL,143
2019-12-10T06:00:00-00:00,2019-12-10T07:00:00-00:00,0,2019-12-09,23,0,ACTUAL,NEVP,Total Actual Hourly Integrated Load,SYS_FCST_ACT_MW,3.8,3835,ACTUAL,143
2019-12-10T02:00:00-00:00,2019-12-10T03:00:00-00:00,0,2019-12-09,19,0,ACTUAL,NEVP,Total Actual Hourly Integrated Load,SYS_FCST_ACT_MW,3.8,4261,ACTUAL,143
2019-12-09T17:00:00-00:00,2019-12-09T18:00:00-00:00,0,2019-12-09,10,0,ACTUAL,NEVP,Total Actual Hourly Integrated Load,SYS_FCST_ACT_MW,3.8,3756,ACTUAL,143
2019-12-09T20:00:00-00:00,2019-12-09T21:00:00-00:00,0,2019-12-09,13,0,ACTUAL,NEVP,Total Actual Hourly Integrated Load,SYS_FCST_ACT_MW,3.8,3643,ACTUAL,143
2019-12-09T08:00:00-00:00,2019-12-09T09:00:00-00:00,0,2019-12-09,1,0,ACTUAL,NEVP,Total Actual Hourly Integrated Load,SYS_FCST_ACT_MW,3.8,3413,ACTUAL,143
2019-12-09T11:00:00-00:00,2019-12-09T12:00:00-00:00,0,2019-12-09,4,0,ACTUAL,NEVP,Total Actual Hourly Integrated Load,SYS_FCST_ACT_MW,3.8,3364,ACTUAL,143
2019-12-09T15:00:00-00:00,2019-12-09T16:00:00-00:00,0,2019-12-09,8,0,ACTUAL,NEVP,Total Actual Hourly Integrated Load,SYS_FCST_ACT_MW,3.8,3872,ACTUAL,143
2019-12-09T22:00:00-00:00,2019-12-09T23:00:00-00:00,0,2019-12-09,15,0,ACTUAL,NEVP,Total Actual Hourly Integrated Load,SYS_FCST_ACT_MW,3.8,3676,ACTUAL,143
2019-12-09T23:00:00-00:00,2019-12-10T00:00:00-00:00,0,2019-12-09,16,0,ACTUAL,NEVP,Total Actual Hourly Integrated Load,SYS_FCST_ACT_MW,3.8,3767,ACTUAL,143
2019-12-09T18:00:00-00:00,2019-12-09T19:00:00-00:00,0,2019-12-09,11,0,ACTUAL,NEVP,Total Actual Hourly Integrated Load,SYS_FCST_ACT_MW,3.8,3715,ACTUAL,143
2019-12-09T09:00:00-00:00,2019-12-09T10:00:00-00:00,0,2019-12-09,2,0,ACTUAL,PACE,Total Actual Hourly Integrated Load,SYS_FCST_ACT_MW,3.8,4730,ACTUAL,144
2019-12-09T18:00:00-00:00,2019-12-09T19:00:00-00:00,0,2019-12-09,11,0,ACTUAL,PACE,Total Actual Hourly Integrated Load,SYS_FCST_ACT_MW,3.8,5748,ACTUAL,144
2019-12-09T10:00:00-00:00,2019-12-09T11:00:00-00:00,0,2019-12-09,3,0,ACTUAL,PACE,Total Actual Hourly Integrated Load,SYS_FCST_ACT_MW,3.8,4752,ACTUAL,144
2019-12-09T21:00:00-00:00,2019-12-09T22:00:00-00:00,0,2019-12-09,14,0,ACTUAL,PACE,Total Actual Hourly Integrated Load,SYS_FCST_ACT_MW,3.8,5658,ACTUAL,144
2019-12-09T20:00:00-00:00,2019-12-09T21:00:00-00:00,0,2019-12-09,13,0,ACTUAL,PACE,Total Actual Hourly Integrated Load,SYS_FCST_ACT_MW,3.8,5659,ACTUAL,144
2019-12-09T12:00:00-00:00,2019-12-09T13:00:00-00:00,0,2019-12-09,5,0,ACTUAL,PACE,Total Actual Hourly Integrated Load,SYS_FCST_ACT_MW,3.8,5114,ACTUAL,144
2019-12-10T07:00:00-00:00,2019-12-10T08:00:00-00:00,0,2019-12-09,24,0,ACTUAL,PACE,Total Actual Hourly Integrated Load,SYS_FCST_ACT_MW,3.8,5042,ACTUAL,144
2019-12-09T16:00:00-00:00,2019-12-09T17:00:00-00:00,0,2019-12-09,9,0,ACTUAL,PACE,Total Actual Hourly Integrated Load,SYS_FCST_ACT_MW,3.8,5842,ACTUAL,144
2019-12-09T13:00:00-00:00,2019-12-09T14:00:00-00:00,0,2019-12-09,6,0,ACTUAL,PACE,Total Actual Hourly Integrated Load,SYS_FCST_ACT_MW,3.8,5508,ACTUAL,144
2019-12-09T15:00:00-00:00,2019-12-09T16:00:00-00:00,0,2019-12-09,8,0,ACTUAL,PACE,Total Actual Hourly Integrated Load,SYS_FCST_ACT_MW,3.8,5854,ACTUAL,144
2019-12-09T14:00:00-00:00,2019-12-09T15:00:00-00:00,0,2019-12-09,7,0,ACTUAL,PACE,Total Actual Hourly Integrated Load,SYS_FCST_ACT_MW,3.8,5824,ACTUAL,144
2019-12-10T06:00:00-00:00,2019-12-10T07:00:00-00:00,0,2019-12-09,23,0,ACTUAL,PACE,Total Actual Hourly Integrated Load,SYS_FCST_ACT_MW,3.8,5229,ACTUAL,144
2019-12-09T17:00:00-00:00,2019-12-09T18:00:00-00:00,0,2019-12-09,10,0,ACTUAL,PACE,Total Actual Hourly Integrated Load,SYS_FCST_ACT_MW,3.8,5813,ACTUAL,144
2019-12-10T05:00:00-00:00,2019-12-10T06:00:00-00:00,0,2019-12-09,22,0,ACTUAL,PACE,Total Actual Hourly Integrated Load,SYS_FCST_ACT_MW,3.8,5533,ACTUAL,144
2019-12-10T03:00:00-00:00,2019-12-10T04:00:00-00:00,0,2019-12-09,20,0,ACTUAL,PACE,Total Actual Hourly Integrated Load,SYS_FCST_ACT_MW,3.8,6069,ACTUAL,144
2019-12-09T08:00:00-00:00,2019-12-09T09:00:00-00:00,0,2019-12-09,1,0,ACTUAL,PACE,Total Actual Hourly Integrated Load,SYS_FCST_ACT_MW,3.8,4740,ACTUAL,144
2019-12-10T00:00:00-00:00,2019-12-10T01:00:00-00:00,0,2019-12-09,17,0,ACTUAL,PACE,Total Actual Hourly Integrated Load,SYS_FCST_ACT_MW,3.8,6199,ACTUAL,144
2019-12-10T02:00:00-00:00,2019-12-10T03:00:00-00:00,0,2019-12-09,19,0,ACTUAL,PACE,Total Actual Hourly Integrated Load,SYS_FCST_ACT_MW,3.8,6177,ACTUAL,144
2019-12-10T01:00:00-00:00,2019-12-10T02:00:00-00:00,0,2019-12-09,18,0,ACTUAL,PACE,Total Actual Hourly Integrated Load,SYS_FCST_ACT_MW,3.8,6247,ACTUAL,144
2019-12-09T19:00:00-00:00,2019-12-09T20:00:00-00:00,0,2019-12-09,12,0,ACTUAL,PACE,Total Actual Hourly Integrated Load,SYS_FCST_ACT_MW,3.8,5677,ACTUAL,144
2019-12-09T23:00:00-00:00,2019-12-10T00:00:00-00:00,0,2019-12-09,16,0,ACTUAL,PACE,Total Actual Hourly Integrated Load,SYS_FCST_ACT_MW,3.8,5849,ACTUAL,144
2019-12-09T11:00:00-00:00,2019-12-09T12:00:00-00:00,0,2019-12-09,4,0,ACTUAL,PACE,Total Actual Hourly Integrated Load,SYS_FCST_ACT_MW,3.8,4864,ACTUAL,144
2019-12-09T22:00:00-00:00,2019-12-09T23:00:00-00:00,0,2019-12-09,15,0,ACTUAL,PACE,Total Actual Hourly Integrated Load,SYS_FCST_ACT_MW,3.8,5697,ACTUAL,144
2019-12-10T04:00:00-00:00,2019-12-10T05:00:00-00:00,0,2019-12-09,21,0,ACTUAL,PACE,Total Actual Hourly Integrated Load,SYS_FCST_ACT_MW,3.8,5858,ACTUAL,144
2019-12-09T10:00:00-00:00,2019-12-09T11:00:00-00:00,0,2019-12-09,3,0,ACTUAL,PACW,Total Actual Hourly Integrated Load,SYS_FCST_ACT_MW,3.8,2027,ACTUAL,145
2019-12-09T09:00:00-00:00,2019-12-09T10:00:00-00:00,0,2019-12-09,2,0,ACTUAL,PACW,Total Actual Hourly Integrated Load,SYS_FCST_ACT_MW,3.8,2024,ACTUAL,145
2019-12-10T02:00:00-00:00,2019-12-10T03:00:00-00:00,0,2019-12-09,19,0,ACTUAL,PACW,Total Actual Hourly Integrated Load,SYS_FCST_ACT_MW,3.8,3028,ACTUAL,145
2019-12-10T01:00:00-00:00,2019-12-10T02:00:00-00:00,0,2019-12-09,18,0,ACTUAL,PACW,Total Actual Hourly Integrated Load,SYS_FCST_ACT_MW,3.8,3031,ACTUAL,145
2019-12-09T13:00:00-00:00,2019-12-09T14:00:00-00:00,0,2019-12-09,6,0,ACTUAL,PACW,Total Actual Hourly Integrated Load,SYS_FCST_ACT_MW,3.8,2453,ACTUAL,145
2019-12-10T04:00:00-00:00,2019-12-10T05:00:00-00:00,0,2019-12-09,21,0,ACTUAL,PACW,Total Actual Hourly Integrated Load,SYS_FCST_ACT_MW,3.8,2888,ACTUAL,145
2019-12-09T18:00:00-00:00,2019-12-09T19:00:00-00:00,0,2019-12-09,11,0,ACTUAL,PACW,Total Actual Hourly Integrated Load,SYS_FCST_ACT_MW,3.8,2896,ACTUAL,145
2019-12-09T21:00:00-00:00,2019-12-09T22:00:00-00:00,0,2019-12-09,14,0,ACTUAL,PACW,Total Actual Hourly Integrated Load,SYS_FCST_ACT_MW,3.8,2723,ACTUAL,145
2019-12-10T07:00:00-00:00,2019-12-10T08:00:00-00:00,0,2019-12-09,24,0,ACTUAL,PACW,Total Actual Hourly Integrated Load,SYS_FCST_ACT_MW,3.8,2348,ACTUAL,145
2019-12-10T00:00:00-00:00,2019-12-10T01:00:00-00:00,0,2019-12-09,17,0,ACTUAL,PACW,Total Actual Hourly Integrated Load,SYS_FCST_ACT_MW,3.8,2884,ACTUAL,145
2019-12-09T20:00:00-00:00,2019-12-09T21:00:00-00:00,0,2019-12-09,13,0,ACTUAL,PACW,Total Actual Hourly Integrated Load,SYS_FCST_ACT_MW,3.8,2784,ACTUAL,145
2019-12-09T19:00:00-00:00,2019-12-09T20:00:00-00:00,0,2019-12-09,12,0,ACTUAL,PACW,Total Actual Hourly Integrated Load,SYS_FCST_ACT_MW,3.8,2838,ACTUAL,145
2019-12-09T11:00:00-00:00,2019-12-09T12:00:00-00:00,0,2019-12-09,4,0,ACTUAL,PACW,Total Actual Hourly Integrated Load,SYS_FCST_ACT_MW,3.8,2065,ACTUAL,145
2019-12-09T15:00:00-00:00,2019-12-09T16:00:00-00:00,0,2019-12-09,8,0,ACTUAL,PACW,Total Actual Hourly Integrated Load,SYS_FCST_ACT_MW,3.8,3015,ACTUAL,145
2019-12-09T14:00:00-00:00,2019-12-09T15:00:00-00:00,0,2019-12-09,7,0,ACTUAL,PACW,Total Actual Hourly Integrated Load,SYS_FCST_ACT_MW,3.8,2814,ACTUAL,145
2019-12-09T23:00:00-00:00,2019-12-10T00:00:00-00:00,0,2019-12-09,16,0,ACTUAL,PACW,Total Actual Hourly Integrated Load,SYS_FCST_ACT_MW,3.8,2710,ACTUAL,145
2019-12-09T12:00:00-00:00,2019-12-09T13:00:00-00:00,0,2019-12-09,5,0,ACTUAL,PACW,Total Actual Hourly Integrated Load,SYS_FCST_ACT_MW,3.8,2190,ACTUAL,145
2019-12-09T08:00:00-00:00,2019-12-09T09:00:00-00:00,0,2019-12-09,1,0,ACTUAL,PACW,Total Actual Hourly Integrated Load,SYS_FCST_ACT_MW,3.8,2056,ACTUAL,145
2019-12-09T22:00:00-00:00,2019-12-09T23:00:00-00:00,0,2019-12-09,15,0,ACTUAL,PACW,Total Actual Hourly Integrated Load,SYS_FCST_ACT_MW,3.8,2675,ACTUAL,145
2019-12-09T16:00:00-00:00,2019-12-09T17:00:00-00:00,0,2019-12-09,9,0,ACTUAL,PACW,Total Actual Hourly Integrated Load,SYS_FCST_ACT_MW,3.8,2990,ACTUAL,145
2019-12-10T06:00:00-00:00,2019-12-10T07:00:00-00:00,0,2019-12-09,23,0,ACTUAL,PACW,Total Actual Hourly Integrated Load,SYS_FCST_ACT_MW,3.8,2516,ACTUAL,145
2019-12-10T05:00:00-00:00,2019-12-10T06:00:00-00:00,0,2019-12-09,22,0,ACTUAL,PACW,Total Actual Hourly Integrated Load,SYS_FCST_ACT_MW,3.8,2724,ACTUAL,145
2019-12-10T03:00:00-00:00,2019-12-10T04:00:00-00:00,0,2019-12-09,20,0,ACTUAL,PACW,Total Actual Hourly Integrated Load,SYS_FCST_ACT_MW,3.8,2983,ACTUAL,145
2019-12-09T17:00:00-00:00,2019-12-09T18:00:00-00:00,0,2019-12-09,10,0,ACTUAL,PACW,Total Actual Hourly Integrated Load,SYS_FCST_ACT_MW,3.8,2953,ACTUAL,145
2019-12-09T11:00:00-00:00,2019-12-09T12:00:00-00:00,0,2019-12-09,4,0,ACTUAL,PGE,Total Actual Hourly Integrated Load,SYS_FCST_ACT_MW,3.8,1910,ACTUAL,146
2019-12-09T12:00:00-00:00,2019-12-09T13:00:00-00:00,0,2019-12-09,5,0,ACTUAL,PGE,Total Actual Hourly Integrated Load,SYS_FCST_ACT_MW,3.8,2024,ACTUAL,146
2019-12-09T17:00:00-00:00,2019-12-09T18:00:00-00:00,0,2019-12-09,10,0,ACTUAL,PGE,Total Actual Hourly Integrated Load,SYS_FCST_ACT_MW,3.8,2779,ACTUAL,146
2019-12-10T07:00:00-00:00,2019-12-10T08:00:00-00:00,0,2019-12-09,24,0,ACTUAL,PGE,Total Actual Hourly Integrated Load,SYS_FCST_ACT_MW,3.8,2257,ACTUAL,146
2019-12-09T10:00:00-00:00,2019-12-09T11:00:00-00:00,0,2019-12-09,3,0,ACTUAL,PGE,Total Actual Hourly Integrated Load,SYS_FCST_ACT_MW,3.8,1875,ACTUAL,146
2019-12-09T14:00:00-00:00,2019-12-09T15:00:00-00:00,0,2019-12-09,7,0,ACTUAL,PGE,Total Actual Hourly Integrated Load,SYS_FCST_ACT_MW,3.8,2610,ACTUAL,146
2019-12-09T20:00:00-00:00,2019-12-09T21:00:00-00:00,0,2019-12-09,13,0,ACTUAL,PGE,Total Actual Hourly Integrated Load,SYS_FCST_ACT_MW,3.8,2674,ACTUAL,146
2019-12-10T05:00:00-00:00,2019-12-10T06:00:00-00:00,0,2019-12-09,22,0,ACTUAL,PGE,Total Actual Hourly Integrated Load,SYS_FCST_ACT_MW,3.8,2716,ACTUAL,146
2019-12-09T15:00:00-00:00,2019-12-09T16:00:00-00:00,0,2019-12-09,8,0,ACTUAL,PGE,Total Actual Hourly Integrated Load,SYS_FCST_ACT_MW,3.8,2820,ACTUAL,146
2019-12-09T16:00:00-00:00,2019-12-09T17:00:00-00:00,0,2019-12-09,9,0,ACTUAL,PGE,Total Actual Hourly Integrated Load,SYS_FCST_ACT_MW,3.8,2809,ACTUAL,146
2019-12-10T01:00:00-00:00,2019-12-10T02:00:00-00:00,0,2019-12-09,18,0,ACTUAL,PGE,Total Actual Hourly Integrated Load,SYS_FCST_ACT_MW,3.8,3040,ACTUAL,146
2019-12-10T04:00:00-00:00,2019-12-10T05:00:00-00:00,0,2019-12-09,21,0,ACTUAL,PGE,Total Actual Hourly Integrated Load,SYS_FCST_ACT_MW,3.8,2901,ACTUAL,146
2019-12-09T18:00:00-00:00,2019-12-09T19:00:00-00:00,0,2019-12-09,11,0,ACTUAL,PGE,Total Actual Hourly Integrated Load,SYS_FCST_ACT_MW,3.8,2746,ACTUAL,146
2019-12-09T09:00:00-00:00,2019-12-09T10:00:00-00:00,0,2019-12-09,2,0,ACTUAL,PGE,Total Actual Hourly Integrated Load,SYS_FCST_ACT_MW,3.8,1896,ACTUAL,146
2019-12-09T13:00:00-00:00,2019-12-09T14:00:00-00:00,0,2019-12-09,6,0,ACTUAL,PGE,Total Actual Hourly Integrated Load,SYS_FCST_ACT_MW,3.8,2266,ACTUAL,146
2019-12-09T19:00:00-00:00,2019-12-09T20:00:00-00:00,0,2019-12-09,12,0,ACTUAL,PGE,Total Actual Hourly Integrated Load,SYS_FCST_ACT_MW,3.8,2699,ACTUAL,146
2019-12-09T23:00:00-00:00,2019-12-10T00:00:00-00:00,0,2019-12-09,16,0,ACTUAL,PGE,Total Actual Hourly Integrated Load,SYS_FCST_ACT_MW,3.8,2675,ACTUAL,146
2019-12-10T03:00:00-00:00,2019-12-10T04:00:00-00:00,0,2019-12-09,20,0,ACTUAL,PGE,Total Actual Hourly Integrated Load,SYS_FCST_ACT_MW,3.8,2993,ACTUAL,146
2019-12-10T02:00:00-00:00,2019-12-10T03:00:00-00:00,0,2019-12-09,19,0,ACTUAL,PGE,Total Actual Hourly Integrated Load,SYS_FCST_ACT_MW,3.8,3046,ACTUAL,146
2019-12-10T06:00:00-00:00,2019-12-10T07:00:00-00:00,0,2019-12-09,23,0,ACTUAL,PGE,Total Actual Hourly Integrated Load,SYS_FCST_ACT_MW,3.8,2473,ACTUAL,146
2019-12-09T21:00:00-00:00,2019-12-09T22:00:00-00:00,0,2019-12-09,14,0,ACTUAL,PGE,Total Actual Hourly Integrated Load,SYS_FCST_ACT_MW,3.8,2643,ACTUAL,146
2019-12-09T22:00:00-00:00,2019-12-09T23:00:00-00:00,0,2019-12-09,15,0,ACTUAL,PGE,Total Actual Hourly Integrated Load,SYS_FCST_ACT_MW,3.8,2619,ACTUAL,146
2019-12-10T00:00:00-00:00,2019-12-10T01:00:00-00:00,0,2019-12-09,17,0,ACTUAL,PGE,Total Actual Hourly Integrated Load,SYS_FCST_ACT_MW,3.8,2854,ACTUAL,146
2019-12-09T08:00:00-00:00,2019-12-09T09:00:00-00:00,0,2019-12-09,1,0,ACTUAL,PGE,Total Actual Hourly Integrated Load,SYS_FCST_ACT_MW,3.8,1964,ACTUAL,146
2019-12-09T14:00:00-00:00,2019-12-09T15:00:00-00:00,0,2019-12-09,7,0,ACTUAL,PGE-TAC,Total Actual Hourly Integrated Load,SYS_FCST_ACT_MW,3.1,11246,ACTUAL,147
2019-12-10T06:00:00-00:00,2019-12-10T07:00:00-00:00,0,2019-12-09,23,0,ACTUAL,PGE-TAC,Total Actual Hourly Integrated Load,SYS_FCST_ACT_MW,3.1,11030,ACTUAL,147
2019-12-09T15:00:00-00:00,2019-12-09T16:00:00-00:00,0,2019-12-09,8,0,ACTUAL,PGE-TAC,Total Actual Hourly Integrated Load,SYS_FCST_ACT_MW,3.1,12064,ACTUAL,147
2019-12-09T18:00:00-00:00,2019-12-09T19:00:00-00:00,0,2019-12-09,11,0,ACTUAL,PGE-TAC,Total Actual Hourly Integrated Load,SYS_FCST_ACT_MW,3.1,11395,ACTUAL,147
2019-12-09T16:00:00-00:00,2019-12-09T17:00:00-00:00,0,2019-12-09,9,0,ACTUAL,PGE-TAC,Total Actual Hourly Integrated Load,SYS_FCST_ACT_MW,3.1,11959,ACTUAL,147
2019-12-09T12:00:00-00:00,2019-12-09T13:00:00-00:00,0,2019-12-09,5,0,ACTUAL,PGE-TAC,Total Actual Hourly Integrated Load,SYS_FCST_ACT_MW,3.1,9587,ACTUAL,147
2019-12-09T10:00:00-00:00,2019-12-09T11:00:00-00:00,0,2019-12-09,3,0,ACTUAL,PGE-TAC,Total Actual Hourly Integrated Load,SYS_FCST_ACT_MW,3.1,9229,ACTUAL,147
2019-12-10T05:00:00-00:00,2019-12-10T06:00:00-00:00,0,2019-12-09,22,0,ACTUAL,PGE-TAC,Total Actual Hourly Integrated Load,SYS_FCST_ACT_MW,3.1,11947,ACTUAL,147
2019-12-09T23:00:00-00:00,2019-12-10T00:00:00-00:00,0,2019-12-09,16,0,ACTUAL,PGE-TAC,Total Actual Hourly Integrated Load,SYS_FCST_ACT_MW,3.1,11513,ACTUAL,147
2019-12-09T20:00:00-00:00,2019-12-09T21:00:00-00:00,0,2019-12-09,13,0,ACTUAL,PGE-TAC,Total Actual Hourly Integrated Load,SYS_FCST_ACT_MW,3.1,11002,ACTUAL,147
2019-12-09T19:00:00-00:00,2019-12-09T20:00:00-00:00,0,2019-12-09,12,0,ACTUAL,PGE-TAC,Total Actual Hourly Integrated Load,SYS_FCST_ACT_MW,3.1,11153,ACTUAL,147
2019-12-10T07:00:00-00:00,2019-12-10T08:00:00-00:00,0,2019-12-09,24,0,ACTUAL,PGE-TAC,Total Actual Hourly Integrated Load,SYS_FCST_ACT_MW,3.1,10184,ACTUAL,147
2019-12-10T00:00:00-00:00,2019-12-10T01:00:00-00:00,0,2019-12-09,17,0,ACTUAL,PGE-TAC,Total Actual Hourly Integrated Load,SYS_FCST_ACT_MW,3.1,12188,ACTUAL,147
2019-12-09T22:00:00-00:00,2019-12-09T23:00:00-00:00,0,2019-12-09,15,0,ACTUAL,PGE-TAC,Total Actual Hourly Integrated Load,SYS_FCST_ACT_MW,3.1,11095,ACTUAL,147
2019-12-09T17:00:00-00:00,2019-12-09T18:00:00-00:00,0,2019-12-09,10,0,ACTUAL,PGE-TAC,Total Actual Hourly Integrated Load,SYS_FCST_ACT_MW,3.1,11699,ACTUAL,147
2019-12-09T13:00:00-00:00,2019-12-09T14:00:00-00:00,0,2019-12-09,6,0,ACTUAL,PGE-TAC,Total Actual Hourly Integrated Load,SYS_FCST_ACT_MW,3.1,10046,ACTUAL,147
2019-12-09T11:00:00-00:00,2019-12-09T12:00:00-00:00,0,2019-12-09,4,0,ACTUAL,PGE-TAC,Total Actual Hourly Integrated Load,SYS_FCST_ACT_MW,3.1,9305,ACTUAL,147
2019-12-09T09:00:00-00:00,2019-12-09T10:00:00-00:00,0,2019-12-09,2,0,ACTUAL,PGE-TAC,Total Actual Hourly Integrated Load,SYS_FCST_ACT_MW,3.1,9377,ACTUAL,147
2019-12-09T08:00:00-00:00,2019-12-09T09:00:00-00:00,0,2019-12-09,1,0,ACTUAL,PGE-TAC,Total Actual Hourly Integrated Load,SYS_FCST_ACT_MW,3.1,9700,ACTUAL,147
2019-12-10T02:00:00-00:00,2019-12-10T03:00:00-00:00,0,2019-12-09,19,0,ACTUAL,PGE-TAC,Total Actual Hourly Integrated Load,SYS_FCST_ACT_MW,3.1,13271,ACTUAL,147
2019-12-10T04:00:00-00:00,2019-12-10T05:00:00-00:00,0,2019-12-09,21,0,ACTUAL,PGE-TAC,Total Actual Hourly Integrated Load,SYS_FCST_ACT_MW,3.1,12613,ACTUAL,147
2019-12-10T03:00:00-00:00,2019-12-10T04:00:00-00:00,0,2019-12-09,20,0,ACTUAL,PGE-TAC,Total Actual Hourly Integrated Load,SYS_FCST_ACT_MW,3.1,13025,ACTUAL,147
2019-12-10T01:00:00-00:00,2019-12-10T02:00:00-00:00,0,2019-12-09,18,0,ACTUAL,PGE-TAC,Total Actual Hourly Integrated Load,SYS_FCST_ACT_MW,3.1,13196,ACTUAL,147
2019-12-09T21:00:00-00:00,2019-12-09T22:00:00-00:00,0,2019-12-09,14,0,ACTUAL,PGE-TAC,Total Actual Hourly Integrated Load,SYS_FCST_ACT_MW,3.1,10965,ACTUAL,147
2019-12-10T01:00:00-00:00,2019-12-10T02:00:00-00:00,0,2019-12-09,18,0,ACTUAL,PSEI,Total Actual Hourly Integrated Load,SYS_FCST_ACT_MW,3.8,3869,ACTUAL,148
2019-12-09T13:00:00-00:00,2019-12-09T14:00:00-00:00,0,2019-12-09,6,0,ACTUAL,PSEI,Total Actual Hourly Integrated Load,SYS_FCST_ACT_MW,3.8,2882,ACTUAL,148
2019-12-09T23:00:00-00:00,2019-12-10T00:00:00-00:00,0,2019-12-09,16,0,ACTUAL,PSEI,Total Actual Hourly Integrated Load,SYS_FCST_ACT_MW,3.8,3464,ACTUAL,148
2019-12-09T22:00:00-00:00,2019-12-09T23:00:00-00:00,0,2019-12-09,15,0,ACTUAL,PSEI,Total Actual Hourly Integrated Load,SYS_FCST_ACT_MW,3.8,3380,ACTUAL,148
2019-12-09T10:00:00-00:00,2019-12-09T11:00:00-00:00,0,2019-12-09,3,0,ACTUAL,PSEI,Total Actual Hourly Integrated Load,SYS_FCST_ACT_MW,3.8,2333,ACTUAL,148
2019-12-09T19:00:00-00:00,2019-12-09T20:00:00-00:00,0,2019-12-09,12,0,ACTUAL,PSEI,Total Actual Hourly Integrated Load,SYS_FCST_ACT_MW,3.8,3421,ACTUAL,148
2019-12-09T20:00:00-00:00,2019-12-09T21:00:00-00:00,0,2019-12-09,13,0,ACTUAL,PSEI,Total Actual Hourly Integrated Load,SYS_FCST_ACT_MW,3.8,3402,ACTUAL,148
2019-12-10T06:00:00-00:00,2019-12-10T07:00:00-00:00,0,2019-12-09,23,0,ACTUAL,PSEI,Total Actual Hourly Integrated Load,SYS_FCST_ACT_MW,3.8,3031,ACTUAL,148
2019-12-10T02:00:00-00:00,2019-12-10T03:00:00-00:00,0,2019-12-09,19,0,ACTUAL,PSEI,Total Actual Hourly Integrated Load,SYS_FCST_ACT_MW,3.8,3836,ACTUAL,148
2019-12-09T08:00:00-00:00,2019-12-09T09:00:00-00:00,0,2019-12-09,1,0,ACTUAL,PSEI,Total Actual Hourly Integrated Load,SYS_FCST_ACT_MW,3.8,2413,ACTUAL,148
2019-12-09T11:00:00-00:00,2019-12-09T12:00:00-00:00,0,2019-12-09,4,0,ACTUAL,PSEI,Total Actual Hourly Integrated Load,SYS_FCST_ACT_MW,3.8,2388,ACTUAL,148
2019-12-09T21:00:00-00:00,2019-12-09T22:00:00-00:00,0,2019-12-09,14,0,ACTUAL,PSEI,Total Actual Hourly Integrated Load,SYS_FCST_ACT_MW,3.8,3381,ACTUAL,148
2019-12-09T18:00:00-00:00,2019-12-09T19:00:00-00:00,0,2019-12-09,11,0,ACTUAL,PSEI,Total Actual Hourly Integrated Load,SYS_FCST_ACT_MW,3.8,3460,ACTUAL,148
2019-12-09T15:00:00-00:00,2019-12-09T16:00:00-00:00,0,2019-12-09,8,0,ACTUAL,PSEI,Total Actual Hourly Integrated Load,SYS_FCST_ACT_MW,3.8,3523,ACTUAL,148
2019-12-09T12:00:00-00:00,2019-12-09T13:00:00-00:00,0,2019-12-09,5,0,ACTUAL,PSEI,Total Actual Hourly Integrated Load,SYS_FCST_ACT_MW,3.8,2556,ACTUAL,148
2019-12-10T07:00:00-00:00,2019-12-10T08:00:00-00:00,0,2019-12-09,24,0,ACTUAL,PSEI,Total Actual Hourly Integrated Load,SYS_FCST_ACT_MW,3.8,2762,ACTUAL,148
2019-12-10T04:00:00-00:00,2019-12-10T05:00:00-00:00,0,2019-12-09,21,0,ACTUAL,PSEI,Total Actual Hourly Integrated Load,SYS_FCST_ACT_MW,3.8,3593,ACTUAL,148
2019-12-10T05:00:00-00:00,2019-12-10T06:00:00-00:00,0,2019-12-09,22,0,ACTUAL,PSEI,Total Actual Hourly Integrated Load,SYS_FCST_ACT_MW,3.8,3350,ACTUAL,148
2019-12-10T03:00:00-00:00,2019-12-10T04:00:00-00:00,0,2019-12-09,20,0,ACTUAL,PSEI,Total Actual Hourly Integrated Load,SYS_FCST_ACT_MW,3.8,3737,ACTUAL,148
2019-12-10T00:00:00-00:00,2019-12-10T01:00:00-00:00,0,2019-12-09,17,0,ACTUAL,PSEI,Total Actual Hourly Integrated Load,SYS_FCST_ACT_MW,3.8,3710,ACTUAL,148
2019-12-09T17:00:00-00:00,2019-12-09T18:00:00-00:00,0,2019-12-09,10,0,ACTUAL,PSEI,Total Actual Hourly Integrated Load,SYS_FCST_ACT_MW,3.8,3492,ACTUAL,148
2019-12-09T14:00:00-00:00,2019-12-09T15:00:00-00:00,0,2019-12-09,7,0,ACTUAL,PSEI,Total Actual Hourly Integrated Load,SYS_FCST_ACT_MW,3.8,3280,ACTUAL,148
2019-12-09T09:00:00-00:00,2019-12-09T10:00:00-00:00,0,2019-12-09,2,0,ACTUAL,PSEI,Total Actual Hourly Integrated Load,SYS_FCST_ACT_MW,3.8,2342,ACTUAL,148
2019-12-09T16:00:00-00:00,2019-12-09T17:00:00-00:00,0,2019-12-09,9,0,ACTUAL,PSEI,Total Actual Hourly Integrated Load,SYS_FCST_ACT_MW,3.8,3527,ACTUAL,148
2019-12-09T15:00:00-00:00,2019-12-09T16:00:00-00:00,0,2019-12-09,8,0,ACTUAL,SCE-TAC,Total Actual Hourly Integrated Load,SYS_FCST_ACT_MW,3.2,11205,ACTUAL,149
2019-12-09T14:00:00-00:00,2019-12-09T15:00:00-00:00,0,2019-12-09,7,0,ACTUAL,SCE-TAC,Total Actual Hourly Integrated Load,SYS_FCST_ACT_MW,3.2,10895,ACTUAL,149
2019-12-09T20:00:00-00:00,2019-12-09T21:00:00-00:00,0,2019-12-09,13,0,ACTUAL,SCE-TAC,Total Actual Hourly Integrated Load,SYS_FCST_ACT_MW,3.2,10457,ACTUAL,149
2019-12-09T23:00:00-00:00,2019-12-10T00:00:00-00:00,0,2019-12-09,16,0,ACTUAL,SCE-TAC,Total Actual Hourly Integrated Load,SYS_FCST_ACT_MW,3.2,11021,ACTUAL,149
2019-12-10T00:00:00-00:00,2019-12-10T01:00:00-00:00,0,2019-12-09,17,0,ACTUAL,SCE-TAC,Total Actual Hourly Integrated Load,SYS_FCST_ACT_MW,3.2,11800,ACTUAL,149
2019-12-10T01:00:00-00:00,2019-12-10T02:00:00-00:00,0,2019-12-09,18,0,ACTUAL,SCE-TAC,Total Actual Hourly Integrated Load,SYS_FCST_ACT_MW,3.2,12861,ACTUAL,149
2019-12-10T04:00:00-00:00,2019-12-10T05:00:00-00:00,0,2019-12-09,21,0,ACTUAL,SCE-TAC,Total Actual Hourly Integrated Load,SYS_FCST_ACT_MW,3.2,12548,ACTUAL,149
2019-12-10T05:00:00-00:00,2019-12-10T06:00:00-00:00,0,2019-12-09,22,0,ACTUAL,SCE-TAC,Total Actual Hourly Integrated Load,SYS_FCST_ACT_MW,3.2,12042,ACTUAL,149
2019-12-10T06:00:00-00:00,2019-12-10T07:00:00-00:00,0,2019-12-09,23,0,ACTUAL,SCE-TAC,Total Actual Hourly Integrated Load,SYS_FCST_ACT_MW,3.2,11206,ACTUAL,149
2019-12-09T22:00:00-00:00,2019-12-09T23:00:00-00:00,0,2019-12-09,15,0,ACTUAL,SCE-TAC,Total Actual Hourly Integrated Load,SYS_FCST_ACT_MW,3.2,10651,ACTUAL,149
2019-12-09T17:00:00-00:00,2019-12-09T18:00:00-00:00,0,2019-12-09,10,0,ACTUAL,SCE-TAC,Total Actual Hourly Integrated Load,SYS_FCST_ACT_MW,3.2,10939,ACTUAL,149
2019-12-09T09:00:00-00:00,2019-12-09T10:00:00-00:00,0,2019-12-09,2,0,ACTUAL,SCE-TAC,Total Actual Hourly Integrated Load,SYS_FCST_ACT_MW,3.2,8778,ACTUAL,149
2019-12-09T11:00:00-00:00,2019-12-09T12:00:00-00:00,0,2019-12-09,4,0,ACTUAL,SCE-TAC,Total Actual Hourly Integrated Load,SYS_FCST_ACT_MW,3.2,8625,ACTUAL,149
2019-12-10T02:00:00-00:00,2019-12-10T03:00:00-00:00,0,2019-12-09,19,0,ACTUAL,SCE-TAC,Total Actual Hourly Integrated Load,SYS_FCST_ACT_MW,3.2,12923,ACTUAL,149
2019-12-09T08:00:00-00:00,2019-12-09T09:00:00-00:00,0,2019-12-09,1,0,ACTUAL,SCE-TAC,Total Actual Hourly Integrated Load,SYS_FCST_ACT_MW,3.2,9042,ACTUAL,149
2019-12-10T03:00:00-00:00,2019-12-10T04:00:00-00:00,0,2019-12-09,20,0,ACTUAL,SCE-TAC,Total Actual Hourly Integrated Load,SYS_FCST_ACT_MW,3.2,12790,ACTUAL,149
2019-12-09T12:00:00-00:00,2019-12-09T13:00:00-00:00,0,2019-12-09,5,0,ACTUAL,SCE-TAC,Total Actual Hourly Integrated Load,SYS_FCST_ACT_MW,3.2,8993,ACTUAL,149
2019-12-09T16:00:00-00:00,2019-12-09T17:00:00-00:00,0,2019-12-09,9,0,ACTUAL,SCE-TAC,Total Actual Hourly Integrated Load,SYS_FCST_ACT_MW,3.2,11214,ACTUAL,149
2019-12-09T21:00:00-00:00,2019-12-09T22:00:00-00:00,0,2019-12-09,14,0,ACTUAL,SCE-TAC,Total Actual Hourly Integrated Load,SYS_FCST_ACT_MW,3.2,10496,ACTUAL,149
2019-12-09T18:00:00-00:00,2019-12-09T19:00:00-00:00,0,2019-12-09,11,0,ACTUAL,SCE-TAC,Total Actual Hourly Integrated Load,SYS_FCST_ACT_MW,3.2,10632,ACTUAL,149
2019-12-10T07:00:00-00:00,2019-12-10T08:00:00-00:00,0,2019-12-09,24,0,ACTUAL,SCE-TAC,Total Actual Hourly Integrated Load,SYS_FCST_ACT_MW,3.2,10379,ACTUAL,149
2019-12-09T10:00:00-00:00,2019-12-09T11:00:00-00:00,0,2019-12-09,3,0,ACTUAL,SCE-TAC,Total Actual Hourly Integrated Load,SYS_FCST_ACT_MW,3.2,8621,ACTUAL,149
2019-12-09T13:00:00-00:00,2019-12-09T14:00:00-00:00,0,2019-12-09,6,0,ACTUAL,SCE-TAC,Total Actual Hourly Integrated Load,SYS_FCST_ACT_MW,3.2,9837,ACTUAL,149
2019-12-09T19:00:00-00:00,2019-12-09T20:00:00-00:00,0,2019-12-09,12,0,ACTUAL,SCE-TAC,Total Actual Hourly Integrated Load,SYS_FCST_ACT_MW,3.2,10491,ACTUAL,149
2019-12-09T08:00:00-00:00,2019-12-09T09:00:00-00:00,0,2019-12-09,1,0,ACTUAL,SCL,Total Actual Hourly Integrated Load,SYS_FCST_ACT_MW,3.8,917,ACTUAL,150
2019-12-09T12:00:00-00:00,2019-12-09T13:00:00-00:00,0,2019-12-09,5,0,ACTUAL,SCL,Total Actual Hourly Integrated Load,SYS_FCST_ACT_MW,3.8,943,ACTUAL,150
2019-12-09T14:00:00-00:00,2019-12-09T15:00:00-00:00,0,2019-12-09,7,0,ACTUAL,SCL,Total Actual Hourly Integrated Load,SYS_FCST_ACT_MW,3.8,1236,ACTUAL,150
2019-12-09T17:00:00-00:00,2019-12-09T18:00:00-00:00,0,2019-12-09,10,0,ACTUAL,SCL,Total Actual Hourly Integrated Load,SYS_FCST_ACT_MW,3.8,1341,ACTUAL,150
2019-12-09T20:00:00-00:00,2019-12-09T21:00:00-00:00,0,2019-12-09,13,0,ACTUAL,SCL,Total Actual Hourly Integrated Load,SYS_FCST_ACT_MW,3.8,1323,ACTUAL,150
2019-12-09T22:00:00-00:00,2019-12-09T23:00:00-00:00,0,2019-12-09,15,0,ACTUAL,SCL,Total Actual Hourly Integrated Load,SYS_FCST_ACT_MW,3.8,1310,ACTUAL,150
2019-12-10T01:00:00-00:00,2019-12-10T02:00:00-00:00,0,2019-12-09,18,0,ACTUAL,SCL,Total Actual Hourly Integrated Load,SYS_FCST_ACT_MW,3.8,1446,ACTUAL,150
2019-12-10T07:00:00-00:00,2019-12-10T08:00:00-00:00,0,2019-12-09,24,0,ACTUAL,SCL,Total Actual Hourly Integrated Load,SYS_FCST_ACT_MW,3.8,1049,ACTUAL,150
2019-12-09T18:00:00-00:00,2019-12-09T19:00:00-00:00,0,2019-12-09,11,0,ACTUAL,SCL,Total Actual Hourly Integrated Load,SYS_FCST_ACT_MW,3.8,1331,ACTUAL,150
2019-12-10T00:00:00-00:00,2019-12-10T01:00:00-00:00,0,2019-12-09,17,0,ACTUAL,SCL,Total Actual Hourly Integrated Load,SYS_FCST_ACT_MW,3.8,1400,ACTUAL,150
2019-12-09T10:00:00-00:00,2019-12-09T11:00:00-00:00,0,2019-12-09,3,0,ACTUAL,SCL,Total Actual Hourly Integrated Load,SYS_FCST_ACT_MW,3.8,870,ACTUAL,150
2019-12-09T23:00:00-00:00,2019-12-10T00:00:00-00:00,0,2019-12-09,16,0,ACTUAL,SCL,Total Actual Hourly Integrated Load,SYS_FCST_ACT_MW,3.8,1332,ACTUAL,150
2019-12-10T02:00:00-00:00,2019-12-10T03:00:00-00:00,0,2019-12-09,19,0,ACTUAL,SCL,Total Actual Hourly Integrated Load,SYS_FCST_ACT_MW,3.8,1426,ACTUAL,150
2019-12-09T11:00:00-00:00,2019-12-09T12:00:00-00:00,0,2019-12-09,4,0,ACTUAL,SCL,Total Actual Hourly Integrated Load,SYS_FCST_ACT_MW,3.8,884,ACTUAL,150
2019-12-10T06:00:00-00:00,2019-12-10T07:00:00-00:00,0,2019-12-09,23,0,ACTUAL,SCL,Total Actual Hourly Integrated Load,SYS_FCST_ACT_MW,3.8,1151,ACTUAL,150
2019-12-09T13:00:00-00:00,2019-12-09T14:00:00-00:00,0,2019-12-09,6,0,ACTUAL,SCL,Total Actual Hourly Integrated Load,SYS_FCST_ACT_MW,3.8,1057,ACTUAL,150
2019-12-09T15:00:00-00:00,2019-12-09T16:00:00-00:00,0,2019-12-09,8,0,ACTUAL,SCL,Total Actual Hourly Integrated Load,SYS_FCST_ACT_MW,3.8,1351,ACTUAL,150
2019-12-10T03:00:00-00:00,2019-12-10T04:00:00-00:00,0,2019-12-09,20,0,ACTUAL,SCL,Total Actual Hourly Integrated Load,SYS_FCST_ACT_MW,3.8,1392,ACTUAL,150
2019-12-09T09:00:00-00:00,2019-12-09T10:00:00-00:00,0,2019-12-09,2,0,ACTUAL,SCL,Total Actual Hourly Integrated Load,SYS_FCST_ACT_MW,3.8,881,ACTUAL,150
2019-12-09T21:00:00-00:00,2019-12-09T22:00:00-00:00,0,2019-12-09,14,0,ACTUAL,SCL,Total Actual Hourly Integrated Load,SYS_FCST_ACT_MW,3.8,1319,ACTUAL,150
2019-12-10T04:00:00-00:00,2019-12-10T05:00:00-00:00,0,2019-12-09,21,0,ACTUAL,SCL,Total Actual Hourly Integrated Load,SYS_FCST_ACT_MW,3.8,1341,ACTUAL,150
2019-12-10T05:00:00-00:00,2019-12-10T06:00:00-00:00,0,2019-12-09,22,0,ACTUAL,SCL,Total Actual Hourly Integrated Load,SYS_FCST_ACT_MW,3.8,1261,ACTUAL,150
2019-12-09T16:00:00-00:00,2019-12-09T17:00:00-00:00,0,2019-12-09,9,0,ACTUAL,SCL,Total Actual Hourly Integrated Load,SYS_FCST_ACT_MW,3.8,1352,ACTUAL,150
2019-12-09T19:00:00-00:00,2019-12-09T20:00:00-00:00,0,2019-12-09,12,0,ACTUAL,SCL,Total Actual Hourly Integrated Load,SYS_FCST_ACT_MW,3.8,1324,ACTUAL,150
2019-12-09T16:00:00-00:00,2019-12-09T17:00:00-00:00,0,2019-12-09,9,0,ACTUAL,SDGE-TAC,Total Actual Hourly Integrated Load,SYS_FCST_ACT_MW,3.4,2227,ACTUAL,151
2019-12-10T07:00:00-00:00,2019-12-10T08:00:00-00:00,0,2019-12-09,24,0,ACTUAL,SDGE-TAC,Total Actual Hourly Integrated Load,SYS_FCST_ACT_MW,3.4,2050,ACTUAL,151
2019-12-09T09:00:00-00:00,2019-12-09T10:00:00-00:00,0,2019-12-09,2,0,ACTUAL,SDGE-TAC,Total Actual Hourly Integrated Load,SYS_FCST_ACT_MW,3.4,1832,ACTUAL,151
2019-12-10T02:00:00-00:00,2019-12-10T03:00:00-00:00,0,2019-12-09,19,0,ACTUAL,SDGE-TAC,Total Actual Hourly Integrated Load,SYS_FCST_ACT_MW,3.4,2801,ACTUAL,151
2019-12-10T01:00:00-00:00,2019-12-10T02:00:00-00:00,0,2019-12-09,18,0,ACTUAL,SDGE-TAC,Total Actual Hourly Integrated Load,SYS_FCST_ACT_MW,3.4,2801,ACTUAL,151
2019-12-09T21:00:00-00:00,2019-12-09T22:00:00-00:00,0,2019-12-09,14,0,ACTUAL,SDGE-TAC,Total Actual Hourly Integrated Load,SYS_FCST_ACT_MW,3.4,2023,ACTUAL,151
2019-12-09T11:00:00-00:00,2019-12-09T12:00:00-00:00,0,2019-12-09,4,0,ACTUAL,SDGE-TAC,Total Actual Hourly Integrated Load,SYS_FCST_ACT_MW,3.4,1794,ACTUAL,151
2019-12-10T03:00:00-00:00,2019-12-10T04:00:00-00:00,0,2019-12-09,20,0,ACTUAL,SDGE-TAC,Total Actual Hourly Integrated Load,SYS_FCST_ACT_MW,3.4,2747,ACTUAL,151
2019-12-09T08:00:00-00:00,2019-12-09T09:00:00-00:00,0,2019-12-09,1,0,ACTUAL,SDGE-TAC,Total Actual Hourly Integrated Load,SYS_FCST_ACT_MW,3.4,1881,ACTUAL,151
2019-12-09T23:00:00-00:00,2019-12-10T00:00:00-00:00,0,2019-12-09,16,0,ACTUAL,SDGE-TAC,Total Actual Hourly Integrated Load,SYS_FCST_ACT_MW,3.4,2269,ACTUAL,151
2019-12-09T17:00:00-00:00,2019-12-09T18:00:00-00:00,0,2019-12-09,10,0,ACTUAL,SDGE-TAC,Total Actual Hourly Integrated Load,SYS_FCST_ACT_MW,3.4,2085,ACTUAL,151
2019-12-09T10:00:00-00:00,2019-12-09T11:00:00-00:00,0,2019-12-09,3,0,ACTUAL,SDGE-TAC,Total Actual Hourly Integrated Load,SYS_FCST_ACT_MW,3.4,1820,ACTUAL,151
2019-12-09T14:00:00-00:00,2019-12-09T15:00:00-00:00,0,2019-12-09,7,0,ACTUAL,SDGE-TAC,Total Actual Hourly Integrated Load,SYS_FCST_ACT_MW,3.4,2291,ACTUAL,151
2019-12-09T13:00:00-00:00,2019-12-09T14:00:00-00:00,0,2019-12-09,6,0,ACTUAL,SDGE-TAC,Total Actual Hourly Integrated Load,SYS_FCST_ACT_MW,3.4,2063,ACTUAL,151
2019-12-10T05:00:00-00:00,2019-12-10T06:00:00-00:00,0,2019-12-09,22,0,ACTUAL,SDGE-TAC,Total Actual Hourly Integrated Load,SYS_FCST_ACT_MW,3.4,2487,ACTUAL,151
2019-12-10T04:00:00-00:00,2019-12-10T05:00:00-00:00,0,2019-12-09,21,0,ACTUAL,SDGE-TAC,Total Actual Hourly Integrated Load,SYS_FCST_ACT_MW,3.4,2648,ACTUAL,151
2019-12-10T00:00:00-00:00,2019-12-10T01:00:00-00:00,0,2019-12-09,17,0,ACTUAL,SDGE-TAC,Total Actual Hourly Integrated Load,SYS_FCST_ACT_MW,3.4,2527,ACTUAL,151
2019-12-09T22:00:00-00:00,2019-12-09T23:00:00-00:00,0,2019-12-09,15,0,ACTUAL,SDGE-TAC,Total Actual Hourly Integrated Load,SYS_FCST_ACT_MW,3.4,2124,ACTUAL,151
2019-12-09T18:00:00-00:00,2019-12-09T19:00:00-00:00,0,2019-12-09,11,0,ACTUAL,SDGE-TAC,Total Actual Hourly Integrated Load,SYS_FCST_ACT_MW,3.4,2026,ACTUAL,151
2019-12-09T15:00:00-00:00,2019-12-09T16:00:00-00:00,0,2019-12-09,8,0,ACTUAL,SDGE-TAC,Total Actual Hourly Integrated Load,SYS_FCST_ACT_MW,3.4,2335,ACTUAL,151
2019-12-09T12:00:00-00:00,2019-12-09T13:00:00-00:00,0,2019-12-09,5,0,ACTUAL,SDGE-TAC,Total Actual Hourly Integrated Load,SYS_FCST_ACT_MW,3.4,1867,ACTUAL,151
2019-12-10T06:00:00-00:00,2019-12-10T07:00:00-00:00,0,2019-12-09,23,0,ACTUAL,SDGE-TAC,Total Actual Hourly Integrated Load,SYS_FCST_ACT_MW,3.4,2249,ACTUAL,151
2019-12-09T20:00:00-00:00,2019-12-09T21:00:00-00:00,0,2019-12-09,13,0,ACTUAL,SDGE-TAC,Total Actual Hourly Integrated Load,SYS_FCST_ACT_MW,3.4,1975,ACTUAL,151
2019-12-09T19:00:00-00:00,2019-12-09T20:00:00-00:00,0,2019-12-09,12,0,ACTUAL,SDGE-TAC,Total Actual Hourly Integrated Load,SYS_FCST_ACT_MW,3.4,1995,ACTUAL,151
2019-12-10T04:00:00-00:00,2019-12-10T05:00:00-00:00,0,2019-12-09,21,0,ACTUAL,SRP,Total Actual Hourly Integrated Load,SYS_FCST_ACT_MW,3.8,3041,ACTUAL,152
2019-12-09T10:00:00-00:00,2019-12-09T11:00:00-00:00,0,2019-12-09,3,0,ACTUAL,SRP,Total Actual Hourly Integrated Load,SYS_FCST_ACT_MW,3.8,2246,ACTUAL,152
2019-12-09T09:00:00-00:00,2019-12-09T10:00:00-00:00,0,2019-12-09,2,0,ACTUAL,SRP,Total Actual Hourly Integrated Load,SYS_FCST_ACT_MW,3.8,2250,ACTUAL,152
2019-12-09T08:00:00-00:00,2019-12-09T09:00:00-00:00,0,2019-12-09,1,0,ACTUAL,SRP,Total Actual Hourly Integrated Load,SYS_FCST_ACT_MW,3.8,2291,ACTUAL,152
2019-12-10T06:00:00-00:00,2019-12-10T07:00:00-00:00,0,2019-12-09,23,0,ACTUAL,SRP,Total Actual Hourly Integrated Load,SYS_FCST_ACT_MW,3.8,2656,ACTUAL,152
2019-12-09T15:00:00-00:00,2019-12-09T16:00:00-00:00,0,2019-12-09,8,0,ACTUAL,SRP,Total Actual Hourly Integrated Load,SYS_FCST_ACT_MW,3.8,2877,ACTUAL,152
2019-12-10T07:00:00-00:00,2019-12-10T08:00:00-00:00,0,2019-12-09,24,0,ACTUAL,SRP,Total Actual Hourly Integrated Load,SYS_FCST_ACT_MW,3.8,2539,ACTUAL,152
2019-12-10T01:00:00-00:00,2019-12-10T02:00:00-00:00,0,2019-12-09,18,0,ACTUAL,SRP,Total Actual Hourly Integrated Load,SYS_FCST_ACT_MW,3.8,3230,ACTUAL,152
2019-12-10T00:00:00-00:00,2019-12-10T01:00:00-00:00,0,2019-12-09,17,0,ACTUAL,SRP,Total Actual Hourly Integrated Load,SYS_FCST_ACT_MW,3.8,3056,ACTUAL,152
2019-12-10T02:00:00-00:00,2019-12-10T03:00:00-00:00,0,2019-12-09,19,0,ACTUAL,SRP,Total Actual Hourly Integrated Load,SYS_FCST_ACT_MW,3.8,3227,ACTUAL,152
2019-12-09T11:00:00-00:00,2019-12-09T12:00:00-00:00,0,2019-12-09,4,0,ACTUAL,SRP,Total Actual Hourly Integrated Load,SYS_FCST_ACT_MW,3.8,2344,ACTUAL,152
2019-12-09T20:00:00-00:00,2019-12-09T21:00:00-00:00,0,2019-12-09,13,0,ACTUAL,SRP,Total Actual Hourly Integrated Load,SYS_FCST_ACT_MW,3.8,2746,ACTUAL,152
2019-12-09T19:00:00-00:00,2019-12-09T20:00:00-00:00,0,2019-12-09,12,0,ACTUAL,SRP,Total Actual Hourly Integrated Load,SYS_FCST_ACT_MW,3.8,2762,ACTUAL,152
2019-12-09T14:00:00-00:00,2019-12-09T15:00:00-00:00,0,2019-12-09,7,0,ACTUAL,SRP,Total Actual Hourly Integrated Load,SYS_FCST_ACT_MW,3.8,2949,ACTUAL,152
2019-12-09T12:00:00-00:00,2019-12-09T13:00:00-00:00,0,2019-12-09,5,0,ACTUAL,SRP,Total Actual Hourly Integrated Load,SYS_FCST_ACT_MW,3.8,2560,ACTUAL,152
2019-12-10T05:00:00-00:00,2019-12-10T06:00:00-00:00,0,2019-12-09,22,0,ACTUAL,SRP,Total Actual Hourly Integrated Load,SYS_FCST_ACT_MW,3.8,2857,ACTUAL,152
2019-12-09T22:00:00-00:00,2019-12-09T23:00:00-00:00,0,2019-12-09,15,0,ACTUAL,SRP,Total Actual Hourly Integrated Load,SYS_FCST_ACT_MW,3.8,2724,ACTUAL,152
2019-12-09T18:00:00-00:00,2019-12-09T19:00:00-00:00,0,2019-12-09,11,0,ACTUAL,SRP,Total Actual Hourly Integrated Load,SYS_FCST_ACT_MW,3.8,2815,ACTUAL,152
2019-12-09T16:00:00-00:00,2019-12-09T17:00:00-00:00,0,2019-12-09,9,0,ACTUAL,SRP,Total Actual Hourly Integrated Load,SYS_FCST_ACT_MW,3.8,2707,ACTUAL,152
2019-12-09T21:00:00-00:00,2019-12-09T22:00:00-00:00,0,2019-12-09,14,0,ACTUAL,SRP,Total Actual Hourly Integrated Load,SYS_FCST_ACT_MW,3.8,2720,ACTUAL,152
2019-12-09T13:00:00-00:00,2019-12-09T14:00:00-00:00,0,2019-12-09,6,0,ACTUAL,SRP,Total Actual Hourly Integrated Load,SYS_FCST_ACT_MW,3.8,2880,ACTUAL,152
2019-12-09T17:00:00-00:00,2019-12-09T18:00:00-00:00,0,2019-12-09,10,0,ACTUAL,SRP,Total Actual Hourly Integrated Load,SYS_FCST_ACT_MW,3.8,2855,ACTUAL,152
2019-12-10T03:00:00-00:00,2019-12-10T04:00:00-00:00,0,2019-12-09,20,0,ACTUAL,SRP,Total Actual Hourly Integrated Load,SYS_FCST_ACT_MW,3.8,3174,ACTUAL,152
2019-12-09T23:00:00-00:00,2019-12-10T00:00:00-00:00,0,2019-12-09,16,0,ACTUAL,SRP,Total Actual Hourly Integrated Load,SYS_FCST_ACT_MW,3.8,2834,ACTUAL,152
2019-12-09T16:00:00-00:00,2019-12-09T17:00:00-00:00,0,2019-12-09,9,0,ACTUAL,VEA-TAC,Total Actual Hourly Integrated Load,SYS_FCST_ACT_MW,3.5,76,ACTUAL,153
2019-12-09T23:00:00-00:00,2019-12-10T00:00:00-00:00,0,2019-12-09,16,0,ACTUAL,VEA-TAC,Total Actual Hourly Integrated Load,SYS_FCST_ACT_MW,3.5,58,ACTUAL,153
2019-12-09T18:00:00-00:00,2019-12-09T19:00:00-00:00,0,2019-12-09,11,0,ACTUAL,VEA-TAC,Total Actual Hourly Integrated Load,SYS_FCST_ACT_MW,3.5,62,ACTUAL,153
2019-12-09T22:00:00-00:00,2019-12-09T23:00:00-00:00,0,2019-12-09,15,0,ACTUAL,VEA-TAC,Total Actual Hourly Integrated Load,SYS_FCST_ACT_MW,3.5,56,ACTUAL,153
2019-12-10T01:00:00-00:00,2019-12-10T02:00:00-00:00,0,2019-12-09,18,0,ACTUAL,VEA-TAC,Total Actual Hourly Integrated Load,SYS_FCST_ACT_MW,3.5,71,ACTUAL,153
2019-12-10T07:00:00-00:00,2019-12-10T08:00:00-00:00,0,2019-12-09,24,0,ACTUAL,VEA-TAC,Total Actual Hourly Integrated Load,SYS_FCST_ACT_MW,3.5,69,ACTUAL,153
2019-12-09T15:00:00-00:00,2019-12-09T16:00:00-00:00,0,2019-12-09,8,0,ACTUAL,VEA-TAC,Total Actual Hourly Integrated Load,SYS_FCST_ACT_MW,3.5,86,ACTUAL,153
2019-12-10T05:00:00-00:00,2019-12-10T06:00:00-00:00,0,2019-12-09,22,0,ACTUAL,VEA-TAC,Total Actual Hourly Integrated Load,SYS_FCST_ACT_MW,3.5,72,ACTUAL,153
2019-12-09T11:00:00-00:00,2019-12-09T12:00:00-00:00,0,2019-12-09,4,0,ACTUAL,VEA-TAC,Total Actual Hourly Integrated Load,SYS_FCST_ACT_MW,3.5,64,ACTUAL,153
2019-12-09T19:00:00-00:00,2019-12-09T20:00:00-00:00,0,2019-12-09,12,0,ACTUAL,VEA-TAC,Total Actual Hourly Integrated Load,SYS_FCST_ACT_MW,3.5,58,ACTUAL,153
2019-12-09T20:00:00-00:00,2019-12-09T21:00:00-00:00,0,2019-12-09,13,0,ACTUAL,VEA-TAC,Total Actual Hourly Integrated Load,SYS_FCST_ACT_MW,3.5,56,ACTUAL,153
2019-12-09T21:00:00-00:00,2019-12-09T22:00:00-00:00,0,2019-12-09,14,0,ACTUAL,VEA-TAC,Total Actual Hourly Integrated Load,SYS_FCST_ACT_MW,3.5,55,ACTUAL,153
2019-12-10T06:00:00-00:00,2019-12-10T07:00:00-00:00,0,2019-12-09,23,0,ACTUAL,VEA-TAC,Total Actual Hourly Integrated Load,SYS_FCST_ACT_MW,3.5,70,ACTUAL,153
2019-12-09T09:00:00-00:00,2019-12-09T10:00:00-00:00,0,2019-12-09,2,0,ACTUAL,VEA-TAC,Total Actual Hourly Integrated Load,SYS_FCST_ACT_MW,3.5,59,ACTUAL,153
2019-12-09T10:00:00-00:00,2019-12-09T11:00:00-00:00,0,2019-12-09,3,0,ACTUAL,VEA-TAC,Total Actual Hourly Integrated Load,SYS_FCST_ACT_MW,3.5,61,ACTUAL,153
2019-12-09T13:00:00-00:00,2019-12-09T14:00:00-00:00,0,2019-12-09,6,0,ACTUAL,VEA-TAC,Total Actual Hourly Integrated Load,SYS_FCST_ACT_MW,3.5,78,ACTUAL,153
2019-12-09T14:00:00-00:00,2019-12-09T15:00:00-00:00,0,2019-12-09,7,0,ACTUAL,VEA-TAC,Total Actual Hourly Integrated Load,SYS_FCST_ACT_MW,3.5,86,ACTUAL,153
2019-12-10T00:00:00-00:00,2019-12-10T01:00:00-00:00,0,2019-12-09,17,0,ACTUAL,VEA-TAC,Total Actual Hourly Integrated Load,SYS_FCST_ACT_MW,3.5,65,ACTUAL,153
2019-12-10T02:00:00-00:00,2019-12-10T03:00:00-00:00,0,2019-12-09,19,0,ACTUAL,VEA-TAC,Total Actual Hourly Integrated Load,SYS_FCST_ACT_MW,3.5,73,ACTUAL,153
2019-12-09T08:00:00-00:00,2019-12-09T09:00:00-00:00,0,2019-12-09,1,0,ACTUAL,VEA-TAC,Total Actual Hourly Integrated Load,SYS_FCST_ACT_MW,3.5,59,ACTUAL,153
2019-12-10T03:00:00-00:00,2019-12-10T04:00:00-00:00,0,2019-12-09,20,0,ACTUAL,VEA-TAC,Total Actual Hourly Integrated Load,SYS_FCST_ACT_MW,3.5,74,ACTUAL,153
2019-12-10T04:00:00-00:00,2019-12-10T05:00:00-00:00,0,2019-12-09,21,0,ACTUAL,VEA-TAC,Total Actual Hourly Integrated Load,SYS_FCST_ACT_MW,3.5,74,ACTUAL,153
2019-12-09T12:00:00-00:00,2019-12-09T13:00:00-00:00,0,2019-12-09,5,0,ACTUAL,VEA-TAC,Total Actual Hourly Integrated Load,SYS_FCST_ACT_MW,3.5,70,ACTUAL,153
2019-12-09T17:00:00-00:00,2019-12-09T18:00:00-00:00,0,2019-12-09,10,0,ACTUAL,VEA-TAC,Total Actual Hourly Integrated Load,SYS_FCST_ACT_MW,3.5,69,ACTUAL,153
2019-12-10T14:00:00-00:00,2019-12-10T15:00:00-00:00,0,2019-12-10,7,0,ACTUAL,AZPS,Total Actual Hourly Integrated Load,SYS_FCST_ACT_MW,3.8,3455,ACTUAL,154
2019-12-10T19:00:00-00:00,2019-12-10T20:00:00-00:00,0,2019-12-10,12,0,ACTUAL,AZPS,Total Actual Hourly Integrated Load,SYS_FCST_ACT_MW,3.8,2389,ACTUAL,154
2019-12-10T22:00:00-00:00,2019-12-10T23:00:00-00:00,0,2019-12-10,15,0,ACTUAL,AZPS,Total Actual Hourly Integrated Load,SYS_FCST_ACT_MW,3.8,2526,ACTUAL,154
2019-12-10T23:00:00-00:00,2019-12-11T00:00:00-00:00,0,2019-12-10,16,0,ACTUAL,AZPS,Total Actual Hourly Integrated Load,SYS_FCST_ACT_MW,3.8,2736,ACTUAL,154
2019-12-11T03:00:00-00:00,2019-12-11T04:00:00-00:00,0,2019-12-10,20,0,ACTUAL,AZPS,Total Actual Hourly Integrated Load,SYS_FCST_ACT_MW,3.8,3252,ACTUAL,154
2019-12-10T11:00:00-00:00,2019-12-10T12:00:00-00:00,0,2019-12-10,4,0,ACTUAL,AZPS,Total Actual Hourly Integrated Load,SYS_FCST_ACT_MW,3.8,2767,ACTUAL,154
2019-12-10T12:00:00-00:00,2019-12-10T13:00:00-00:00,0,2019-12-10,5,0,ACTUAL,AZPS,Total Actual Hourly Integrated Load,SYS_FCST_ACT_MW,3.8,3041,ACTUAL,154
2019-12-10T20:00:00-00:00,2019-12-10T21:00:00-00:00,0,2019-12-10,13,0,ACTUAL,AZPS,Total Actual Hourly Integrated Load,SYS_FCST_ACT_MW,3.8,2366,ACTUAL,154
2019-12-11T01:00:00-00:00,2019-12-11T02:00:00-00:00,0,2019-12-10,18,0,ACTUAL,AZPS,Total Actual Hourly Integrated Load,SYS_FCST_ACT_MW,3.8,3269,ACTUAL,154
2019-12-10T09:00:00-00:00,2019-12-10T10:00:00-00:00,0,2019-12-10,2,0,ACTUAL,AZPS,Total Actual Hourly Integrated Load,SYS_FCST_ACT_MW,3.8,2590,ACTUAL,154
2019-12-10T13:00:00-00:00,2019-12-10T14:00:00-00:00,0,2019-12-10,6,0,ACTUAL,AZPS,Total Actual Hourly Integrated Load,SYS_FCST_ACT_MW,3.8,3377,ACTUAL,154
2019-12-10T16:00:00-00:00,2019-12-10T17:00:00-00:00,0,2019-12-10,9,0,ACTUAL,AZPS,Total Actual Hourly Integrated Load,SYS_FCST_ACT_MW,3.8,2876,ACTUAL,154
2019-12-11T04:00:00-00:00,2019-12-11T05:00:00-00:00,0,2019-12-10,21,0,ACTUAL,AZPS,Total Actual Hourly Integrated Load,SYS_FCST_ACT_MW,3.8,3155,ACTUAL,154
2019-12-11T05:00:00-00:00,2019-12-11T06:00:00-00:00,0,2019-12-10,22,0,ACTUAL,AZPS,Total Actual Hourly Integrated Load,SYS_FCST_ACT_MW,3.8,2961,ACTUAL,154
2019-12-11T06:00:00-00:00,2019-12-11T07:00:00-00:00,0,2019-12-10,23,0,ACTUAL,AZPS,Total Actual Hourly Integrated Load,SYS_FCST_ACT_MW,3.8,2781,ACTUAL,154
2019-12-10T18:00:00-00:00,2019-12-10T19:00:00-00:00,0,2019-12-10,11,0,ACTUAL,AZPS,Total Actual Hourly Integrated Load,SYS_FCST_ACT_MW,3.8,2476,ACTUAL,154
2019-12-11T02:00:00-00:00,2019-12-11T03:00:00-00:00,0,2019-12-10,19,0,ACTUAL,AZPS,Total Actual Hourly Integrated Load,SYS_FCST_ACT_MW,3.8,3266,ACTUAL,154
2019-12-10T08:00:00-00:00,2019-12-10T09:00:00-00:00,0,2019-12-10,1,0,ACTUAL,AZPS,Total Actual Hourly Integrated Load,SYS_FCST_ACT_MW,3.8,2593,ACTUAL,154
2019-12-11T00:00:00-00:00,2019-12-11T01:00:00-00:00,0,2019-12-10,17,0,ACTUAL,AZPS,Total Actual Hourly Integrated Load,SYS_FCST_ACT_MW,3.8,3097,ACTUAL,154
2019-12-10T17:00:00-00:00,2019-12-10T18:00:00-00:00,0,2019-12-10,10,0,ACTUAL,AZPS,Total Actual Hourly Integrated Load,SYS_FCST_ACT_MW,3.8,2638,ACTUAL,154
2019-12-10T10:00:00-00:00,2019-12-10T11:00:00-00:00,0,2019-12-10,3,0,ACTUAL,AZPS,Total Actual Hourly Integrated Load,SYS_FCST_ACT_MW,3.8,2627,ACTUAL,154
2019-12-10T15:00:00-00:00,2019-12-10T16:00:00-00:00,0,2019-12-10,8,0,ACTUAL,AZPS,Total Actual Hourly Integrated Load,SYS_FCST_ACT_MW,3.8,3198,ACTUAL,154
2019-12-11T07:00:00-00:00,2019-12-11T08:00:00-00:00,0,2019-12-10,24,0,ACTUAL,AZPS,Total Actual Hourly Integrated Load,SYS_FCST_ACT_MW,3.8,2669,ACTUAL,154
2019-12-10T21:00:00-00:00,2019-12-10T22:00:00-00:00,0,2019-12-10,14,0,ACTUAL,AZPS,Total Actual Hourly Integrated Load,SYS_FCST_ACT_MW,3.8,2412,ACTUAL,154
2019-12-10T10:00:00-00:00,2019-12-10T11:00:00-00:00,0,2019-12-10,3,0,ACTUAL,BANCSMUD,Total Actual Hourly Integrated Load,SYS_FCST_ACT_MW,3.8,952,ACTUAL,155
2019-12-10T19:00:00-00:00,2019-12-10T20:00:00-00:00,0,2019-12-10,12,0,ACTUAL,BANCSMUD,Total Actual Hourly Integrated Load,SYS_FCST_ACT_MW,3.8,1231,ACTUAL,155
2019-12-10T16:00:00-00:00,2019-12-10T17:00:00-00:00,0,2019-12-10,9,0,ACTUAL,BANCSMUD,Total Actual Hourly Integrated Load,SYS_FCST_ACT_MW,3.8,1307,ACTUAL,155
2019-12-10T23:00:00-00:00,2019-12-11T00:00:00-00:00,0,2019-12-10,16,0,ACTUAL,BANCSMUD,Total Actual Hourly Integrated Load,SYS_FCST_ACT_MW,3.8,1237,ACTUAL,155
2019-12-10T17:00:00-00:00,2019-12-10T18:00:00-00:00,0,2019-12-10,10,0,ACTUAL,BANCSMUD,Total Actual Hourly Integrated Load,SYS_FCST_ACT_MW,3.8,1300,ACTUAL,155
2019-12-10T13:00:00-00:00,2019-12-10T14:00:00-00:00,0,2019-12-10,6,0,ACTUAL,BANCSMUD,Total Actual Hourly Integrated Load,SYS_FCST_ACT_MW,3.8,1101,ACTUAL,155
2019-12-10T18:00:00-00:00,2019-12-10T19:00:00-00:00,0,2019-12-10,11,0,ACTUAL,BANCSMUD,Total Actual Hourly Integrated Load,SYS_FCST_ACT_MW,3.8,1276,ACTUAL,155
2019-12-10T12:00:00-00:00,2019-12-10T13:00:00-00:00,0,2019-12-10,5,0,ACTUAL,BANCSMUD,Total Actual Hourly Integrated Load,SYS_FCST_ACT_MW,3.8,999,ACTUAL,155
2019-12-10T09:00:00-00:00,2019-12-10T10:00:00-00:00,0,2019-12-10,2,0,ACTUAL,BANCSMUD,Total Actual Hourly Integrated Load,SYS_FCST_ACT_MW,3.8,966,ACTUAL,155
2019-12-10T08:00:00-00:00,2019-12-10T09:00:00-00:00,0,2019-12-10,1,0,ACTUAL,BANCSMUD,Total Actual Hourly Integrated Load,SYS_FCST_ACT_MW,3.8,1003,ACTUAL,155
2019-12-11T07:00:00-00:00,2019-12-11T08:00:00-00:00,0,2019-12-10,24,0,ACTUAL,BANCSMUD,Total Actual Hourly Integrated Load,SYS_FCST_ACT_MW,3.8,1045,ACTUAL,155
2019-12-11T05:00:00-00:00,2019-12-11T06:00:00-00:00,0,2019-12-10,22,0,ACTUAL,BANCSMUD,Total Actual Hourly Integrated Load,SYS_FCST_ACT_MW,3.8,1260,ACTUAL,155
2019-12-11T03:00:00-00:00,2019-12-11T04:00:00-00:00,0,2019-12-10,20,0,ACTUAL,BANCSMUD,Total Actual Hourly Integrated Load,SYS_FCST_ACT_MW,3.8,1362,ACTUAL,155
2019-12-11T00:00:00-00:00,2019-12-11T01:00:00-00:00,0,2019-12-10,17,0,ACTUAL,BANCSMUD,Total Actual Hourly Integrated Load,SYS_FCST_ACT_MW,3.8,1307,ACTUAL,155
2019-12-10T14:00:00-00:00,2019-12-10T15:00:00-00:00,0,2019-12-10,7,0,ACTUAL,BANCSMUD,Total Actual Hourly Integrated Load,SYS_FCST_ACT_MW,3.8,1251,ACTUAL,155
2019-12-10T11:00:00-00:00,2019-12-10T12:00:00-00:00,0,2019-12-10,4,0,ACTUAL,BANCSMUD,Total Actual Hourly Integrated Load,SYS_FCST_ACT_MW,3.8,957,ACTUAL,155
2019-12-11T06:00:00-00:00,2019-12-11T07:00:00-00:00,0,2019-12-10,23,0,ACTUAL,BANCSMUD,Total Actual Hourly Integrated Load,SYS_FCST_ACT_MW,3.8,1150,ACTUAL,155
2019-12-11T04:00:00-00:00,2019-12-11T05:00:00-00:00,0,2019-12-10,21,0,ACTUAL,BANCSMUD,Total Actual Hourly Integrated Load,SYS_FCST_ACT_MW,3.8,1327,ACTUAL,155
2019-12-11T01:00:00-00:00,2019-12-11T02:00:00-00:00,0,2019-12-10,18,0,ACTUAL,BANCSMUD,Total Actual Hourly Integrated Load,SYS_FCST_ACT_MW,3.8,1395,ACTUAL,155
2019-12-10T15:00:00-00:00,2019-12-10T16:00:00-00:00,0,2019-12-10,8,0,ACTUAL,BANCSMUD,Total Actual Hourly Integrated Load,SYS_FCST_ACT_MW,3.8,1325,ACTUAL,155
2019-12-11T02:00:00-00:00,2019-12-11T03:00:00-00:00,0,2019-12-10,19,0,ACTUAL,BANCSMUD,Total Actual Hourly Integrated Load,SYS_FCST_ACT_MW,3.8,1388,ACTUAL,155
2019-12-10T22:00:00-00:00,2019-12-10T23:00:00-00:00,0,2019-12-10,15,0,ACTUAL,BANCSMUD,Total Actual Hourly Integrated Load,SYS_FCST_ACT_MW,3.8,1219,ACTUAL,155
2019-12-10T20:00:00-00:00,2019-12-10T21:00:00-00:00,0,2019-12-10,13,0,ACTUAL,BANCSMUD,Total Actual Hourly Integrated Load,SYS_FCST_ACT_MW,3.8,1218,ACTUAL,155
2019-12-10T21:00:00-00:00,2019-12-10T22:00:00-00:00,0,2019-12-10,14,0,ACTUAL,BANCSMUD,Total Actual Hourly Integrated Load,SYS_FCST_ACT_MW,3.8,1224,ACTUAL,155
2019-12-10T13:00:00-00:00,2019-12-10T14:00:00-00:00,0,2019-12-10,6,0,ACTUAL,BCHA,Total Actual Hourly Integrated Load,SYS_FCST_ACT_MW,3.8,7588,ACTUAL,156
2019-12-11T06:00:00-00:00,2019-12-11T07:00:00-00:00,0,2019-12-10,23,0,ACTUAL,BCHA,Total Actual Hourly Integrated Load,SYS_FCST_ACT_MW,3.8,8132,ACTUAL,156
2019-12-10T10:00:00-00:00,2019-12-10T11:00:00-00:00,0,2019-12-10,3,0,ACTUAL,BCHA,Total Actual Hourly Integrated Load,SYS_FCST_ACT_MW,3.8,7001,ACTUAL,156
2019-12-11T03:00:00-00:00,2019-12-11T04:00:00-00:00,0,2019-12-10,20,0,ACTUAL,BCHA,Total Actual Hourly Integrated Load,SYS_FCST_ACT_MW,3.8,9375,ACTUAL,156
2019-12-11T04:00:00-00:00,2019-12-11T05:00:00-00:00,0,2019-12-10,21,0,ACTUAL,BCHA,Total Actual Hourly Integrated Load,SYS_FCST_ACT_MW,3.8,9121,ACTUAL,156
2019-12-10T16:00:00-00:00,2019-12-10T17:00:00-00:00,0,2019-12-10,9,0,ACTUAL,BCHA,Total Actual Hourly Integrated Load,SYS_FCST_ACT_MW,3.8,9153,ACTUAL,156
2019-12-10T09:00:00-00:00,2019-12-10T10:00:00-00:00,0,2019-12-10,2,0,ACTUAL,BCHA,Total Actual Hourly Integrated Load,SYS_FCST_ACT_MW,3.8,7083,ACTUAL,156
2019-12-10T08:00:00-00:00,2019-12-10T09:00:00-00:00,0,2019-12-10,1,0,ACTUAL,BCHA,Total Actual Hourly Integrated Load,SYS_FCST_ACT_MW,3.8,7272,ACTUAL,156
2019-12-11T01:00:00-00:00,2019-12-11T02:00:00-00:00,0,2019-12-10,18,0,ACTUAL,BCHA,Total Actual Hourly Integrated Load,SYS_FCST_ACT_MW,3.8,9784,ACTUAL,156
2019-12-10T22:00:00-00:00,2019-12-10T23:00:00-00:00,0,2019-12-10,15,0,ACTUAL,BCHA,Total Actual Hourly Integrated Load,SYS_FCST_ACT_MW,3.8,8980,ACTUAL,156
2019-12-10T23:00:00-00:00,2019-12-11T00:00:00-00:00,0,2019-12-10,16,0,ACTUAL,BCHA,Total Actual Hourly Integrated Load,SYS_FCST_ACT_MW,3.8,9188,ACTUAL,156
2019-12-10T14:00:00-00:00,2019-12-10T15:00:00-00:00,0,2019-12-10,7,0,ACTUAL,BCHA,Total Actual Hourly Integrated Load,SYS_FCST_ACT_MW,3.8,8317,ACTUAL,156
2019-12-11T07:00:00-00:00,2019-12-11T08:00:00-00:00,0,2019-12-10,24,0,ACTUAL,BCHA,Total Actual Hourly Integrated Load,SYS_FCST_ACT_MW,3.8,7590,ACTUAL,156
2019-12-11T02:00:00-00:00,2019-12-11T03:00:00-00:00,0,2019-12-10,19,0,ACTUAL,BCHA,Total Actual Hourly Integrated Load,SYS_FCST_ACT_MW,3.8,9588,ACTUAL,156
2019-12-11T00:00:00-00:00,2019-12-11T01:00:00-00:00,0,2019-12-10,17,0,ACTUAL,BCHA,Total Actual Hourly Integrated Load,SYS_FCST_ACT_MW,3.8,9610,ACTUAL,156
2019-12-10T21:00:00-00:00,2019-12-10T22:00:00-00:00,0,2019-12-10,14,0,ACTUAL,BCHA,Total Actual Hourly Integrated Load,SYS_FCST_ACT_MW,3.8,8942,ACTUAL,156
2019-12-10T20:00:00-00:00,2019-12-10T21:00:00-00:00,0,2019-12-10,13,0,ACTUAL,BCHA,Total Actual Hourly Integrated Load,SYS_FCST_ACT_MW,3.8,8950,ACTUAL,156
2019-12-10T19:00:00-00:00,2019-12-10T20:00:00-00:00,0,2019-12-10,12,0,ACTUAL,BCHA,Total Actual Hourly Integrated Load,SYS_FCST_ACT_MW,3.8,8979,ACTUAL,156
2019-12-10T17:00:00-00:00,2019-12-10T18:00:00-00:00,0,2019-12-10,10,0,ACTUAL,BCHA,Total Actual Hourly Integrated Load,SYS_FCST_ACT_MW,3.8,9069,ACTUAL,156
2019-12-10T11:00:00-00:00,2019-12-10T12:00:00-00:00,0,2019-12-10,4,0,ACTUAL,BCHA,Total Actual Hourly Integrated Load,SYS_FCST_ACT_MW,3.8,7020,ACTUAL,156
2019-12-10T15:00:00-00:00,2019-12-10T16:00:00-00:00,0,2019-12-10,8,0,ACTUAL,BCHA,Total Actual Hourly Integrated Load,SYS_FCST_ACT_MW,3.8,9075,ACTUAL,156
2019-12-10T12:00:00-00:00,2019-12-10T13:00:00-00:00,0,2019-12-10,5,0,ACTUAL,BCHA,Total Actual Hourly Integrated Load,SYS_FCST_ACT_MW,3.8,7176,ACTUAL,156
2019-12-10T18:00:00-00:00,2019-12-10T19:00:00-00:00,0,2019-12-10,11,0,ACTUAL,BCHA,Total Actual Hourly Integrated Load,SYS_FCST_ACT_MW,3.8,9001,ACTUAL,156
2019-12-11T05:00:00-00:00,2019-12-11T06:00:00-00:00,0,2019-12-10,22,0,ACTUAL,BCHA,Total Actual Hourly Integrated Load,SYS_FCST_ACT_MW,3.8,8705,ACTUAL,156
2019-12-10T10:00:00-00:00,2019-12-10T11:00:00-00:00,0,2019-12-10,3,0,ACTUAL,CA ISO-TAC,Total Actual Hourly Integrated Load,SYS_FCST_ACT_MW,3,20941,ACTUAL,157
2019-12-11T02:00:00-00:00,2019-12-11T03:00:00-00:00,0,2019-12-10,19,0,ACTUAL,CA ISO-TAC,Total Actual Hourly Integrated Load,SYS_FCST_ACT_MW,3,29227,ACTUAL,157
2019-12-10T17:00:00-00:00,2019-12-10T18:00:00-00:00,0,2019-12-10,10,0,ACTUAL,CA ISO-TAC,Total Actual Hourly Integrated Load,SYS_FCST_ACT_MW,3,25484,ACTUAL,157
2019-12-10T09:00:00-00:00,2019-12-10T10:00:00-00:00,0,2019-12-10,2,0,ACTUAL,CA ISO-TAC,Total Actual Hourly Integrated Load,SYS_FCST_ACT_MW,3,21392,ACTUAL,157
2019-12-10T15:00:00-00:00,2019-12-10T16:00:00-00:00,0,2019-12-10,8,0,ACTUAL,CA ISO-TAC,Total Actual Hourly Integrated Load,SYS_FCST_ACT_MW,3,26489,ACTUAL,157
2019-12-11T07:00:00-00:00,2019-12-11T08:00:00-00:00,0,2019-12-10,24,0,ACTUAL,CA ISO-TAC,Total Actual Hourly Integrated Load,SYS_FCST_ACT_MW,3,22901,ACTUAL,157
2019-12-10T08:00:00-00:00,2019-12-10T09:00:00-00:00,0,2019-12-10,1,0,ACTUAL,CA ISO-TAC,Total Actual Hourly Integrated Load,SYS_FCST_ACT_MW,3,21810,ACTUAL,157
2019-12-10T22:00:00-00:00,2019-12-10T23:00:00-00:00,0,2019-12-10,15,0,ACTUAL,CA ISO-TAC,Total Actual Hourly Integrated Load,SYS_FCST_ACT_MW,3,24884,ACTUAL,157
2019-12-11T03:00:00-00:00,2019-12-11T04:00:00-00:00,0,2019-12-10,20,0,ACTUAL,CA ISO-TAC,Total Actual Hourly Integrated Load,SYS_FCST_ACT_MW,3,28802,ACTUAL,157
2019-12-11T05:00:00-00:00,2019-12-11T06:00:00-00:00,0,2019-12-10,22,0,ACTUAL,CA ISO-TAC,Total Actual Hourly Integrated Load,SYS_FCST_ACT_MW,3,26769,ACTUAL,157
2019-12-10T12:00:00-00:00,2019-12-10T13:00:00-00:00,0,2019-12-10,5,0,ACTUAL,CA ISO-TAC,Total Actual Hourly Integrated Load,SYS_FCST_ACT_MW,3,21526,ACTUAL,157
2019-12-10T13:00:00-00:00,2019-12-10T14:00:00-00:00,0,2019-12-10,6,0,ACTUAL,CA ISO-TAC,Total Actual Hourly Integrated Load,SYS_FCST_ACT_MW,3,23074,ACTUAL,157
2019-12-10T21:00:00-00:00,2019-12-10T22:00:00-00:00,0,2019-12-10,14,0,ACTUAL,CA ISO-TAC,Total Actual Hourly Integrated Load,SYS_FCST_ACT_MW,3,24375,ACTUAL,157
2019-12-11T01:00:00-00:00,2019-12-11T02:00:00-00:00,0,2019-12-10,18,0,ACTUAL,CA ISO-TAC,Total Actual Hourly Integrated Load,SYS_FCST_ACT_MW,3,29165,ACTUAL,157
2019-12-11T04:00:00-00:00,2019-12-11T05:00:00-00:00,0,2019-12-10,21,0,ACTUAL,CA ISO-TAC,Total Actual Hourly Integrated Load,SYS_FCST_ACT_MW,3,28094,ACTUAL,157
2019-12-10T19:00:00-00:00,2019-12-10T20:00:00-00:00,0,2019-12-10,12,0,ACTUAL,CA ISO-TAC,Total Actual Hourly Integrated Load,SYS_FCST_ACT_MW,3,24301,ACTUAL,157
2019-12-10T23:00:00-00:00,2019-12-11T00:00:00-00:00,0,2019-12-10,16,0,ACTUAL,CA ISO-TAC,Total Actual Hourly Integrated Load,SYS_FCST_ACT_MW,3,25563,ACTUAL,157
2019-12-10T18:00:00-00:00,2019-12-10T19:00:00-00:00,0,2019-12-10,11,0,ACTUAL,CA ISO-TAC,Total Actual Hourly Integrated Load,SYS_FCST_ACT_MW,3,24829,ACTUAL,157
2019-12-10T20:00:00-00:00,2019-12-10T21:00:00-00:00,0,2019-12-10,13,0,ACTUAL,CA ISO-TAC,Total Actual Hourly Integrated Load,SYS_FCST_ACT_MW,3,24033,ACTUAL,157
2019-12-11T06:00:00-00:00,2019-12-11T07:00:00-00:00,0,2019-12-10,23,0,ACTUAL,CA ISO-TAC,Total Actual Hourly Integrated Load,SYS_FCST_ACT_MW,3,24830,ACTUAL,157
2019-12-11T00:00:00-00:00,2019-12-11T01:00:00-00:00,0,2019-12-10,17,0,ACTUAL,CA ISO-TAC,Total Actual Hourly Integrated Load,SYS_FCST_ACT_MW,3,27051,ACTUAL,157
2019-12-10T11:00:00-00:00,2019-12-10T12:00:00-00:00,0,2019-12-10,4,0,ACTUAL,CA ISO-TAC,Total Actual Hourly Integrated Load,SYS_FCST_ACT_MW,3,20880,ACTUAL,157
2019-12-10T14:00:00-00:00,2019-12-10T15:00:00-00:00,0,2019-12-10,7,0,ACTUAL,CA ISO-TAC,Total Actual Hourly Integrated Load,SYS_FCST_ACT_MW,3,25379,ACTUAL,157
2019-12-10T16:00:00-00:00,2019-12-10T17:00:00-00:00,0,2019-12-10,9,0,ACTUAL,CA ISO-TAC,Total Actual Hourly Integrated Load,SYS_FCST_ACT_MW,3,26017,ACTUAL,157
2019-12-10T12:00:00-00:00,2019-12-10T13:00:00-00:00,0,2019-12-10,5,0,ACTUAL,IPCO,Total Actual Hourly Integrated Load,SYS_FCST_ACT_MW,3.8,1936,ACTUAL,158
2019-12-11T00:00:00-00:00,2019-12-11T01:00:00-00:00,0,2019-12-10,17,0,ACTUAL,IPCO,Total Actual Hourly Integrated Load,SYS_FCST_ACT_MW,3.8,2096,ACTUAL,158
2019-12-11T06:00:00-00:00,2019-12-11T07:00:00-00:00,0,2019-12-10,23,0,ACTUAL,IPCO,Total Actual Hourly Integrated Load,SYS_FCST_ACT_MW,3.8,1805,ACTUAL,158
2019-12-10T10:00:00-00:00,2019-12-10T11:00:00-00:00,0,2019-12-10,3,0,ACTUAL,IPCO,Total Actual Hourly Integrated Load,SYS_FCST_ACT_MW,3.8,1755,ACTUAL,158
2019-12-10T14:00:00-00:00,2019-12-10T15:00:00-00:00,0,2019-12-10,7,0,ACTUAL,IPCO,Total Actual Hourly Integrated Load,SYS_FCST_ACT_MW,3.8,2246,ACTUAL,158
2019-12-10T20:00:00-00:00,2019-12-10T21:00:00-00:00,0,2019-12-10,13,0,ACTUAL,IPCO,Total Actual Hourly Integrated Load,SYS_FCST_ACT_MW,3.8,1903,ACTUAL,158
2019-12-11T02:00:00-00:00,2019-12-11T03:00:00-00:00,0,2019-12-10,19,0,ACTUAL,IPCO,Total Actual Hourly Integrated Load,SYS_FCST_ACT_MW,3.8,2141,ACTUAL,158
2019-12-11T03:00:00-00:00,2019-12-11T04:00:00-00:00,0,2019-12-10,20,0,ACTUAL,IPCO,Total Actual Hourly Integrated Load,SYS_FCST_ACT_MW,3.8,2116,ACTUAL,158
2019-12-11T04:00:00-00:00,2019-12-11T05:00:00-00:00,0,2019-12-10,21,0,ACTUAL,IPCO,Total Actual Hourly Integrated Load,SYS_FCST_ACT_MW,3.8,2043,ACTUAL,158
2019-12-10T09:00:00-00:00,2019-12-10T10:00:00-00:00,0,2019-12-10,2,0,ACTUAL,IPCO,Total Actual Hourly Integrated Load,SYS_FCST_ACT_MW,3.8,1735,ACTUAL,158
2019-12-10T13:00:00-00:00,2019-12-10T14:00:00-00:00,0,2019-12-10,6,0,ACTUAL,IPCO,Total Actual Hourly Integrated Load,SYS_FCST_ACT_MW,3.8,2120,ACTUAL,158
2019-12-10T19:00:00-00:00,2019-12-10T20:00:00-00:00,0,2019-12-10,12,0,ACTUAL,IPCO,Total Actual Hourly Integrated Load,SYS_FCST_ACT_MW,3.8,1955,ACTUAL,158
2019-12-10T15:00:00-00:00,2019-12-10T16:00:00-00:00,0,2019-12-10,8,0,ACTUAL,IPCO,Total Actual Hourly Integrated Load,SYS_FCST_ACT_MW,3.8,2236,ACTUAL,158
2019-12-10T16:00:00-00:00,2019-12-10T17:00:00-00:00,0,2019-12-10,9,0,ACTUAL,IPCO,Total Actual Hourly Integrated Load,SYS_FCST_ACT_MW,3.8,2183,ACTUAL,158
2019-12-10T17:00:00-00:00,2019-12-10T18:00:00-00:00,0,2019-12-10,10,0,ACTUAL,IPCO,Total Actual Hourly Integrated Load,SYS_FCST_ACT_MW,3.8,2101,ACTUAL,158
2019-12-10T21:00:00-00:00,2019-12-10T22:00:00-00:00,0,2019-12-10,14,0,ACTUAL,IPCO,Total Actual Hourly Integrated Load,SYS_FCST_ACT_MW,3.8,1861,ACTUAL,158
2019-12-10T22:00:00-00:00,2019-12-10T23:00:00-00:00,0,2019-12-10,15,0,ACTUAL,IPCO,Total Actual Hourly Integrated Load,SYS_FCST_ACT_MW,3.8,1867,ACTUAL,158
2019-12-11T01:00:00-00:00,2019-12-11T02:00:00-00:00,0,2019-12-10,18,0,ACTUAL,IPCO,Total Actual Hourly Integrated Load,SYS_FCST_ACT_MW,3.8,2152,ACTUAL,158
2019-12-11T05:00:00-00:00,2019-12-11T06:00:00-00:00,0,2019-12-10,22,0,ACTUAL,IPCO,Total Actual Hourly Integrated Load,SYS_FCST_ACT_MW,3.8,1920,ACTUAL,158
2019-12-11T07:00:00-00:00,2019-12-11T08:00:00-00:00,0,2019-12-10,24,0,ACTUAL,IPCO,Total Actual Hourly Integrated Load,SYS_FCST_ACT_MW,3.8,1740,ACTUAL,158
2019-12-10T11:00:00-00:00,2019-12-10T12:00:00-00:00,0,2019-12-10,4,0,ACTUAL,IPCO,Total Actual Hourly Integrated Load,SYS_FCST_ACT_MW,3.8,1810,ACTUAL,158
2019-12-10T18:00:00-00:00,2019-12-10T19:00:00-00:00,0,2019-12-10,11,0,ACTUAL,IPCO,Total Actual Hourly Integrated Load,SYS_FCST_ACT_MW,3.8,2028,ACTUAL,158
2019-12-10T08:00:00-00:00,2019-12-10T09:00:00-00:00,0,2019-12-10,1,0,ACTUAL,IPCO,Total Actual Hourly Integrated Load,SYS_FCST_ACT_MW,3.8,1730,ACTUAL,158
2019-12-10T23:00:00-00:00,2019-12-11T00:00:00-00:00,0,2019-12-10,16,0,ACTUAL,IPCO,Total Actual Hourly Integrated Load,SYS_FCST_ACT_MW,3.8,1934,ACTUAL,158
2019-12-11T05:00:00-00:00,2019-12-11T06:00:00-00:00,0,2019-12-10,22,0,ACTUAL,MWD-TAC,Total Actual Hourly Integrated Load,SYS_FCST_ACT_MW,3.3,97,ACTUAL,159
2019-12-11T00:00:00-00:00,2019-12-11T01:00:00-00:00,0,2019-12-10,17,0,ACTUAL,MWD-TAC,Total Actual Hourly Integrated Load,SYS_FCST_ACT_MW,3.3,99,ACTUAL,159
2019-12-11T04:00:00-00:00,2019-12-11T05:00:00-00:00,0,2019-12-10,21,0,ACTUAL,MWD-TAC,Total Actual Hourly Integrated Load,SYS_FCST_ACT_MW,3.3,96,ACTUAL,159
2019-12-11T06:00:00-00:00,2019-12-11T07:00:00-00:00,0,2019-12-10,23,0,ACTUAL,MWD-TAC,Total Actual Hourly Integrated Load,SYS_FCST_ACT_MW,3.3,98,ACTUAL,159
2019-12-10T20:00:00-00:00,2019-12-10T21:00:00-00:00,0,2019-12-10,13,0,ACTUAL,MWD-TAC,Total Actual Hourly Integrated Load,SYS_FCST_ACT_MW,3.3,100,ACTUAL,159
2019-12-10T10:00:00-00:00,2019-12-10T11:00:00-00:00,0,2019-12-10,3,0,ACTUAL,MWD-TAC,Total Actual Hourly Integrated Load,SYS_FCST_ACT_MW,3.3,99,ACTUAL,159
2019-12-10T14:00:00-00:00,2019-12-10T15:00:00-00:00,0,2019-12-10,7,0,ACTUAL,MWD-TAC,Total Actual Hourly Integrated Load,SYS_FCST_ACT_MW,3.3,99,ACTUAL,159
2019-12-10T17:00:00-00:00,2019-12-10T18:00:00-00:00,0,2019-12-10,10,0,ACTUAL,MWD-TAC,Total Actual Hourly Integrated Load,SYS_FCST_ACT_MW,3.3,100,ACTUAL,159
2019-12-11T01:00:00-00:00,2019-12-11T02:00:00-00:00,0,2019-12-10,18,0,ACTUAL,MWD-TAC,Total Actual Hourly Integrated Load,SYS_FCST_ACT_MW,3.3,97,ACTUAL,159
2019-12-10T09:00:00-00:00,2019-12-10T10:00:00-00:00,0,2019-12-10,2,0,ACTUAL,MWD-TAC,Total Actual Hourly Integrated Load,SYS_FCST_ACT_MW,3.3,97,ACTUAL,159
2019-12-10T12:00:00-00:00,2019-12-10T13:00:00-00:00,0,2019-12-10,5,0,ACTUAL,MWD-TAC,Total Actual Hourly Integrated Load,SYS_FCST_ACT_MW,3.3,97,ACTUAL,159
2019-12-10T18:00:00-00:00,2019-12-10T19:00:00-00:00,0,2019-12-10,11,0,ACTUAL,MWD-TAC,Total Actual Hourly Integrated Load,SYS_FCST_ACT_MW,3.3,99,ACTUAL,159
2019-12-11T07:00:00-00:00,2019-12-11T08:00:00-00:00,0,2019-12-10,24,0,ACTUAL,MWD-TAC,Total Actual Hourly Integrated Load,SYS_FCST_ACT_MW,3.3,98,ACTUAL,159
2019-12-10T21:00:00-00:00,2019-12-10T22:00:00-00:00,0,2019-12-10,14,0,ACTUAL,MWD-TAC,Total Actual Hourly Integrated Load,SYS_FCST_ACT_MW,3.3,100,ACTUAL,159
2019-12-10T22:00:00-00:00,2019-12-10T23:00:00-00:00,0,2019-12-10,15,0,ACTUAL,MWD-TAC,Total Actual Hourly Integrated Load,SYS_FCST_ACT_MW,3.3,97,ACTUAL,159
2019-12-10T23:00:00-00:00,2019-12-11T00:00:00-00:00,0,2019-12-10,16,0,ACTUAL,MWD-TAC,Total Actual Hourly Integrated Load,SYS_FCST_ACT_MW,3.3,98,ACTUAL,159
2019-12-10T13:00:00-00:00,2019-12-10T14:00:00-00:00,0,2019-12-10,6,0,ACTUAL,MWD-TAC,Total Actual Hourly Integrated Load,SYS_FCST_ACT_MW,3.3,96,ACTUAL,159
2019-12-10T15:00:00-00:00,2019-12-10T16:00:00-00:00,0,2019-12-10,8,0,ACTUAL,MWD-TAC,Total Actual Hourly Integrated Load,SYS_FCST_ACT_MW,3.3,102,ACTUAL,159
2019-12-10T19:00:00-00:00,2019-12-10T20:00:00-00:00,0,2019-12-10,12,0,ACTUAL,MWD-TAC,Total Actual Hourly Integrated Load,SYS_FCST_ACT_MW,3.3,102,ACTUAL,159
2019-12-10T16:00:00-00:00,2019-12-10T17:00:00-00:00,0,2019-12-10,9,0,ACTUAL,MWD-TAC,Total Actual Hourly Integrated Load,SYS_FCST_ACT_MW,3.3,98,ACTUAL,159
2019-12-11T02:00:00-00:00,2019-12-11T03:00:00-00:00,0,2019-12-10,19,0,ACTUAL,MWD-TAC,Total Actual Hourly Integrated Load,SYS_FCST_ACT_MW,3.3,97,ACTUAL,159
2019-12-11T03:00:00-00:00,2019-12-11T04:00:00-00:00,0,2019-12-10,20,0,ACTUAL,MWD-TAC,Total Actual Hourly Integrated Load,SYS_FCST_ACT_MW,3.3,96,ACTUAL,159
2019-12-10T08:00:00-00:00,2019-12-10T09:00:00-00:00,0,2019-12-10,1,0,ACTUAL,MWD-TAC,Total Actual Hourly Integrated Load,SYS_FCST_ACT_MW,3.3,100,ACTUAL,159
2019-12-10T11:00:00-00:00,2019-12-10T12:00:00-00:00,0,2019-12-10,4,0,ACTUAL,MWD-TAC,Total Actual Hourly Integrated Load,SYS_FCST_ACT_MW,3.3,99,ACTUAL,159
2019-12-11T06:00:00-00:00,2019-12-11T07:00:00-00:00,0,2019-12-10,23,0,ACTUAL,NEVP,Total Actual Hourly Integrated Load,SYS_FCST_ACT_MW,3.8,3869,ACTUAL,160
2019-12-10T16:00:00-00:00,2019-12-10T17:00:00-00:00,0,2019-12-10,9,0,ACTUAL,NEVP,Total Actual Hourly Integrated Load,SYS_FCST_ACT_MW,3.8,3908,ACTUAL,160
2019-12-11T00:00:00-00:00,2019-12-11T01:00:00-00:00,0,2019-12-10,17,0,ACTUAL,NEVP,Total Actual Hourly Integrated Load,SYS_FCST_ACT_MW,3.8,4088,ACTUAL,160
2019-12-11T07:00:00-00:00,2019-12-11T08:00:00-00:00,0,2019-12-10,24,0,ACTUAL,NEVP,Total Actual Hourly Integrated Load,SYS_FCST_ACT_MW,3.8,3701,ACTUAL,160
2019-12-11T03:00:00-00:00,2019-12-11T04:00:00-00:00,0,2019-12-10,20,0,ACTUAL,NEVP,Total Actual Hourly Integrated Load,SYS_FCST_ACT_MW,3.8,4276,ACTUAL,160
2019-12-10T08:00:00-00:00,2019-12-10T09:00:00-00:00,0,2019-12-10,1,0,ACTUAL,NEVP,Total Actual Hourly Integrated Load,SYS_FCST_ACT_MW,3.8,3561,ACTUAL,160
2019-12-10T14:00:00-00:00,2019-12-10T15:00:00-00:00,0,2019-12-10,7,0,ACTUAL,NEVP,Total Actual Hourly Integrated Load,SYS_FCST_ACT_MW,3.8,3996,ACTUAL,160
2019-12-10T18:00:00-00:00,2019-12-10T19:00:00-00:00,0,2019-12-10,11,0,ACTUAL,NEVP,Total Actual Hourly Integrated Load,SYS_FCST_ACT_MW,3.8,3780,ACTUAL,160
2019-12-10T19:00:00-00:00,2019-12-10T20:00:00-00:00,0,2019-12-10,12,0,ACTUAL,NEVP,Total Actual Hourly Integrated Load,SYS_FCST_ACT_MW,3.8,3673,ACTUAL,160
2019-12-10T21:00:00-00:00,2019-12-10T22:00:00-00:00,0,2019-12-10,14,0,ACTUAL,NEVP,Total Actual Hourly Integrated Load,SYS_FCST_ACT_MW,3.8,3678,ACTUAL,160
2019-12-11T02:00:00-00:00,2019-12-11T03:00:00-00:00,0,2019-12-10,19,0,ACTUAL,NEVP,Total Actual Hourly Integrated Load,SYS_FCST_ACT_MW,3.8,4288,ACTUAL,160
2019-12-11T04:00:00-00:00,2019-12-11T05:00:00-00:00,0,2019-12-10,21,0,ACTUAL,NEVP,Total Actual Hourly Integrated Load,SYS_FCST_ACT_MW,3.8,4213,ACTUAL,160
2019-12-10T10:00:00-00:00,2019-12-10T11:00:00-00:00,0,2019-12-10,3,0,ACTUAL,NEVP,Total Actual Hourly Integrated Load,SYS_FCST_ACT_MW,3.8,3494,ACTUAL,160
2019-12-10T09:00:00-00:00,2019-12-10T10:00:00-00:00,0,2019-12-10,2,0,ACTUAL,NEVP,Total Actual Hourly Integrated Load,SYS_FCST_ACT_MW,3.8,3510,ACTUAL,160
2019-12-10T11:00:00-00:00,2019-12-10T12:00:00-00:00,0,2019-12-10,4,0,ACTUAL,NEVP,Total Actual Hourly Integrated Load,SYS_FCST_ACT_MW,3.8,3521,ACTUAL,160
2019-12-10T13:00:00-00:00,2019-12-10T14:00:00-00:00,0,2019-12-10,6,0,ACTUAL,NEVP,Total Actual Hourly Integrated Load,SYS_FCST_ACT_MW,3.8,3795,ACTUAL,160
2019-12-10T17:00:00-00:00,2019-12-10T18:00:00-00:00,0,2019-12-10,10,0,ACTUAL,NEVP,Total Actual Hourly Integrated Load,SYS_FCST_ACT_MW,3.8,3851,ACTUAL,160
2019-12-10T20:00:00-00:00,2019-12-10T21:00:00-00:00,0,2019-12-10,13,0,ACTUAL,NEVP,Total Actual Hourly Integrated Load,SYS_FCST_ACT_MW,3.8,3659,ACTUAL,160
2019-12-11T01:00:00-00:00,2019-12-11T02:00:00-00:00,0,2019-12-10,18,0,ACTUAL,NEVP,Total Actual Hourly Integrated Load,SYS_FCST_ACT_MW,3.8,4288,ACTUAL,160
2019-12-11T05:00:00-00:00,2019-12-11T06:00:00-00:00,0,2019-12-10,22,0,ACTUAL,NEVP,Total Actual Hourly Integrated Load,SYS_FCST_ACT_MW,3.8,4061,ACTUAL,160
2019-12-10T15:00:00-00:00,2019-12-10T16:00:00-00:00,0,2019-12-10,8,0,ACTUAL,NEVP,Total Actual Hourly Integrated Load,SYS_FCST_ACT_MW,3.8,3981,ACTUAL,160
2019-12-10T23:00:00-00:00,2019-12-11T00:00:00-00:00,0,2019-12-10,16,0,ACTUAL,NEVP,Total Actual Hourly Integrated Load,SYS_FCST_ACT_MW,3.8,3809,ACTUAL,160
2019-12-10T12:00:00-00:00,2019-12-10T13:00:00-00:00,0,2019-12-10,5,0,ACTUAL,NEVP,Total Actual Hourly Integrated Load,SYS_FCST_ACT_MW,3.8,3607,ACTUAL,160
2019-12-10T22:00:00-00:00,2019-12-10T23:00:00-00:00,0,2019-12-10,15,0,ACTUAL,NEVP,Total Actual Hourly Integrated Load,SYS_FCST_ACT_MW,3.8,3715,ACTUAL,160
2019-12-11T01:00:00-00:00,2019-12-11T02:00:00-00:00,0,2019-12-10,18,0,ACTUAL,PACE,Total Actual Hourly Integrated Load,SYS_FCST_ACT_MW,3.8,6235,ACTUAL,161
2019-12-11T07:00:00-00:00,2019-12-11T08:00:00-00:00,0,2019-12-10,24,0,ACTUAL,PACE,Total Actual Hourly Integrated Load,SYS_FCST_ACT_MW,3.8,5108,ACTUAL,161
2019-12-11T02:00:00-00:00,2019-12-11T03:00:00-00:00,0,2019-12-10,19,0,ACTUAL,PACE,Total Actual Hourly Integrated Load,SYS_FCST_ACT_MW,3.8,6164,ACTUAL,161
2019-12-10T12:00:00-00:00,2019-12-10T13:00:00-00:00,0,2019-12-10,5,0,ACTUAL,PACE,Total Actual Hourly Integrated Load,SYS_FCST_ACT_MW,3.8,5275,ACTUAL,161
2019-12-10T11:00:00-00:00,2019-12-10T12:00:00-00:00,0,2019-12-10,4,0,ACTUAL,PACE,Total Actual Hourly Integrated Load,SYS_FCST_ACT_MW,3.8,5048,ACTUAL,161
2019-12-10T08:00:00-00:00,2019-12-10T09:00:00-00:00,0,2019-12-10,1,0,ACTUAL,PACE,Total Actual Hourly Integrated Load,SYS_FCST_ACT_MW,3.8,4968,ACTUAL,161
2019-12-10T19:00:00-00:00,2019-12-10T20:00:00-00:00,0,2019-12-10,12,0,ACTUAL,PACE,Total Actual Hourly Integrated Load,SYS_FCST_ACT_MW,3.8,5626,ACTUAL,161
2019-12-10T18:00:00-00:00,2019-12-10T19:00:00-00:00,0,2019-12-10,11,0,ACTUAL,PACE,Total Actual Hourly Integrated Load,SYS_FCST_ACT_MW,3.8,5689,ACTUAL,161
2019-12-10T10:00:00-00:00,2019-12-10T11:00:00-00:00,0,2019-12-10,3,0,ACTUAL,PACE,Total Actual Hourly Integrated Load,SYS_FCST_ACT_MW,3.8,4940,ACTUAL,161
2019-12-11T00:00:00-00:00,2019-12-11T01:00:00-00:00,0,2019-12-10,17,0,ACTUAL,PACE,Total Actual Hourly Integrated Load,SYS_FCST_ACT_MW,3.8,6191,ACTUAL,161
2019-12-10T21:00:00-00:00,2019-12-10T22:00:00-00:00,0,2019-12-10,14,0,ACTUAL,PACE,Total Actual Hourly Integrated Load,SYS_FCST_ACT_MW,3.8,5266,ACTUAL,161
2019-12-10T20:00:00-00:00,2019-12-10T21:00:00-00:00,0,2019-12-10,13,0,ACTUAL,PACE,Total Actual Hourly Integrated Load,SYS_FCST_ACT_MW,3.8,5603,ACTUAL,161
2019-12-10T17:00:00-00:00,2019-12-10T18:00:00-00:00,0,2019-12-10,10,0,ACTUAL,PACE,Total Actual Hourly Integrated Load,SYS_FCST_ACT_MW,3.8,5766,ACTUAL,161
2019-12-10T15:00:00-00:00,2019-12-10T16:00:00-00:00,0,2019-12-10,8,0,ACTUAL,PACE,Total Actual Hourly Integrated Load,SYS_FCST_ACT_MW,3.8,5951,ACTUAL,161
2019-12-11T04:00:00-00:00,2019-12-11T05:00:00-00:00,0,2019-12-10,21,0,ACTUAL,PACE,Total Actual Hourly Integrated Load,SYS_FCST_ACT_MW,3.8,5878,ACTUAL,161
2019-12-10T13:00:00-00:00,2019-12-10T14:00:00-00:00,0,2019-12-10,6,0,ACTUAL,PACE,Total Actual Hourly Integrated Load,SYS_FCST_ACT_MW,3.8,5652,ACTUAL,161
2019-12-11T05:00:00-00:00,2019-12-11T06:00:00-00:00,0,2019-12-10,22,0,ACTUAL,PACE,Total Actual Hourly Integrated Load,SYS_FCST_ACT_MW,3.8,5555,ACTUAL,161
2019-12-11T06:00:00-00:00,2019-12-11T07:00:00-00:00,0,2019-12-10,23,0,ACTUAL,PACE,Total Actual Hourly Integrated Load,SYS_FCST_ACT_MW,3.8,5272,ACTUAL,161
2019-12-10T22:00:00-00:00,2019-12-10T23:00:00-00:00,0,2019-12-10,15,0,ACTUAL,PACE,Total Actual Hourly Integrated Load,SYS_FCST_ACT_MW,3.8,5684,ACTUAL,161
2019-12-10T23:00:00-00:00,2019-12-11T00:00:00-00:00,0,2019-12-10,16,0,ACTUAL,PACE,Total Actual Hourly Integrated Load,SYS_FCST_ACT_MW,3.8,5854,ACTUAL,161
2019-12-10T16:00:00-00:00,2019-12-10T17:00:00-00:00,0,2019-12-10,9,0,ACTUAL,PACE,Total Actual Hourly Integrated Load,SYS_FCST_ACT_MW,3.8,5879,ACTUAL,161
2019-12-10T09:00:00-00:00,2019-12-10T10:00:00-00:00,0,2019-12-10,2,0,ACTUAL,PACE,Total Actual Hourly Integrated Load,SYS_FCST_ACT_MW,3.8,4935,ACTUAL,161
2019-12-11T03:00:00-00:00,2019-12-11T04:00:00-00:00,0,2019-12-10,20,0,ACTUAL,PACE,Total Actual Hourly Integrated Load,SYS_FCST_ACT_MW,3.8,6068,ACTUAL,161
2019-12-10T14:00:00-00:00,2019-12-10T15:00:00-00:00,0,2019-12-10,7,0,ACTUAL,PACE,Total Actual Hourly Integrated Load,SYS_FCST_ACT_MW,3.8,5952,ACTUAL,161
2019-12-11T07:00:00-00:00,2019-12-11T08:00:00-00:00,0,2019-12-10,24,0,ACTUAL,PACW,Total Actual Hourly Integrated Load,SYS_FCST_ACT_MW,3.8,2371,ACTUAL,162
2019-12-10T22:00:00-00:00,2019-12-10T23:00:00-00:00,0,2019-12-10,15,0,ACTUAL,PACW,Total Actual Hourly Integrated Load,SYS_FCST_ACT_MW,3.8,2947,ACTUAL,162
2019-12-11T04:00:00-00:00,2019-12-11T05:00:00-00:00,0,2019-12-10,21,0,ACTUAL,PACW,Total Actual Hourly Integrated Load,SYS_FCST_ACT_MW,3.8,2932,ACTUAL,162
2019-12-10T18:00:00-00:00,2019-12-10T19:00:00-00:00,0,2019-12-10,11,0,ACTUAL,PACW,Total Actual Hourly Integrated Load,SYS_FCST_ACT_MW,3.8,3032,ACTUAL,162
2019-12-10T13:00:00-00:00,2019-12-10T14:00:00-00:00,0,2019-12-10,6,0,ACTUAL,PACW,Total Actual Hourly Integrated Load,SYS_FCST_ACT_MW,3.8,2599,ACTUAL,162
2019-12-11T03:00:00-00:00,2019-12-11T04:00:00-00:00,0,2019-12-10,20,0,ACTUAL,PACW,Total Actual Hourly Integrated Load,SYS_FCST_ACT_MW,3.8,3031,ACTUAL,162
2019-12-10T23:00:00-00:00,2019-12-11T00:00:00-00:00,0,2019-12-10,16,0,ACTUAL,PACW,Total Actual Hourly Integrated Load,SYS_FCST_ACT_MW,3.8,2970,ACTUAL,162
2019-12-10T12:00:00-00:00,2019-12-10T13:00:00-00:00,0,2019-12-10,5,0,ACTUAL,PACW,Total Actual Hourly Integrated Load,SYS_FCST_ACT_MW,3.8,2336,ACTUAL,162
2019-12-10T11:00:00-00:00,2019-12-10T12:00:00-00:00,0,2019-12-10,4,0,ACTUAL,PACW,Total Actual Hourly Integrated Load,SYS_FCST_ACT_MW,3.8,2222,ACTUAL,162
2019-12-10T10:00:00-00:00,2019-12-10T11:00:00-00:00,0,2019-12-10,3,0,ACTUAL,PACW,Total Actual Hourly Integrated Load,SYS_FCST_ACT_MW,3.8,2201,ACTUAL,162
2019-12-11T00:00:00-00:00,2019-12-11T01:00:00-00:00,0,2019-12-10,17,0,ACTUAL,PACW,Total Actual Hourly Integrated Load,SYS_FCST_ACT_MW,3.8,3073,ACTUAL,162
2019-12-10T09:00:00-00:00,2019-12-10T10:00:00-00:00,0,2019-12-10,2,0,ACTUAL,PACW,Total Actual Hourly Integrated Load,SYS_FCST_ACT_MW,3.8,2205,ACTUAL,162
2019-12-10T19:00:00-00:00,2019-12-10T20:00:00-00:00,0,2019-12-10,12,0,ACTUAL,PACW,Total Actual Hourly Integrated Load,SYS_FCST_ACT_MW,3.8,3017,ACTUAL,162
2019-12-10T17:00:00-00:00,2019-12-10T18:00:00-00:00,0,2019-12-10,10,0,ACTUAL,PACW,Total Actual Hourly Integrated Load,SYS_FCST_ACT_MW,3.8,3068,ACTUAL,162
2019-12-10T16:00:00-00:00,2019-12-10T17:00:00-00:00,0,2019-12-10,9,0,ACTUAL,PACW,Total Actual Hourly Integrated Load,SYS_FCST_ACT_MW,3.8,3111,ACTUAL,162
2019-12-10T08:00:00-00:00,2019-12-10T09:00:00-00:00,0,2019-12-10,1,0,ACTUAL,PACW,Total Actual Hourly Integrated Load,SYS_FCST_ACT_MW,3.8,2244,ACTUAL,162
2019-12-11T05:00:00-00:00,2019-12-11T06:00:00-00:00,0,2019-12-10,22,0,ACTUAL,PACW,Total Actual Hourly Integrated Load,SYS_FCST_ACT_MW,3.8,2763,ACTUAL,162
2019-12-11T02:00:00-00:00,2019-12-11T03:00:00-00:00,0,2019-12-10,19,0,ACTUAL,PACW,Total Actual Hourly Integrated Load,SYS_FCST_ACT_MW,3.8,3110,ACTUAL,162
2019-12-11T01:00:00-00:00,2019-12-11T02:00:00-00:00,0,2019-12-10,18,0,ACTUAL,PACW,Total Actual Hourly Integrated Load,SYS_FCST_ACT_MW,3.8,3152,ACTUAL,162
2019-12-10T21:00:00-00:00,2019-12-10T22:00:00-00:00,0,2019-12-10,14,0,ACTUAL,PACW,Total Actual Hourly Integrated Load,SYS_FCST_ACT_MW,3.8,2962,ACTUAL,162
2019-12-11T06:00:00-00:00,2019-12-11T07:00:00-00:00,0,2019-12-10,23,0,ACTUAL,PACW,Total Actual Hourly Integrated Load,SYS_FCST_ACT_MW,3.8,2558,ACTUAL,162
2019-12-10T15:00:00-00:00,2019-12-10T16:00:00-00:00,0,2019-12-10,8,0,ACTUAL,PACW,Total Actual Hourly Integrated Load,SYS_FCST_ACT_MW,3.8,3150,ACTUAL,162
2019-12-10T14:00:00-00:00,2019-12-10T15:00:00-00:00,0,2019-12-10,7,0,ACTUAL,PACW,Total Actual Hourly Integrated Load,SYS_FCST_ACT_MW,3.8,2959,ACTUAL,162
2019-12-10T20:00:00-00:00,2019-12-10T21:00:00-00:00,0,2019-12-10,13,0,ACTUAL,PACW,Total Actual Hourly Integrated Load,SYS_FCST_ACT_MW,3.8,3010,ACTUAL,162
2019-12-11T00:00:00-00:00,2019-12-11T01:00:00-00:00,0,2019-12-10,17,0,ACTUAL,PGE,Total Actual Hourly Integrated Load,SYS_FCST_ACT_MW,3.8,3071,ACTUAL,163
2019-12-10T12:00:00-00:00,2019-12-10T13:00:00-00:00,0,2019-12-10,5,0,ACTUAL,PGE,Total Actual Hourly Integrated Load,SYS_FCST_ACT_MW,3.8,2148,ACTUAL,163
2019-12-11T04:00:00-00:00,2019-12-11T05:00:00-00:00,0,2019-12-10,21,0,ACTUAL,PGE,Total Actual Hourly Integrated Load,SYS_FCST_ACT_MW,3.8,2949,ACTUAL,163
2019-12-11T05:00:00-00:00,2019-12-11T06:00:00-00:00,0,2019-12-10,22,0,ACTUAL,PGE,Total Actual Hourly Integrated Load,SYS_FCST_ACT_MW,3.8,2760,ACTUAL,163
2019-12-10T08:00:00-00:00,2019-12-10T09:00:00-00:00,0,2019-12-10,1,0,ACTUAL,PGE,Total Actual Hourly Integrated Load,SYS_FCST_ACT_MW,3.8,2122,ACTUAL,163
2019-12-10T13:00:00-00:00,2019-12-10T14:00:00-00:00,0,2019-12-10,6,0,ACTUAL,PGE,Total Actual Hourly Integrated Load,SYS_FCST_ACT_MW,3.8,2400,ACTUAL,163
2019-12-10T15:00:00-00:00,2019-12-10T16:00:00-00:00,0,2019-12-10,8,0,ACTUAL,PGE,Total Actual Hourly Integrated Load,SYS_FCST_ACT_MW,3.8,2931,ACTUAL,163
2019-12-10T19:00:00-00:00,2019-12-10T20:00:00-00:00,0,2019-12-10,12,0,ACTUAL,PGE,Total Actual Hourly Integrated Load,SYS_FCST_ACT_MW,3.8,2877,ACTUAL,163
2019-12-10T09:00:00-00:00,2019-12-10T10:00:00-00:00,0,2019-12-10,2,0,ACTUAL,PGE,Total Actual Hourly Integrated Load,SYS_FCST_ACT_MW,3.8,2049,ACTUAL,163
2019-12-10T17:00:00-00:00,2019-12-10T18:00:00-00:00,0,2019-12-10,10,0,ACTUAL,PGE,Total Actual Hourly Integrated Load,SYS_FCST_ACT_MW,3.8,2902,ACTUAL,163
2019-12-10T18:00:00-00:00,2019-12-10T19:00:00-00:00,0,2019-12-10,11,0,ACTUAL,PGE,Total Actual Hourly Integrated Load,SYS_FCST_ACT_MW,3.8,2888,ACTUAL,163
2019-12-10T20:00:00-00:00,2019-12-10T21:00:00-00:00,0,2019-12-10,13,0,ACTUAL,PGE,Total Actual Hourly Integrated Load,SYS_FCST_ACT_MW,3.8,2876,ACTUAL,163
2019-12-10T23:00:00-00:00,2019-12-11T00:00:00-00:00,0,2019-12-10,16,0,ACTUAL,PGE,Total Actual Hourly Integrated Load,SYS_FCST_ACT_MW,3.8,2931,ACTUAL,163
2019-12-11T03:00:00-00:00,2019-12-11T04:00:00-00:00,0,2019-12-10,20,0,ACTUAL,PGE,Total Actual Hourly Integrated Load,SYS_FCST_ACT_MW,3.8,3059,ACTUAL,163
2019-12-10T14:00:00-00:00,2019-12-10T15:00:00-00:00,0,2019-12-10,7,0,ACTUAL,PGE,Total Actual Hourly Integrated Load,SYS_FCST_ACT_MW,3.8,2735,ACTUAL,163
2019-12-10T11:00:00-00:00,2019-12-10T12:00:00-00:00,0,2019-12-10,4,0,ACTUAL,PGE,Total Actual Hourly Integrated Load,SYS_FCST_ACT_MW,3.8,2040,ACTUAL,163
2019-12-11T01:00:00-00:00,2019-12-11T02:00:00-00:00,0,2019-12-10,18,0,ACTUAL,PGE,Total Actual Hourly Integrated Load,SYS_FCST_ACT_MW,3.8,3168,ACTUAL,163
2019-12-10T21:00:00-00:00,2019-12-10T22:00:00-00:00,0,2019-12-10,14,0,ACTUAL,PGE,Total Actual Hourly Integrated Load,SYS_FCST_ACT_MW,3.8,2862,ACTUAL,163
2019-12-10T10:00:00-00:00,2019-12-10T11:00:00-00:00,0,2019-12-10,3,0,ACTUAL,PGE,Total Actual Hourly Integrated Load,SYS_FCST_ACT_MW,3.8,2021,ACTUAL,163
2019-12-10T22:00:00-00:00,2019-12-10T23:00:00-00:00,0,2019-12-10,15,0,ACTUAL,PGE,Total Actual Hourly Integrated Load,SYS_FCST_ACT_MW,3.8,2882,ACTUAL,163
2019-12-10T16:00:00-00:00,2019-12-10T17:00:00-00:00,0,2019-12-10,9,0,ACTUAL,PGE,Total Actual Hourly Integrated Load,SYS_FCST_ACT_MW,3.8,2920,ACTUAL,163
2019-12-11T06:00:00-00:00,2019-12-11T07:00:00-00:00,0,2019-12-10,23,0,ACTUAL,PGE,Total Actual Hourly Integrated Load,SYS_FCST_ACT_MW,3.8,2514,ACTUAL,163
2019-12-11T07:00:00-00:00,2019-12-11T08:00:00-00:00,0,2019-12-10,24,0,ACTUAL,PGE,Total Actual Hourly Integrated Load,SYS_FCST_ACT_MW,3.8,2291,ACTUAL,163
2019-12-11T02:00:00-00:00,2019-12-11T03:00:00-00:00,0,2019-12-10,19,0,ACTUAL,PGE,Total Actual Hourly Integrated Load,SYS_FCST_ACT_MW,3.8,3135,ACTUAL,163
2019-12-10T21:00:00-00:00,2019-12-10T22:00:00-00:00,0,2019-12-10,14,0,ACTUAL,PGE-TAC,Total Actual Hourly Integrated Load,SYS_FCST_ACT_MW,3.1,10959,ACTUAL,164
2019-12-11T06:00:00-00:00,2019-12-11T07:00:00-00:00,0,2019-12-10,23,0,ACTUAL,PGE-TAC,Total Actual Hourly Integrated Load,SYS_FCST_ACT_MW,3.1,11026,ACTUAL,164
2019-12-10T22:00:00-00:00,2019-12-10T23:00:00-00:00,0,2019-12-10,15,0,ACTUAL,PGE-TAC,Total Actual Hourly Integrated Load,SYS_FCST_ACT_MW,3.1,11224,ACTUAL,164
2019-12-11T02:00:00-00:00,2019-12-11T03:00:00-00:00,0,2019-12-10,19,0,ACTUAL,PGE-TAC,Total Actual Hourly Integrated Load,SYS_FCST_ACT_MW,3.1,13177,ACTUAL,164
2019-12-11T03:00:00-00:00,2019-12-11T04:00:00-00:00,0,2019-12-10,20,0,ACTUAL,PGE-TAC,Total Actual Hourly Integrated Load,SYS_FCST_ACT_MW,3.1,12939,ACTUAL,164
2019-12-10T13:00:00-00:00,2019-12-10T14:00:00-00:00,0,2019-12-10,6,0,ACTUAL,PGE-TAC,Total Actual Hourly Integrated Load,SYS_FCST_ACT_MW,3.1,10481,ACTUAL,164
2019-12-10T18:00:00-00:00,2019-12-10T19:00:00-00:00,0,2019-12-10,11,0,ACTUAL,PGE-TAC,Total Actual Hourly Integrated Load,SYS_FCST_ACT_MW,3.1,11413,ACTUAL,164
2019-12-10T23:00:00-00:00,2019-12-11T00:00:00-00:00,0,2019-12-10,16,0,ACTUAL,PGE-TAC,Total Actual Hourly Integrated Load,SYS_FCST_ACT_MW,3.1,11587,ACTUAL,164
2019-12-10T11:00:00-00:00,2019-12-10T12:00:00-00:00,0,2019-12-10,4,0,ACTUAL,PGE-TAC,Total Actual Hourly Integrated Load,SYS_FCST_ACT_MW,3.1,9596,ACTUAL,164
2019-12-10T15:00:00-00:00,2019-12-10T16:00:00-00:00,0,2019-12-10,8,0,ACTUAL,PGE-TAC,Total Actual Hourly Integrated Load,SYS_FCST_ACT_MW,3.1,12270,ACTUAL,164
2019-12-10T17:00:00-00:00,2019-12-10T18:00:00-00:00,0,2019-12-10,10,0,ACTUAL,PGE-TAC,Total Actual Hourly Integrated Load,SYS_FCST_ACT_MW,3.1,11798,ACTUAL,164
2019-12-10T12:00:00-00:00,2019-12-10T13:00:00-00:00,0,2019-12-10,5,0,ACTUAL,PGE-TAC,Total Actual Hourly Integrated Load,SYS_FCST_ACT_MW,3.1,9856,ACTUAL,164
2019-12-10T16:00:00-00:00,2019-12-10T17:00:00-00:00,0,2019-12-10,9,0,ACTUAL,PGE-TAC,Total Actual Hourly Integrated Load,SYS_FCST_ACT_MW,3.1,12183,ACTUAL,164
2019-12-10T19:00:00-00:00,2019-12-10T20:00:00-00:00,0,2019-12-10,12,0,ACTUAL,PGE-TAC,Total Actual Hourly Integrated Load,SYS_FCST_ACT_MW,3.1,11128,ACTUAL,164
2019-12-10T20:00:00-00:00,2019-12-10T21:00:00-00:00,0,2019-12-10,13,0,ACTUAL,PGE-TAC,Total Actual Hourly Integrated Load,SYS_FCST_ACT_MW,3.1,10904,ACTUAL,164
2019-12-11T05:00:00-00:00,2019-12-11T06:00:00-00:00,0,2019-12-10,22,0,ACTUAL,PGE-TAC,Total Actual Hourly Integrated Load,SYS_FCST_ACT_MW,3.1,11940,ACTUAL,164
2019-12-11T07:00:00-00:00,2019-12-11T08:00:00-00:00,0,2019-12-10,24,0,ACTUAL,PGE-TAC,Total Actual Hourly Integrated Load,SYS_FCST_ACT_MW,3.1,10160,ACTUAL,164
2019-12-10T09:00:00-00:00,2019-12-10T10:00:00-00:00,0,2019-12-10,2,0,ACTUAL,PGE-TAC,Total Actual Hourly Integrated Load,SYS_FCST_ACT_MW,3.1,9846,ACTUAL,164
2019-12-10T14:00:00-00:00,2019-12-10T15:00:00-00:00,0,2019-12-10,7,0,ACTUAL,PGE-TAC,Total Actual Hourly Integrated Load,SYS_FCST_ACT_MW,3.1,11484,ACTUAL,164
2019-12-11T00:00:00-00:00,2019-12-11T01:00:00-00:00,0,2019-12-10,17,0,ACTUAL,PGE-TAC,Total Actual Hourly Integrated Load,SYS_FCST_ACT_MW,3.1,12231,ACTUAL,164
2019-12-11T01:00:00-00:00,2019-12-11T02:00:00-00:00,0,2019-12-10,18,0,ACTUAL,PGE-TAC,Total Actual Hourly Integrated Load,SYS_FCST_ACT_MW,3.1,13134,ACTUAL,164
2019-12-11T04:00:00-00:00,2019-12-11T05:00:00-00:00,0,2019-12-10,21,0,ACTUAL,PGE-TAC,Total Actual Hourly Integrated Load,SYS_FCST_ACT_MW,3.1,12567,ACTUAL,164
2019-12-10T08:00:00-00:00,2019-12-10T09:00:00-00:00,0,2019-12-10,1,0,ACTUAL,PGE-TAC,Total Actual Hourly Integrated Load,SYS_FCST_ACT_MW,3.1,9860,ACTUAL,164
2019-12-10T10:00:00-00:00,2019-12-10T11:00:00-00:00,0,2019-12-10,3,0,ACTUAL,PGE-TAC,Total Actual Hourly Integrated Load,SYS_FCST_ACT_MW,3.1,9636,ACTUAL,164
2019-12-10T22:00:00-00:00,2019-12-10T23:00:00-00:00,0,2019-12-10,15,0,ACTUAL,PSEI,Total Actual Hourly Integrated Load,SYS_FCST_ACT_MW,3.8,3528,ACTUAL,165
2019-12-10T17:00:00-00:00,2019-12-10T18:00:00-00:00,0,2019-12-10,10,0,ACTUAL,PSEI,Total Actual Hourly Integrated Load,SYS_FCST_ACT_MW,3.8,3575,ACTUAL,165
2019-12-11T00:00:00-00:00,2019-12-11T01:00:00-00:00,0,2019-12-10,17,0,ACTUAL,PSEI,Total Actual Hourly Integrated Load,SYS_FCST_ACT_MW,3.8,3810,ACTUAL,165
2019-12-10T09:00:00-00:00,2019-12-10T10:00:00-00:00,0,2019-12-10,2,0,ACTUAL,PSEI,Total Actual Hourly Integrated Load,SYS_FCST_ACT_MW,3.8,2524,ACTUAL,165
2019-12-10T15:00:00-00:00,2019-12-10T16:00:00-00:00,0,2019-12-10,8,0,ACTUAL,PSEI,Total Actual Hourly Integrated Load,SYS_FCST_ACT_MW,3.8,3675,ACTUAL,165
2019-12-10T19:00:00-00:00,2019-12-10T20:00:00-00:00,0,2019-12-10,12,0,ACTUAL,PSEI,Total Actual Hourly Integrated Load,SYS_FCST_ACT_MW,3.8,3507,ACTUAL,165
2019-12-10T10:00:00-00:00,2019-12-10T11:00:00-00:00,0,2019-12-10,3,0,ACTUAL,PSEI,Total Actual Hourly Integrated Load,SYS_FCST_ACT_MW,3.8,2504,ACTUAL,165
2019-12-10T14:00:00-00:00,2019-12-10T15:00:00-00:00,0,2019-12-10,7,0,ACTUAL,PSEI,Total Actual Hourly Integrated Load,SYS_FCST_ACT_MW,3.8,3447,ACTUAL,165
2019-12-10T18:00:00-00:00,2019-12-10T19:00:00-00:00,0,2019-12-10,11,0,ACTUAL,PSEI,Total Actual Hourly Integrated Load,SYS_FCST_ACT_MW,3.8,3523,ACTUAL,165
2019-12-11T07:00:00-00:00,2019-12-11T08:00:00-00:00,0,2019-12-10,24,0,ACTUAL,PSEI,Total Actual Hourly Integrated Load,SYS_FCST_ACT_MW,3.8,2749,ACTUAL,165
2019-12-10T13:00:00-00:00,2019-12-10T14:00:00-00:00,0,2019-12-10,6,0,ACTUAL,PSEI,Total Actual Hourly Integrated Load,SYS_FCST_ACT_MW,3.8,3057,ACTUAL,165
2019-12-10T20:00:00-00:00,2019-12-10T21:00:00-00:00,0,2019-12-10,13,0,ACTUAL,PSEI,Total Actual Hourly Integrated Load,SYS_FCST_ACT_MW,3.8,3521,ACTUAL,165
2019-12-11T03:00:00-00:00,2019-12-11T04:00:00-00:00,0,2019-12-10,20,0,ACTUAL,PSEI,Total Actual Hourly Integrated Load,SYS_FCST_ACT_MW,3.8,3761,ACTUAL,165
2019-12-11T01:00:00-00:00,2019-12-11T02:00:00-00:00,0,2019-12-10,18,0,ACTUAL,PSEI,Total Actual Hourly Integrated Load,SYS_FCST_ACT_MW,3.8,3919,ACTUAL,165
2019-12-11T05:00:00-00:00,2019-12-11T06:00:00-00:00,0,2019-12-10,22,0,ACTUAL,PSEI,Total Actual Hourly Integrated Load,SYS_FCST_ACT_MW,3.8,3363,ACTUAL,165
2019-12-11T06:00:00-00:00,2019-12-11T07:00:00-00:00,0,2019-12-10,23,0,ACTUAL,PSEI,Total Actual Hourly Integrated Load,SYS_FCST_ACT_MW,3.8,3033,ACTUAL,165
2019-12-10T08:00:00-00:00,2019-12-10T09:00:00-00:00,0,2019-12-10,1,0,ACTUAL,PSEI,Total Actual Hourly Integrated Load,SYS_FCST_ACT_MW,3.8,2599,ACTUAL,165
2019-12-10T11:00:00-00:00,2019-12-10T12:00:00-00:00,0,2019-12-10,4,0,ACTUAL,PSEI,Total Actual Hourly Integrated Load,SYS_FCST_ACT_MW,3.8,2558,ACTUAL,165
2019-12-10T12:00:00-00:00,2019-12-10T13:00:00-00:00,0,2019-12-10,5,0,ACTUAL,PSEI,Total Actual Hourly Integrated Load,SYS_FCST_ACT_MW,3.8,2732,ACTUAL,165
2019-12-10T16:00:00-00:00,2019-12-10T17:00:00-00:00,0,2019-12-10,9,0,ACTUAL,PSEI,Total Actual Hourly Integrated Load,SYS_FCST_ACT_MW,3.8,3646,ACTUAL,165
2019-12-10T21:00:00-00:00,2019-12-10T22:00:00-00:00,0,2019-12-10,14,0,ACTUAL,PSEI,Total Actual Hourly Integrated Load,SYS_FCST_ACT_MW,3.8,3523,ACTUAL,165
2019-12-11T02:00:00-00:00,2019-12-11T03:00:00-00:00,0,2019-12-10,19,0,ACTUAL,PSEI,Total Actual Hourly Integrated Load,SYS_FCST_ACT_MW,3.8,3865,ACTUAL,165
2019-12-11T04:00:00-00:00,2019-12-11T05:00:00-00:00,0,2019-12-10,21,0,ACTUAL,PSEI,Total Actual Hourly Integrated Load,SYS_FCST_ACT_MW,3.8,3614,ACTUAL,165
2019-12-10T23:00:00-00:00,2019-12-11T00:00:00-00:00,0,2019-12-10,16,0,ACTUAL,PSEI,Total Actual Hourly Integrated Load,SYS_FCST_ACT_MW,3.8,3607,ACTUAL,165
2019-12-11T03:00:00-00:00,2019-12-11T04:00:00-00:00,0,2019-12-10,20,0,ACTUAL,SCE-TAC,Total Actual Hourly Integrated Load,SYS_FCST_ACT_MW,3.2,12905,ACTUAL,166
2019-12-11T07:00:00-00:00,2019-12-11T08:00:00-00:00,0,2019-12-10,24,0,ACTUAL,SCE-TAC,Total Actual Hourly Integrated Load,SYS_FCST_ACT_MW,3.2,10490,ACTUAL,166
2019-12-10T13:00:00-00:00,2019-12-10T14:00:00-00:00,0,2019-12-10,6,0,ACTUAL,SCE-TAC,Total Actual Hourly Integrated Load,SYS_FCST_ACT_MW,3.2,10318,ACTUAL,166
2019-12-10T16:00:00-00:00,2019-12-10T17:00:00-00:00,0,2019-12-10,9,0,ACTUAL,SCE-TAC,Total Actual Hourly Integrated Load,SYS_FCST_ACT_MW,3.2,11422,ACTUAL,166
2019-12-10T11:00:00-00:00,2019-12-10T12:00:00-00:00,0,2019-12-10,4,0,ACTUAL,SCE-TAC,Total Actual Hourly Integrated Load,SYS_FCST_ACT_MW,3.2,9277,ACTUAL,166
2019-12-10T21:00:00-00:00,2019-12-10T22:00:00-00:00,0,2019-12-10,14,0,ACTUAL,SCE-TAC,Total Actual Hourly Integrated Load,SYS_FCST_ACT_MW,3.2,11092,ACTUAL,166
2019-12-11T00:00:00-00:00,2019-12-11T01:00:00-00:00,0,2019-12-10,17,0,ACTUAL,SCE-TAC,Total Actual Hourly Integrated Load,SYS_FCST_ACT_MW,3.2,12084,ACTUAL,166
2019-12-10T08:00:00-00:00,2019-12-10T09:00:00-00:00,0,2019-12-10,1,0,ACTUAL,SCE-TAC,Total Actual Hourly Integrated Load,SYS_FCST_ACT_MW,3.2,9790,ACTUAL,166
2019-12-10T17:00:00-00:00,2019-12-10T18:00:00-00:00,0,2019-12-10,10,0,ACTUAL,SCE-TAC,Total Actual Hourly Integrated Load,SYS_FCST_ACT_MW,3.2,11433,ACTUAL,166
2019-12-11T06:00:00-00:00,2019-12-11T07:00:00-00:00,0,2019-12-10,23,0,ACTUAL,SCE-TAC,Total Actual Hourly Integrated Load,SYS_FCST_ACT_MW,3.2,11330,ACTUAL,166
2019-12-10T12:00:00-00:00,2019-12-10T13:00:00-00:00,0,2019-12-10,5,0,ACTUAL,SCE-TAC,Total Actual Hourly Integrated Load,SYS_FCST_ACT_MW,3.2,9570,ACTUAL,166
2019-12-10T18:00:00-00:00,2019-12-10T19:00:00-00:00,0,2019-12-10,11,0,ACTUAL,SCE-TAC,Total Actual Hourly Integrated Load,SYS_FCST_ACT_MW,3.2,11252,ACTUAL,166
2019-12-10T19:00:00-00:00,2019-12-10T20:00:00-00:00,0,2019-12-10,12,0,ACTUAL,SCE-TAC,Total Actual Hourly Integrated Load,SYS_FCST_ACT_MW,3.2,11061,ACTUAL,166
2019-12-11T01:00:00-00:00,2019-12-11T02:00:00-00:00,0,2019-12-10,18,0,ACTUAL,SCE-TAC,Total Actual Hourly Integrated Load,SYS_FCST_ACT_MW,3.2,13014,ACTUAL,166
2019-12-10T10:00:00-00:00,2019-12-10T11:00:00-00:00,0,2019-12-10,3,0,ACTUAL,SCE-TAC,Total Actual Hourly Integrated Load,SYS_FCST_ACT_MW,3.2,9289,ACTUAL,166
2019-12-10T22:00:00-00:00,2019-12-10T23:00:00-00:00,0,2019-12-10,15,0,ACTUAL,SCE-TAC,Total Actual Hourly Integrated Load,SYS_FCST_ACT_MW,3.2,11256,ACTUAL,166
2019-12-10T23:00:00-00:00,2019-12-11T00:00:00-00:00,0,2019-12-10,16,0,ACTUAL,SCE-TAC,Total Actual Hourly Integrated Load,SYS_FCST_ACT_MW,3.2,11448,ACTUAL,166
2019-12-10T09:00:00-00:00,2019-12-10T10:00:00-00:00,0,2019-12-10,2,0,ACTUAL,SCE-TAC,Total Actual Hourly Integrated Load,SYS_FCST_ACT_MW,3.2,9458,ACTUAL,166
2019-12-10T15:00:00-00:00,2019-12-10T16:00:00-00:00,0,2019-12-10,8,0,ACTUAL,SCE-TAC,Total Actual Hourly Integrated Load,SYS_FCST_ACT_MW,3.2,11625,ACTUAL,166
2019-12-11T05:00:00-00:00,2019-12-11T06:00:00-00:00,0,2019-12-10,22,0,ACTUAL,SCE-TAC,Total Actual Hourly Integrated Load,SYS_FCST_ACT_MW,3.2,12143,ACTUAL,166
2019-12-10T14:00:00-00:00,2019-12-10T15:00:00-00:00,0,2019-12-10,7,0,ACTUAL,SCE-TAC,Total Actual Hourly Integrated Load,SYS_FCST_ACT_MW,3.2,11360,ACTUAL,166
2019-12-10T20:00:00-00:00,2019-12-10T21:00:00-00:00,0,2019-12-10,13,0,ACTUAL,SCE-TAC,Total Actual Hourly Integrated Load,SYS_FCST_ACT_MW,3.2,10935,ACTUAL,166
2019-12-11T02:00:00-00:00,2019-12-11T03:00:00-00:00,0,2019-12-10,19,0,ACTUAL,SCE-TAC,Total Actual Hourly Integrated Load,SYS_FCST_ACT_MW,3.2,13039,ACTUAL,166
2019-12-11T04:00:00-00:00,2019-12-11T05:00:00-00:00,0,2019-12-10,21,0,ACTUAL,SCE-TAC,Total Actual Hourly Integrated Load,SYS_FCST_ACT_MW,3.2,12672,ACTUAL,166
2019-12-11T03:00:00-00:00,2019-12-11T04:00:00-00:00,0,2019-12-10,20,0,ACTUAL,SCL,Total Actual Hourly Integrated Load,SYS_FCST_ACT_MW,3.8,1398,ACTUAL,167
2019-12-10T12:00:00-00:00,2019-12-10T13:00:00-00:00,0,2019-12-10,5,0,ACTUAL,SCL,Total Actual Hourly Integrated Load,SYS_FCST_ACT_MW,3.8,1005,ACTUAL,167
2019-12-10T20:00:00-00:00,2019-12-10T21:00:00-00:00,0,2019-12-10,13,0,ACTUAL,SCL,Total Actual Hourly Integrated Load,SYS_FCST_ACT_MW,3.8,1360,ACTUAL,167
2019-12-10T21:00:00-00:00,2019-12-10T22:00:00-00:00,0,2019-12-10,14,0,ACTUAL,SCL,Total Actual Hourly Integrated Load,SYS_FCST_ACT_MW,3.8,1365,ACTUAL,167
2019-12-11T00:00:00-00:00,2019-12-11T01:00:00-00:00,0,2019-12-10,17,0,ACTUAL,SCL,Total Actual Hourly Integrated Load,SYS_FCST_ACT_MW,3.8,1432,ACTUAL,167
2019-12-10T08:00:00-00:00,2019-12-10T09:00:00-00:00,0,2019-12-10,1,0,ACTUAL,SCL,Total Actual Hourly Integrated Load,SYS_FCST_ACT_MW,3.8,978,ACTUAL,167
2019-12-10T16:00:00-00:00,2019-12-10T17:00:00-00:00,0,2019-12-10,9,0,ACTUAL,SCL,Total Actual Hourly Integrated Load,SYS_FCST_ACT_MW,3.8,1415,ACTUAL,167
2019-12-11T06:00:00-00:00,2019-12-11T07:00:00-00:00,0,2019-12-10,23,0,ACTUAL,SCL,Total Actual Hourly Integrated Load,SYS_FCST_ACT_MW,3.8,1161,ACTUAL,167
2019-12-10T09:00:00-00:00,2019-12-10T10:00:00-00:00,0,2019-12-10,2,0,ACTUAL,SCL,Total Actual Hourly Integrated Load,SYS_FCST_ACT_MW,3.8,943,ACTUAL,167
2019-12-11T01:00:00-00:00,2019-12-11T02:00:00-00:00,0,2019-12-10,18,0,ACTUAL,SCL,Total Actual Hourly Integrated Load,SYS_FCST_ACT_MW,3.8,1460,ACTUAL,167
2019-12-11T04:00:00-00:00,2019-12-11T05:00:00-00:00,0,2019-12-10,21,0,ACTUAL,SCL,Total Actual Hourly Integrated Load,SYS_FCST_ACT_MW,3.8,1350,ACTUAL,167
2019-12-11T05:00:00-00:00,2019-12-11T06:00:00-00:00,0,2019-12-10,22,0,ACTUAL,SCL,Total Actual Hourly Integrated Load,SYS_FCST_ACT_MW,3.8,1272,ACTUAL,167
2019-12-11T07:00:00-00:00,2019-12-11T08:00:00-00:00,0,2019-12-10,24,0,ACTUAL,SCL,Total Actual Hourly Integrated Load,SYS_FCST_ACT_MW,3.8,1054,ACTUAL,167
2019-12-10T23:00:00-00:00,2019-12-11T00:00:00-00:00,0,2019-12-10,16,0,ACTUAL,SCL,Total Actual Hourly Integrated Load,SYS_FCST_ACT_MW,3.8,1379,ACTUAL,167
2019-12-10T14:00:00-00:00,2019-12-10T15:00:00-00:00,0,2019-12-10,7,0,ACTUAL,SCL,Total Actual Hourly Integrated Load,SYS_FCST_ACT_MW,3.8,1305,ACTUAL,167
2019-12-10T17:00:00-00:00,2019-12-10T18:00:00-00:00,0,2019-12-10,10,0,ACTUAL,SCL,Total Actual Hourly Integrated Load,SYS_FCST_ACT_MW,3.8,1386,ACTUAL,167
2019-12-10T22:00:00-00:00,2019-12-10T23:00:00-00:00,0,2019-12-10,15,0,ACTUAL,SCL,Total Actual Hourly Integrated Load,SYS_FCST_ACT_MW,3.8,1357,ACTUAL,167
2019-12-11T02:00:00-00:00,2019-12-11T03:00:00-00:00,0,2019-12-10,19,0,ACTUAL,SCL,Total Actual Hourly Integrated Load,SYS_FCST_ACT_MW,3.8,1429,ACTUAL,167
2019-12-10T11:00:00-00:00,2019-12-10T12:00:00-00:00,0,2019-12-10,4,0,ACTUAL,SCL,Total Actual Hourly Integrated Load,SYS_FCST_ACT_MW,3.8,946,ACTUAL,167
2019-12-10T13:00:00-00:00,2019-12-10T14:00:00-00:00,0,2019-12-10,6,0,ACTUAL,SCL,Total Actual Hourly Integrated Load,SYS_FCST_ACT_MW,3.8,1128,ACTUAL,167
2019-12-10T15:00:00-00:00,2019-12-10T16:00:00-00:00,0,2019-12-10,8,0,ACTUAL,SCL,Total Actual Hourly Integrated Load,SYS_FCST_ACT_MW,3.8,1423,ACTUAL,167
2019-12-10T18:00:00-00:00,2019-12-10T19:00:00-00:00,0,2019-12-10,11,0,ACTUAL,SCL,Total Actual Hourly Integrated Load,SYS_FCST_ACT_MW,3.8,1358,ACTUAL,167
2019-12-10T10:00:00-00:00,2019-12-10T11:00:00-00:00,0,2019-12-10,3,0,ACTUAL,SCL,Total Actual Hourly Integrated Load,SYS_FCST_ACT_MW,3.8,930,ACTUAL,167
2019-12-10T19:00:00-00:00,2019-12-10T20:00:00-00:00,0,2019-12-10,12,0,ACTUAL,SCL,Total Actual Hourly Integrated Load,SYS_FCST_ACT_MW,3.8,1354,ACTUAL,167
2019-12-10T16:00:00-00:00,2019-12-10T17:00:00-00:00,0,2019-12-10,9,0,ACTUAL,SDGE-TAC,Total Actual Hourly Integrated Load,SYS_FCST_ACT_MW,3.4,2225,ACTUAL,168
2019-12-11T04:00:00-00:00,2019-12-11T05:00:00-00:00,0,2019-12-10,21,0,ACTUAL,SDGE-TAC,Total Actual Hourly Integrated Load,SYS_FCST_ACT_MW,3.4,2681,ACTUAL,168
2019-12-10T15:00:00-00:00,2019-12-10T16:00:00-00:00,0,2019-12-10,8,0,ACTUAL,SDGE-TAC,Total Actual Hourly Integrated Load,SYS_FCST_ACT_MW,3.4,2391,ACTUAL,168
2019-12-10T12:00:00-00:00,2019-12-10T13:00:00-00:00,0,2019-12-10,5,0,ACTUAL,SDGE-TAC,Total Actual Hourly Integrated Load,SYS_FCST_ACT_MW,3.4,1919,ACTUAL,168
2019-12-10T09:00:00-00:00,2019-12-10T10:00:00-00:00,0,2019-12-10,2,0,ACTUAL,SDGE-TAC,Total Actual Hourly Integrated Load,SYS_FCST_ACT_MW,3.4,1920,ACTUAL,168
2019-12-11T01:00:00-00:00,2019-12-11T02:00:00-00:00,0,2019-12-10,18,0,ACTUAL,SDGE-TAC,Total Actual Hourly Integrated Load,SYS_FCST_ACT_MW,3.4,2844,ACTUAL,168
2019-12-10T11:00:00-00:00,2019-12-10T12:00:00-00:00,0,2019-12-10,4,0,ACTUAL,SDGE-TAC,Total Actual Hourly Integrated Load,SYS_FCST_ACT_MW,3.4,1830,ACTUAL,168
2019-12-11T02:00:00-00:00,2019-12-11T03:00:00-00:00,0,2019-12-10,19,0,ACTUAL,SDGE-TAC,Total Actual Hourly Integrated Load,SYS_FCST_ACT_MW,3.4,2836,ACTUAL,168
2019-12-10T17:00:00-00:00,2019-12-10T18:00:00-00:00,0,2019-12-10,10,0,ACTUAL,SDGE-TAC,Total Actual Hourly Integrated Load,SYS_FCST_ACT_MW,3.4,2073,ACTUAL,168
2019-12-10T10:00:00-00:00,2019-12-10T11:00:00-00:00,0,2019-12-10,3,0,ACTUAL,SDGE-TAC,Total Actual Hourly Integrated Load,SYS_FCST_ACT_MW,3.4,1843,ACTUAL,168
2019-12-11T00:00:00-00:00,2019-12-11T01:00:00-00:00,0,2019-12-10,17,0,ACTUAL,SDGE-TAC,Total Actual Hourly Integrated Load,SYS_FCST_ACT_MW,3.4,2567,ACTUAL,168
2019-12-10T21:00:00-00:00,2019-12-10T22:00:00-00:00,0,2019-12-10,14,0,ACTUAL,SDGE-TAC,Total Actual Hourly Integrated Load,SYS_FCST_ACT_MW,3.4,2163,ACTUAL,168
2019-12-10T14:00:00-00:00,2019-12-10T15:00:00-00:00,0,2019-12-10,7,0,ACTUAL,SDGE-TAC,Total Actual Hourly Integrated Load,SYS_FCST_ACT_MW,3.4,2333,ACTUAL,168
2019-12-11T05:00:00-00:00,2019-12-11T06:00:00-00:00,0,2019-12-10,22,0,ACTUAL,SDGE-TAC,Total Actual Hourly Integrated Load,SYS_FCST_ACT_MW,3.4,2513,ACTUAL,168
2019-12-11T07:00:00-00:00,2019-12-11T08:00:00-00:00,0,2019-12-10,24,0,ACTUAL,SDGE-TAC,Total Actual Hourly Integrated Load,SYS_FCST_ACT_MW,3.4,2080,ACTUAL,168
2019-12-10T22:00:00-00:00,2019-12-10T23:00:00-00:00,0,2019-12-10,15,0,ACTUAL,SDGE-TAC,Total Actual Hourly Integrated Load,SYS_FCST_ACT_MW,3.4,2194,ACTUAL,168
2019-12-10T23:00:00-00:00,2019-12-11T00:00:00-00:00,0,2019-12-10,16,0,ACTUAL,SDGE-TAC,Total Actual Hourly Integrated Load,SYS_FCST_ACT_MW,3.4,2369,ACTUAL,168
2019-12-10T19:00:00-00:00,2019-12-10T20:00:00-00:00,0,2019-12-10,12,0,ACTUAL,SDGE-TAC,Total Actual Hourly Integrated Load,SYS_FCST_ACT_MW,3.4,1945,ACTUAL,168
2019-12-10T08:00:00-00:00,2019-12-10T09:00:00-00:00,0,2019-12-10,1,0,ACTUAL,SDGE-TAC,Total Actual Hourly Integrated Load,SYS_FCST_ACT_MW,3.4,1991,ACTUAL,168
2019-12-10T20:00:00-00:00,2019-12-10T21:00:00-00:00,0,2019-12-10,13,0,ACTUAL,SDGE-TAC,Total Actual Hourly Integrated Load,SYS_FCST_ACT_MW,3.4,2034,ACTUAL,168
2019-12-10T13:00:00-00:00,2019-12-10T14:00:00-00:00,0,2019-12-10,6,0,ACTUAL,SDGE-TAC,Total Actual Hourly Integrated Load,SYS_FCST_ACT_MW,3.4,2086,ACTUAL,168
2019-12-11T06:00:00-00:00,2019-12-11T07:00:00-00:00,0,2019-12-10,23,0,ACTUAL,SDGE-TAC,Total Actual Hourly Integrated Load,SYS_FCST_ACT_MW,3.4,2301,ACTUAL,168
2019-12-11T03:00:00-00:00,2019-12-11T04:00:00-00:00,0,2019-12-10,20,0,ACTUAL,SDGE-TAC,Total Actual Hourly Integrated Load,SYS_FCST_ACT_MW,3.4,2784,ACTUAL,168
2019-12-10T18:00:00-00:00,2019-12-10T19:00:00-00:00,0,2019-12-10,11,0,ACTUAL,SDGE-TAC,Total Actual Hourly Integrated Load,SYS_FCST_ACT_MW,3.4,1993,ACTUAL,168
2019-12-10T21:00:00-00:00,2019-12-10T22:00:00-00:00,0,2019-12-10,14,0,ACTUAL,SRP,Total Actual Hourly Integrated Load,SYS_FCST_ACT_MW,3.8,2689,ACTUAL,169
2019-12-10T14:00:00-00:00,2019-12-10T15:00:00-00:00,0,2019-12-10,7,0,ACTUAL,SRP,Total Actual Hourly Integrated Load,SYS_FCST_ACT_MW,3.8,3272,ACTUAL,169
2019-12-10T08:00:00-00:00,2019-12-10T09:00:00-00:00,0,2019-12-10,1,0,ACTUAL,SRP,Total Actual Hourly Integrated Load,SYS_FCST_ACT_MW,3.8,2491,ACTUAL,169
2019-12-11T05:00:00-00:00,2019-12-11T06:00:00-00:00,0,2019-12-10,22,0,ACTUAL,SRP,Total Actual Hourly Integrated Load,SYS_FCST_ACT_MW,3.8,2912,ACTUAL,169
2019-12-11T02:00:00-00:00,2019-12-11T03:00:00-00:00,0,2019-12-10,19,0,ACTUAL,SRP,Total Actual Hourly Integrated Load,SYS_FCST_ACT_MW,3.8,3238,ACTUAL,169
2019-12-10T09:00:00-00:00,2019-12-10T10:00:00-00:00,0,2019-12-10,2,0,ACTUAL,SRP,Total Actual Hourly Integrated Load,SYS_FCST_ACT_MW,3.8,2453,ACTUAL,169
2019-12-11T01:00:00-00:00,2019-12-11T02:00:00-00:00,0,2019-12-10,18,0,ACTUAL,SRP,Total Actual Hourly Integrated Load,SYS_FCST_ACT_MW,3.8,3224,ACTUAL,169
2019-12-11T00:00:00-00:00,2019-12-11T01:00:00-00:00,0,2019-12-10,17,0,ACTUAL,SRP,Total Actual Hourly Integrated Load,SYS_FCST_ACT_MW,3.8,3047,ACTUAL,169
2019-12-10T11:00:00-00:00,2019-12-10T12:00:00-00:00,0,2019-12-10,4,0,ACTUAL,SRP,Total Actual Hourly Integrated Load,SYS_FCST_ACT_MW,3.8,2617,ACTUAL,169
2019-12-11T07:00:00-00:00,2019-12-11T08:00:00-00:00,0,2019-12-10,24,0,ACTUAL,SRP,Total Actual Hourly Integrated Load,SYS_FCST_ACT_MW,3.8,2628,ACTUAL,169
2019-12-10T20:00:00-00:00,2019-12-10T21:00:00-00:00,0,2019-12-10,13,0,ACTUAL,SRP,Total Actual Hourly Integrated Load,SYS_FCST_ACT_MW,3.8,2716,ACTUAL,169
2019-12-11T03:00:00-00:00,2019-12-11T04:00:00-00:00,0,2019-12-10,20,0,ACTUAL,SRP,Total Actual Hourly Integrated Load,SYS_FCST_ACT_MW,3.8,3192,ACTUAL,169
2019-12-10T13:00:00-00:00,2019-12-10T14:00:00-00:00,0,2019-12-10,6,0,ACTUAL,SRP,Total Actual Hourly Integrated Load,SYS_FCST_ACT_MW,3.8,3204,ACTUAL,169
2019-12-10T10:00:00-00:00,2019-12-10T11:00:00-00:00,0,2019-12-10,3,0,ACTUAL,SRP,Total Actual Hourly Integrated Load,SYS_FCST_ACT_MW,3.8,2483,ACTUAL,169
2019-12-11T04:00:00-00:00,2019-12-11T05:00:00-00:00,0,2019-12-10,21,0,ACTUAL,SRP,Total Actual Hourly Integrated Load,SYS_FCST_ACT_MW,3.8,3130,ACTUAL,169
2019-12-10T16:00:00-00:00,2019-12-10T17:00:00-00:00,0,2019-12-10,9,0,ACTUAL,SRP,Total Actual Hourly Integrated Load,SYS_FCST_ACT_MW,3.8,3001,ACTUAL,169
2019-12-10T15:00:00-00:00,2019-12-10T16:00:00-00:00,0,2019-12-10,8,0,ACTUAL,SRP,Total Actual Hourly Integrated Load,SYS_FCST_ACT_MW,3.8,3132,ACTUAL,169
2019-12-11T06:00:00-00:00,2019-12-11T07:00:00-00:00,0,2019-12-10,23,0,ACTUAL,SRP,Total Actual Hourly Integrated Load,SYS_FCST_ACT_MW,3.8,2725,ACTUAL,169
2019-12-10T18:00:00-00:00,2019-12-10T19:00:00-00:00,0,2019-12-10,11,0,ACTUAL,SRP,Total Actual Hourly Integrated Load,SYS_FCST_ACT_MW,3.8,2799,ACTUAL,169
2019-12-10T22:00:00-00:00,2019-12-10T23:00:00-00:00,0,2019-12-10,15,0,ACTUAL,SRP,Total Actual Hourly Integrated Load,SYS_FCST_ACT_MW,3.8,2689,ACTUAL,169
2019-12-10T17:00:00-00:00,2019-12-10T18:00:00-00:00,0,2019-12-10,10,0,ACTUAL,SRP,Total Actual Hourly Integrated Load,SYS_FCST_ACT_MW,3.8,2917,ACTUAL,169
2019-12-10T12:00:00-00:00,2019-12-10T13:00:00-00:00,0,2019-12-10,5,0,ACTUAL,SRP,Total Actual Hourly Integrated Load,SYS_FCST_ACT_MW,3.8,2894,ACTUAL,169
2019-12-10T23:00:00-00:00,2019-12-11T00:00:00-00:00,0,2019-12-10,16,0,ACTUAL,SRP,Total Actual Hourly Integrated Load,SYS_FCST_ACT_MW,3.8,2773,ACTUAL,169
2019-12-10T19:00:00-00:00,2019-12-10T20:00:00-00:00,0,2019-12-10,12,0,ACTUAL,SRP,Total Actual Hourly Integrated Load,SYS_FCST_ACT_MW,3.8,2727,ACTUAL,169
2019-12-10T13:00:00-00:00,2019-12-10T14:00:00-00:00,0,2019-12-10,6,0,ACTUAL,VEA-TAC,Total Actual Hourly Integrated Load,SYS_FCST_ACT_MW,3.5,93,ACTUAL,170
2019-12-10T22:00:00-00:00,2019-12-10T23:00:00-00:00,0,2019-12-10,15,0,ACTUAL,VEA-TAC,Total Actual Hourly Integrated Load,SYS_FCST_ACT_MW,3.5,113,ACTUAL,170
2019-12-11T05:00:00-00:00,2019-12-11T06:00:00-00:00,0,2019-12-10,22,0,ACTUAL,VEA-TAC,Total Actual Hourly Integrated Load,SYS_FCST_ACT_MW,3.5,76,ACTUAL,170
2019-12-11T03:00:00-00:00,2019-12-11T04:00:00-00:00,0,2019-12-10,20,0,ACTUAL,VEA-TAC,Total Actual Hourly Integrated Load,SYS_FCST_ACT_MW,3.5,78,ACTUAL,170
2019-12-10T10:00:00-00:00,2019-12-10T11:00:00-00:00,0,2019-12-10,3,0,ACTUAL,VEA-TAC,Total Actual Hourly Integrated Load,SYS_FCST_ACT_MW,3.5,74,ACTUAL,170
2019-12-10T19:00:00-00:00,2019-12-10T20:00:00-00:00,0,2019-12-10,12,0,ACTUAL,VEA-TAC,Total Actual Hourly Integrated Load,SYS_FCST_ACT_MW,3.5,65,ACTUAL,170
2019-12-10T09:00:00-00:00,2019-12-10T10:00:00-00:00,0,2019-12-10,2,0,ACTUAL,VEA-TAC,Total Actual Hourly Integrated Load,SYS_FCST_ACT_MW,3.5,71,ACTUAL,170
2019-12-10T14:00:00-00:00,2019-12-10T15:00:00-00:00,0,2019-12-10,7,0,ACTUAL,VEA-TAC,Total Actual Hourly Integrated Load,SYS_FCST_ACT_MW,3.5,103,ACTUAL,170
2019-12-10T16:00:00-00:00,2019-12-10T17:00:00-00:00,0,2019-12-10,9,0,ACTUAL,VEA-TAC,Total Actual Hourly Integrated Load,SYS_FCST_ACT_MW,3.5,89,ACTUAL,170
2019-12-10T18:00:00-00:00,2019-12-10T19:00:00-00:00,0,2019-12-10,11,0,ACTUAL,VEA-TAC,Total Actual Hourly Integrated Load,SYS_FCST_ACT_MW,3.5,72,ACTUAL,170
2019-12-10T23:00:00-00:00,2019-12-11T00:00:00-00:00,0,2019-12-10,16,0,ACTUAL,VEA-TAC,Total Actual Hourly Integrated Load,SYS_FCST_ACT_MW,3.5,61,ACTUAL,170
2019-12-10T12:00:00-00:00,2019-12-10T13:00:00-00:00,0,2019-12-10,5,0,ACTUAL,VEA-TAC,Total Actual Hourly Integrated Load,SYS_FCST_ACT_MW,3.5,84,ACTUAL,170
2019-12-11T07:00:00-00:00,2019-12-11T08:00:00-00:00,0,2019-12-10,24,0,ACTUAL,VEA-TAC,Total Actual Hourly Integrated Load,SYS_FCST_ACT_MW,3.5,73,ACTUAL,170
2019-12-10T11:00:00-00:00,2019-12-10T12:00:00-00:00,0,2019-12-10,4,0,ACTUAL,VEA-TAC,Total Actual Hourly Integrated Load,SYS_FCST_ACT_MW,3.5,78,ACTUAL,170
2019-12-10T17:00:00-00:00,2019-12-10T18:00:00-00:00,0,2019-12-10,10,0,ACTUAL,VEA-TAC,Total Actual Hourly Integrated Load,SYS_FCST_ACT_MW,3.5,80,ACTUAL,170
2019-12-11T01:00:00-00:00,2019-12-11T02:00:00-00:00,0,2019-12-10,18,0,ACTUAL,VEA-TAC,Total Actual Hourly Integrated Load,SYS_FCST_ACT_MW,3.5,76,ACTUAL,170
2019-12-11T02:00:00-00:00,2019-12-11T03:00:00-00:00,0,2019-12-10,19,0,ACTUAL,VEA-TAC,Total Actual Hourly Integrated Load,SYS_FCST_ACT_MW,3.5,78,ACTUAL,170
2019-12-11T06:00:00-00:00,2019-12-11T07:00:00-00:00,0,2019-12-10,23,0,ACTUAL,VEA-TAC,Total Actual Hourly Integrated Load,SYS_FCST_ACT_MW,3.5,75,ACTUAL,170
2019-12-11T04:00:00-00:00,2019-12-11T05:00:00-00:00,0,2019-12-10,21,0,ACTUAL,VEA-TAC,Total Actual Hourly Integrated Load,SYS_FCST_ACT_MW,3.5,78,ACTUAL,170
2019-12-10T08:00:00-00:00,2019-12-10T09:00:00-00:00,0,2019-12-10,1,0,ACTUAL,VEA-TAC,Total Actual Hourly Integrated Load,SYS_FCST_ACT_MW,3.5,69,ACTUAL,170
2019-12-10T21:00:00-00:00,2019-12-10T22:00:00-00:00,0,2019-12-10,14,0,ACTUAL,VEA-TAC,Total Actual Hourly Integrated Load,SYS_FCST_ACT_MW,3.5,61,ACTUAL,170
2019-12-11T00:00:00-00:00,2019-12-11T01:00:00-00:00,0,2019-12-10,17,0,ACTUAL,VEA-TAC,Total Actual Hourly Integrated Load,SYS_FCST_ACT_MW,3.5,70,ACTUAL,170
2019-12-10T15:00:00-00:00,2019-12-10T16:00:00-00:00,0,2019-12-10,8,0,ACTUAL,VEA-TAC,Total Actual Hourly Integrated Load,SYS_FCST_ACT_MW,3.5,101,ACTUAL,170
2019-12-10T20:00:00-00:00,2019-12-10T21:00:00-00:00,0,2019-12-10,13,0,ACTUAL,VEA-TAC,Total Actual Hourly Integrated Load,SYS_FCST_ACT_MW,3.5,60,ACTUAL,170
2019-12-11T22:00:00-00:00,2019-12-11T23:00:00-00:00,0,2019-12-11,15,0,ACTUAL,AZPS,Total Actual Hourly Integrated Load,SYS_FCST_ACT_MW,3.8,2532,ACTUAL,171
2019-12-11T18:00:00-00:00,2019-12-11T19:00:00-00:00,0,2019-12-11,11,0,ACTUAL,AZPS,Total Actual Hourly Integrated Load,SYS_FCST_ACT_MW,3.8,2530,ACTUAL,171
2019-12-11T16:00:00-00:00,2019-12-11T17:00:00-00:00,0,2019-12-11,9,0,ACTUAL,AZPS,Total Actual Hourly Integrated Load,SYS_FCST_ACT_MW,3.8,3033,ACTUAL,171
2019-12-11T17:00:00-00:00,2019-12-11T18:00:00-00:00,0,2019-12-11,10,0,ACTUAL,AZPS,Total Actual Hourly Integrated Load,SYS_FCST_ACT_MW,3.8,2806,ACTUAL,171
2019-12-11T23:00:00-00:00,2019-12-12T00:00:00-00:00,0,2019-12-11,16,0,ACTUAL,AZPS,Total Actual Hourly Integrated Load,SYS_FCST_ACT_MW,3.8,2753,ACTUAL,171
2019-12-11T12:00:00-00:00,2019-12-11T13:00:00-00:00,0,2019-12-11,5,0,ACTUAL,AZPS,Total Actual Hourly Integrated Load,SYS_FCST_ACT_MW,3.8,3033,ACTUAL,171
2019-12-12T03:00:00-00:00,2019-12-12T04:00:00-00:00,0,2019-12-11,20,0,ACTUAL,AZPS,Total Actual Hourly Integrated Load,SYS_FCST_ACT_MW,3.8,3249,ACTUAL,171
2019-12-12T07:00:00-00:00,2019-12-12T08:00:00-00:00,0,2019-12-11,24,0,ACTUAL,AZPS,Total Actual Hourly Integrated Load,SYS_FCST_ACT_MW,3.8,2678,ACTUAL,171
2019-12-11T13:00:00-00:00,2019-12-11T14:00:00-00:00,0,2019-12-11,6,0,ACTUAL,AZPS,Total Actual Hourly Integrated Load,SYS_FCST_ACT_MW,3.8,3349,ACTUAL,171
2019-12-11T15:00:00-00:00,2019-12-11T16:00:00-00:00,0,2019-12-11,8,0,ACTUAL,AZPS,Total Actual Hourly Integrated Load,SYS_FCST_ACT_MW,3.8,3271,ACTUAL,171
2019-12-11T20:00:00-00:00,2019-12-11T21:00:00-00:00,0,2019-12-11,13,0,ACTUAL,AZPS,Total Actual Hourly Integrated Load,SYS_FCST_ACT_MW,3.8,2379,ACTUAL,171
2019-12-12T05:00:00-00:00,2019-12-12T06:00:00-00:00,0,2019-12-11,22,0,ACTUAL,AZPS,Total Actual Hourly Integrated Load,SYS_FCST_ACT_MW,3.8,2958,ACTUAL,171
2019-12-11T08:00:00-00:00,2019-12-11T09:00:00-00:00,0,2019-12-11,1,0,ACTUAL,AZPS,Total Actual Hourly Integrated Load,SYS_FCST_ACT_MW,3.8,2622,ACTUAL,171
2019-12-11T21:00:00-00:00,2019-12-11T22:00:00-00:00,0,2019-12-11,14,0,ACTUAL,AZPS,Total Actual Hourly Integrated Load,SYS_FCST_ACT_MW,3.8,2422,ACTUAL,171
2019-12-12T02:00:00-00:00,2019-12-12T03:00:00-00:00,0,2019-12-11,19,0,ACTUAL,AZPS,Total Actual Hourly Integrated Load,SYS_FCST_ACT_MW,3.8,3261,ACTUAL,171
2019-12-11T10:00:00-00:00,2019-12-11T11:00:00-00:00,0,2019-12-11,3,0,ACTUAL,AZPS,Total Actual Hourly Integrated Load,SYS_FCST_ACT_MW,3.8,2653,ACTUAL,171
2019-12-11T14:00:00-00:00,2019-12-11T15:00:00-00:00,0,2019-12-11,7,0,ACTUAL,AZPS,Total Actual Hourly Integrated Load,SYS_FCST_ACT_MW,3.8,3433,ACTUAL,171
2019-12-11T19:00:00-00:00,2019-12-11T20:00:00-00:00,0,2019-12-11,12,0,ACTUAL,AZPS,Total Actual Hourly Integrated Load,SYS_FCST_ACT_MW,3.8,2400,ACTUAL,171
2019-12-12T00:00:00-00:00,2019-12-12T01:00:00-00:00,0,2019-12-11,17,0,ACTUAL,AZPS,Total Actual Hourly Integrated Load,SYS_FCST_ACT_MW,3.8,3105,ACTUAL,171
2019-12-12T01:00:00-00:00,2019-12-12T02:00:00-00:00,0,2019-12-11,18,0,ACTUAL,AZPS,Total Actual Hourly Integrated Load,SYS_FCST_ACT_MW,3.8,3277,ACTUAL,171
2019-12-12T06:00:00-00:00,2019-12-12T07:00:00-00:00,0,2019-12-11,23,0,ACTUAL,AZPS,Total Actual Hourly Integrated Load,SYS_FCST_ACT_MW,3.8,2777,ACTUAL,171
2019-12-11T09:00:00-00:00,2019-12-11T10:00:00-00:00,0,2019-12-11,2,0,ACTUAL,AZPS,Total Actual Hourly Integrated Load,SYS_FCST_ACT_MW,3.8,2615,ACTUAL,171
2019-12-11T11:00:00-00:00,2019-12-11T12:00:00-00:00,0,2019-12-11,4,0,ACTUAL,AZPS,Total Actual Hourly Integrated Load,SYS_FCST_ACT_MW,3.8,2775,ACTUAL,171
2019-12-12T04:00:00-00:00,2019-12-12T05:00:00-00:00,0,2019-12-11,21,0,ACTUAL,AZPS,Total Actual Hourly Integrated Load,SYS_FCST_ACT_MW,3.8,3146,ACTUAL,171
2019-12-12T05:00:00-00:00,2019-12-12T06:00:00-00:00,0,2019-12-11,22,0,ACTUAL,BANCSMUD,Total Actual Hourly Integrated Load,SYS_FCST_ACT_MW,3.8,1243,ACTUAL,172
2019-12-11T09:00:00-00:00,2019-12-11T10:00:00-00:00,0,2019-12-11,2,0,ACTUAL,BANCSMUD,Total Actual Hourly Integrated Load,SYS_FCST_ACT_MW,3.8,935,ACTUAL,172
2019-12-12T02:00:00-00:00,2019-12-12T03:00:00-00:00,0,2019-12-11,19,0,ACTUAL,BANCSMUD,Total Actual Hourly Integrated Load,SYS_FCST_ACT_MW,3.8,1377,ACTUAL,172
2019-12-12T00:00:00-00:00,2019-12-12T01:00:00-00:00,0,2019-12-11,17,0,ACTUAL,BANCSMUD,Total Actual Hourly Integrated Load,SYS_FCST_ACT_MW,3.8,1331,ACTUAL,172
2019-12-11T23:00:00-00:00,2019-12-12T00:00:00-00:00,0,2019-12-11,16,0,ACTUAL,BANCSMUD,Total Actual Hourly Integrated Load,SYS_FCST_ACT_MW,3.8,1267,ACTUAL,172
2019-12-11T18:00:00-00:00,2019-12-11T19:00:00-00:00,0,2019-12-11,11,0,ACTUAL,BANCSMUD,Total Actual Hourly Integrated Load,SYS_FCST_ACT_MW,3.8,1278,ACTUAL,172
2019-12-11T08:00:00-00:00,2019-12-11T09:00:00-00:00,0,2019-12-11,1,0,ACTUAL,BANCSMUD,Total Actual Hourly Integrated Load,SYS_FCST_ACT_MW,3.8,979,ACTUAL,172
2019-12-11T14:00:00-00:00,2019-12-11T15:00:00-00:00,0,2019-12-11,7,0,ACTUAL,BANCSMUD,Total Actual Hourly Integrated Load,SYS_FCST_ACT_MW,3.8,1196,ACTUAL,172
2019-12-12T01:00:00-00:00,2019-12-12T02:00:00-00:00,0,2019-12-11,18,0,ACTUAL,BANCSMUD,Total Actual Hourly Integrated Load,SYS_FCST_ACT_MW,3.8,1391,ACTUAL,172
2019-12-11T17:00:00-00:00,2019-12-11T18:00:00-00:00,0,2019-12-11,10,0,ACTUAL,BANCSMUD,Total Actual Hourly Integrated Load,SYS_FCST_ACT_MW,3.8,1263,ACTUAL,172
2019-12-11T16:00:00-00:00,2019-12-11T17:00:00-00:00,0,2019-12-11,9,0,ACTUAL,BANCSMUD,Total Actual Hourly Integrated Load,SYS_FCST_ACT_MW,3.8,1252,ACTUAL,172
2019-12-11T10:00:00-00:00,2019-12-11T11:00:00-00:00,0,2019-12-11,3,0,ACTUAL,BANCSMUD,Total Actual Hourly Integrated Load,SYS_FCST_ACT_MW,3.8,911,ACTUAL,172
2019-12-12T07:00:00-00:00,2019-12-12T08:00:00-00:00,0,2019-12-11,24,0,ACTUAL,BANCSMUD,Total Actual Hourly Integrated Load,SYS_FCST_ACT_MW,3.8,1033,ACTUAL,172
2019-12-11T11:00:00-00:00,2019-12-11T12:00:00-00:00,0,2019-12-11,4,0,ACTUAL,BANCSMUD,Total Actual Hourly Integrated Load,SYS_FCST_ACT_MW,3.8,913,ACTUAL,172
2019-12-11T21:00:00-00:00,2019-12-11T22:00:00-00:00,0,2019-12-11,14,0,ACTUAL,BANCSMUD,Total Actual Hourly Integrated Load,SYS_FCST_ACT_MW,3.8,1249,ACTUAL,172
2019-12-11T22:00:00-00:00,2019-12-11T23:00:00-00:00,0,2019-12-11,15,0,ACTUAL,BANCSMUD,Total Actual Hourly Integrated Load,SYS_FCST_ACT_MW,3.8,1250,ACTUAL,172
2019-12-11T20:00:00-00:00,2019-12-11T21:00:00-00:00,0,2019-12-11,13,0,ACTUAL,BANCSMUD,Total Actual Hourly Integrated Load,SYS_FCST_ACT_MW,3.8,1256,ACTUAL,172
2019-12-12T03:00:00-00:00,2019-12-12T04:00:00-00:00,0,2019-12-11,20,0,ACTUAL,BANCSMUD,Total Actual Hourly Integrated Load,SYS_FCST_ACT_MW,3.8,1352,ACTUAL,172
2019-12-11T19:00:00-00:00,2019-12-11T20:00:00-00:00,0,2019-12-11,12,0,ACTUAL,BANCSMUD,Total Actual Hourly Integrated Load,SYS_FCST_ACT_MW,3.8,1269,ACTUAL,172
2019-12-11T15:00:00-00:00,2019-12-11T16:00:00-00:00,0,2019-12-11,8,0,ACTUAL,BANCSMUD,Total Actual Hourly Integrated Load,SYS_FCST_ACT_MW,3.8,1262,ACTUAL,172
2019-12-11T12:00:00-00:00,2019-12-11T13:00:00-00:00,0,2019-12-11,5,0,ACTUAL,BANCSMUD,Total Actual Hourly Integrated Load,SYS_FCST_ACT_MW,3.8,952,ACTUAL,172
2019-12-11T13:00:00-00:00,2019-12-11T14:00:00-00:00,0,2019-12-11,6,0,ACTUAL,BANCSMUD,Total Actual Hourly Integrated Load,SYS_FCST_ACT_MW,3.8,1051,ACTUAL,172
2019-12-12T06:00:00-00:00,2019-12-12T07:00:00-00:00,0,2019-12-11,23,0,ACTUAL,BANCSMUD,Total Actual Hourly Integrated Load,SYS_FCST_ACT_MW,3.8,1134,ACTUAL,172
2019-12-12T04:00:00-00:00,2019-12-12T05:00:00-00:00,0,2019-12-11,21,0,ACTUAL,BANCSMUD,Total Actual Hourly Integrated Load,SYS_FCST_ACT_MW,3.8,1318,ACTUAL,172
2019-12-11T10:00:00-00:00,2019-12-11T11:00:00-00:00,0,2019-12-11,3,0,ACTUAL,BCHA,Total Actual Hourly Integrated Load,SYS_FCST_ACT_MW,3.8,6853,ACTUAL,173
2019-12-11T08:00:00-00:00,2019-12-11T09:00:00-00:00,0,2019-12-11,1,0,ACTUAL,BCHA,Total Actual Hourly Integrated Load,SYS_FCST_ACT_MW,3.8,7143,ACTUAL,173
2019-12-12T02:00:00-00:00,2019-12-12T03:00:00-00:00,0,2019-12-11,19,0,ACTUAL,BCHA,Total Actual Hourly Integrated Load,SYS_FCST_ACT_MW,3.8,9448,ACTUAL,173
2019-12-11T18:00:00-00:00,2019-12-11T19:00:00-00:00,0,2019-12-11,11,0,ACTUAL,BCHA,Total Actual Hourly Integrated Load,SYS_FCST_ACT_MW,3.8,8801,ACTUAL,173
2019-12-11T15:00:00-00:00,2019-12-11T16:00:00-00:00,0,2019-12-11,8,0,ACTUAL,BCHA,Total Actual Hourly Integrated Load,SYS_FCST_ACT_MW,3.8,8793,ACTUAL,173
2019-12-11T16:00:00-00:00,2019-12-11T17:00:00-00:00,0,2019-12-11,9,0,ACTUAL,BCHA,Total Actual Hourly Integrated Load,SYS_FCST_ACT_MW,3.8,8889,ACTUAL,173
2019-12-11T12:00:00-00:00,2019-12-11T13:00:00-00:00,0,2019-12-11,5,0,ACTUAL,BCHA,Total Actual Hourly Integrated Load,SYS_FCST_ACT_MW,3.8,6946,ACTUAL,173
2019-12-11T11:00:00-00:00,2019-12-11T12:00:00-00:00,0,2019-12-11,4,0,ACTUAL,BCHA,Total Actual Hourly Integrated Load,SYS_FCST_ACT_MW,3.8,6856,ACTUAL,173
2019-12-12T05:00:00-00:00,2019-12-12T06:00:00-00:00,0,2019-12-11,22,0,ACTUAL,BCHA,Total Actual Hourly Integrated Load,SYS_FCST_ACT_MW,3.8,8635,ACTUAL,173
2019-12-11T09:00:00-00:00,2019-12-11T10:00:00-00:00,0,2019-12-11,2,0,ACTUAL,BCHA,Total Actual Hourly Integrated Load,SYS_FCST_ACT_MW,3.8,6983,ACTUAL,173
2019-12-11T17:00:00-00:00,2019-12-11T18:00:00-00:00,0,2019-12-11,10,0,ACTUAL,BCHA,Total Actual Hourly Integrated Load,SYS_FCST_ACT_MW,3.8,8827,ACTUAL,173
2019-12-11T14:00:00-00:00,2019-12-11T15:00:00-00:00,0,2019-12-11,7,0,ACTUAL,BCHA,Total Actual Hourly Integrated Load,SYS_FCST_ACT_MW,3.8,8063,ACTUAL,173
2019-12-11T13:00:00-00:00,2019-12-11T14:00:00-00:00,0,2019-12-11,6,0,ACTUAL,BCHA,Total Actual Hourly Integrated Load,SYS_FCST_ACT_MW,3.8,7357,ACTUAL,173
2019-12-12T06:00:00-00:00,2019-12-12T07:00:00-00:00,0,2019-12-11,23,0,ACTUAL,BCHA,Total Actual Hourly Integrated Load,SYS_FCST_ACT_MW,3.8,8111,ACTUAL,173
2019-12-12T03:00:00-00:00,2019-12-12T04:00:00-00:00,0,2019-12-11,20,0,ACTUAL,BCHA,Total Actual Hourly Integrated Load,SYS_FCST_ACT_MW,3.8,9222,ACTUAL,173
2019-12-11T22:00:00-00:00,2019-12-11T23:00:00-00:00,0,2019-12-11,15,0,ACTUAL,BCHA,Total Actual Hourly Integrated Load,SYS_FCST_ACT_MW,3.8,8784,ACTUAL,173
2019-12-11T19:00:00-00:00,2019-12-11T20:00:00-00:00,0,2019-12-11,12,0,ACTUAL,BCHA,Total Actual Hourly Integrated Load,SYS_FCST_ACT_MW,3.8,8777,ACTUAL,173
2019-12-11T23:00:00-00:00,2019-12-12T00:00:00-00:00,0,2019-12-11,16,0,ACTUAL,BCHA,Total Actual Hourly Integrated Load,SYS_FCST_ACT_MW,3.8,8992,ACTUAL,173
2019-12-12T07:00:00-00:00,2019-12-12T08:00:00-00:00,0,2019-12-11,24,0,ACTUAL,BCHA,Total Actual Hourly Integrated Load,SYS_FCST_ACT_MW,3.8,7558,ACTUAL,173
2019-12-11T21:00:00-00:00,2019-12-11T22:00:00-00:00,0,2019-12-11,14,0,ACTUAL,BCHA,Total Actual Hourly Integrated Load,SYS_FCST_ACT_MW,3.8,8752,ACTUAL,173
2019-12-12T04:00:00-00:00,2019-12-12T05:00:00-00:00,0,2019-12-11,21,0,ACTUAL,BCHA,Total Actual Hourly Integrated Load,SYS_FCST_ACT_MW,3.8,8983,ACTUAL,173
2019-12-11T20:00:00-00:00,2019-12-11T21:00:00-00:00,0,2019-12-11,13,0,ACTUAL,BCHA,Total Actual Hourly Integrated Load,SYS_FCST_ACT_MW,3.8,8754,ACTUAL,173
2019-12-12T00:00:00-00:00,2019-12-12T01:00:00-00:00,0,2019-12-11,17,0,ACTUAL,BCHA,Total Actual Hourly Integrated Load,SYS_FCST_ACT_MW,3.8,9422,ACTUAL,173
2019-12-12T01:00:00-00:00,2019-12-12T02:00:00-00:00,0,2019-12-11,18,0,ACTUAL,BCHA,Total Actual Hourly Integrated Load,SYS_FCST_ACT_MW,3.8,9590,ACTUAL,173
2019-12-11T12:00:00-00:00,2019-12-11T13:00:00-00:00,0,2019-12-11,5,0,ACTUAL,CA ISO-TAC,Total Actual Hourly Integrated Load,SYS_FCST_ACT_MW,3,21442,ACTUAL,174
2019-12-12T07:00:00-00:00,2019-12-12T08:00:00-00:00,0,2019-12-11,24,0,ACTUAL,CA ISO-TAC,Total Actual Hourly Integrated Load,SYS_FCST_ACT_MW,3,22893,ACTUAL,174
2019-12-11T20:00:00-00:00,2019-12-11T21:00:00-00:00,0,2019-12-11,13,0,ACTUAL,CA ISO-TAC,Total Actual Hourly Integrated Load,SYS_FCST_ACT_MW,3,25469,ACTUAL,174
2019-12-11T21:00:00-00:00,2019-12-11T22:00:00-00:00,0,2019-12-11,14,0,ACTUAL,CA ISO-TAC,Total Actual Hourly Integrated Load,SYS_FCST_ACT_MW,3,25505,ACTUAL,174
2019-12-11T22:00:00-00:00,2019-12-11T23:00:00-00:00,0,2019-12-11,15,0,ACTUAL,CA ISO-TAC,Total Actual Hourly Integrated Load,SYS_FCST_ACT_MW,3,26022,ACTUAL,174
2019-12-12T02:00:00-00:00,2019-12-12T03:00:00-00:00,0,2019-12-11,19,0,ACTUAL,CA ISO-TAC,Total Actual Hourly Integrated Load,SYS_FCST_ACT_MW,3,29330,ACTUAL,174
2019-12-12T03:00:00-00:00,2019-12-12T04:00:00-00:00,0,2019-12-11,20,0,ACTUAL,CA ISO-TAC,Total Actual Hourly Integrated Load,SYS_FCST_ACT_MW,3,28919,ACTUAL,174
2019-12-11T15:00:00-00:00,2019-12-11T16:00:00-00:00,0,2019-12-11,8,0,ACTUAL,CA ISO-TAC,Total Actual Hourly Integrated Load,SYS_FCST_ACT_MW,3,26523,ACTUAL,174
2019-12-11T18:00:00-00:00,2019-12-11T19:00:00-00:00,0,2019-12-11,11,0,ACTUAL,CA ISO-TAC,Total Actual Hourly Integrated Load,SYS_FCST_ACT_MW,3,25349,ACTUAL,174
2019-12-12T04:00:00-00:00,2019-12-12T05:00:00-00:00,0,2019-12-11,21,0,ACTUAL,CA ISO-TAC,Total Actual Hourly Integrated Load,SYS_FCST_ACT_MW,3,28104,ACTUAL,174
2019-12-11T08:00:00-00:00,2019-12-11T09:00:00-00:00,0,2019-12-11,1,0,ACTUAL,CA ISO-TAC,Total Actual Hourly Integrated Load,SYS_FCST_ACT_MW,3,21822,ACTUAL,174
2019-12-11T09:00:00-00:00,2019-12-11T10:00:00-00:00,0,2019-12-11,2,0,ACTUAL,CA ISO-TAC,Total Actual Hourly Integrated Load,SYS_FCST_ACT_MW,3,21129,ACTUAL,174
2019-12-11T19:00:00-00:00,2019-12-11T20:00:00-00:00,0,2019-12-11,12,0,ACTUAL,CA ISO-TAC,Total Actual Hourly Integrated Load,SYS_FCST_ACT_MW,3,25299,ACTUAL,174
2019-12-12T00:00:00-00:00,2019-12-12T01:00:00-00:00,0,2019-12-11,17,0,ACTUAL,CA ISO-TAC,Total Actual Hourly Integrated Load,SYS_FCST_ACT_MW,3,27301,ACTUAL,174
2019-12-12T05:00:00-00:00,2019-12-12T06:00:00-00:00,0,2019-12-11,22,0,ACTUAL,CA ISO-TAC,Total Actual Hourly Integrated Load,SYS_FCST_ACT_MW,3,26748,ACTUAL,174
2019-12-11T16:00:00-00:00,2019-12-11T17:00:00-00:00,0,2019-12-11,9,0,ACTUAL,CA ISO-TAC,Total Actual Hourly Integrated Load,SYS_FCST_ACT_MW,3,26197,ACTUAL,174
2019-12-11T17:00:00-00:00,2019-12-11T18:00:00-00:00,0,2019-12-11,10,0,ACTUAL,CA ISO-TAC,Total Actual Hourly Integrated Load,SYS_FCST_ACT_MW,3,25700,ACTUAL,174
2019-12-11T23:00:00-00:00,2019-12-12T00:00:00-00:00,0,2019-12-11,16,0,ACTUAL,CA ISO-TAC,Total Actual Hourly Integrated Load,SYS_FCST_ACT_MW,3,25888,ACTUAL,174
2019-12-12T01:00:00-00:00,2019-12-12T02:00:00-00:00,0,2019-12-11,18,0,ACTUAL,CA ISO-TAC,Total Actual Hourly Integrated Load,SYS_FCST_ACT_MW,3,29418,ACTUAL,174
2019-12-11T11:00:00-00:00,2019-12-11T12:00:00-00:00,0,2019-12-11,4,0,ACTUAL,CA ISO-TAC,Total Actual Hourly Integrated Load,SYS_FCST_ACT_MW,3,20757,ACTUAL,174
2019-12-11T14:00:00-00:00,2019-12-11T15:00:00-00:00,0,2019-12-11,7,0,ACTUAL,CA ISO-TAC,Total Actual Hourly Integrated Load,SYS_FCST_ACT_MW,3,25374,ACTUAL,174
2019-12-12T06:00:00-00:00,2019-12-12T07:00:00-00:00,0,2019-12-11,23,0,ACTUAL,CA ISO-TAC,Total Actual Hourly Integrated Load,SYS_FCST_ACT_MW,3,24763,ACTUAL,174
2019-12-11T10:00:00-00:00,2019-12-11T11:00:00-00:00,0,2019-12-11,3,0,ACTUAL,CA ISO-TAC,Total Actual Hourly Integrated Load,SYS_FCST_ACT_MW,3,20887,ACTUAL,174
2019-12-11T13:00:00-00:00,2019-12-11T14:00:00-00:00,0,2019-12-11,6,0,ACTUAL,CA ISO-TAC,Total Actual Hourly Integrated Load,SYS_FCST_ACT_MW,3,22994,ACTUAL,174
2019-12-12T04:00:00-00:00,2019-12-12T05:00:00-00:00,0,2019-12-11,21,0,ACTUAL,IPCO,Total Actual Hourly Integrated Load,SYS_FCST_ACT_MW,3.8,1984,ACTUAL,175
2019-12-11T19:00:00-00:00,2019-12-11T20:00:00-00:00,0,2019-12-11,12,0,ACTUAL,IPCO,Total Actual Hourly Integrated Load,SYS_FCST_ACT_MW,3.8,2056,ACTUAL,175
2019-12-11T18:00:00-00:00,2019-12-11T19:00:00-00:00,0,2019-12-11,11,0,ACTUAL,IPCO,Total Actual Hourly Integrated Load,SYS_FCST_ACT_MW,3.8,2089,ACTUAL,175
2019-12-12T05:00:00-00:00,2019-12-12T06:00:00-00:00,0,2019-12-11,22,0,ACTUAL,IPCO,Total Actual Hourly Integrated Load,SYS_FCST_ACT_MW,3.8,1849,ACTUAL,175
2019-12-11T20:00:00-00:00,2019-12-11T21:00:00-00:00,0,2019-12-11,13,0,ACTUAL,IPCO,Total Actual Hourly Integrated Load,SYS_FCST_ACT_MW,3.8,2021,ACTUAL,175
2019-12-11T22:00:00-00:00,2019-12-11T23:00:00-00:00,0,2019-12-11,15,0,ACTUAL,IPCO,Total Actual Hourly Integrated Load,SYS_FCST_ACT_MW,3.8,2003,ACTUAL,175
2019-12-11T23:00:00-00:00,2019-12-12T00:00:00-00:00,0,2019-12-11,16,0,ACTUAL,IPCO,Total Actual Hourly Integrated Load,SYS_FCST_ACT_MW,3.8,2058,ACTUAL,175
2019-12-12T00:00:00-00:00,2019-12-12T01:00:00-00:00,0,2019-12-11,17,0,ACTUAL,IPCO,Total Actual Hourly Integrated Load,SYS_FCST_ACT_MW,3.8,2153,ACTUAL,175
2019-12-12T06:00:00-00:00,2019-12-12T07:00:00-00:00,0,2019-12-11,23,0,ACTUAL,IPCO,Total Actual Hourly Integrated Load,SYS_FCST_ACT_MW,3.8,1726,ACTUAL,175
2019-12-11T21:00:00-00:00,2019-12-11T22:00:00-00:00,0,2019-12-11,14,0,ACTUAL,IPCO,Total Actual Hourly Integrated Load,SYS_FCST_ACT_MW,3.8,2004,ACTUAL,175
2019-12-12T01:00:00-00:00,2019-12-12T02:00:00-00:00,0,2019-12-11,18,0,ACTUAL,IPCO,Total Actual Hourly Integrated Load,SYS_FCST_ACT_MW,3.8,2155,ACTUAL,175
2019-12-11T08:00:00-00:00,2019-12-11T09:00:00-00:00,0,2019-12-11,1,0,ACTUAL,IPCO,Total Actual Hourly Integrated Load,SYS_FCST_ACT_MW,3.8,1714,ACTUAL,175
2019-12-11T12:00:00-00:00,2019-12-11T13:00:00-00:00,0,2019-12-11,5,0,ACTUAL,IPCO,Total Actual Hourly Integrated Load,SYS_FCST_ACT_MW,3.8,1844,ACTUAL,175
2019-12-11T13:00:00-00:00,2019-12-11T14:00:00-00:00,0,2019-12-11,6,0,ACTUAL,IPCO,Total Actual Hourly Integrated Load,SYS_FCST_ACT_MW,3.8,2018,ACTUAL,175
2019-12-11T10:00:00-00:00,2019-12-11T11:00:00-00:00,0,2019-12-11,3,0,ACTUAL,IPCO,Total Actual Hourly Integrated Load,SYS_FCST_ACT_MW,3.8,1709,ACTUAL,175
2019-12-11T11:00:00-00:00,2019-12-11T12:00:00-00:00,0,2019-12-11,4,0,ACTUAL,IPCO,Total Actual Hourly Integrated Load,SYS_FCST_ACT_MW,3.8,1745,ACTUAL,175
2019-12-11T16:00:00-00:00,2019-12-11T17:00:00-00:00,0,2019-12-11,9,0,ACTUAL,IPCO,Total Actual Hourly Integrated Load,SYS_FCST_ACT_MW,3.8,2139,ACTUAL,175
2019-12-11T09:00:00-00:00,2019-12-11T10:00:00-00:00,0,2019-12-11,2,0,ACTUAL,IPCO,Total Actual Hourly Integrated Load,SYS_FCST_ACT_MW,3.8,1700,ACTUAL,175
2019-12-12T03:00:00-00:00,2019-12-12T04:00:00-00:00,0,2019-12-11,20,0,ACTUAL,IPCO,Total Actual Hourly Integrated Load,SYS_FCST_ACT_MW,3.8,2072,ACTUAL,175
2019-12-12T07:00:00-00:00,2019-12-12T08:00:00-00:00,0,2019-12-11,24,0,ACTUAL,IPCO,Total Actual Hourly Integrated Load,SYS_FCST_ACT_MW,3.8,1656,ACTUAL,175
2019-12-12T02:00:00-00:00,2019-12-12T03:00:00-00:00,0,2019-12-11,19,0,ACTUAL,IPCO,Total Actual Hourly Integrated Load,SYS_FCST_ACT_MW,3.8,2118,ACTUAL,175
2019-12-11T14:00:00-00:00,2019-12-11T15:00:00-00:00,0,2019-12-11,7,0,ACTUAL,IPCO,Total Actual Hourly Integrated Load,SYS_FCST_ACT_MW,3.8,2138,ACTUAL,175
2019-12-11T17:00:00-00:00,2019-12-11T18:00:00-00:00,0,2019-12-11,10,0,ACTUAL,IPCO,Total Actual Hourly Integrated Load,SYS_FCST_ACT_MW,3.8,2113,ACTUAL,175
2019-12-11T15:00:00-00:00,2019-12-11T16:00:00-00:00,0,2019-12-11,8,0,ACTUAL,IPCO,Total Actual Hourly Integrated Load,SYS_FCST_ACT_MW,3.8,2151,ACTUAL,175
2019-12-12T00:00:00-00:00,2019-12-12T01:00:00-00:00,0,2019-12-11,17,0,ACTUAL,MWD-TAC,Total Actual Hourly Integrated Load,SYS_FCST_ACT_MW,3.3,103,ACTUAL,176
2019-12-11T20:00:00-00:00,2019-12-11T21:00:00-00:00,0,2019-12-11,13,0,ACTUAL,MWD-TAC,Total Actual Hourly Integrated Load,SYS_FCST_ACT_MW,3.3,96,ACTUAL,176
2019-12-12T04:00:00-00:00,2019-12-12T05:00:00-00:00,0,2019-12-11,21,0,ACTUAL,MWD-TAC,Total Actual Hourly Integrated Load,SYS_FCST_ACT_MW,3.3,104,ACTUAL,176
2019-12-12T05:00:00-00:00,2019-12-12T06:00:00-00:00,0,2019-12-11,22,0,ACTUAL,MWD-TAC,Total Actual Hourly Integrated Load,SYS_FCST_ACT_MW,3.3,103,ACTUAL,176
2019-12-11T21:00:00-00:00,2019-12-11T22:00:00-00:00,0,2019-12-11,14,0,ACTUAL,MWD-TAC,Total Actual Hourly Integrated Load,SYS_FCST_ACT_MW,3.3,100,ACTUAL,176
2019-12-11T22:00:00-00:00,2019-12-11T23:00:00-00:00,0,2019-12-11,15,0,ACTUAL,MWD-TAC,Total Actual Hourly Integrated Load,SYS_FCST_ACT_MW,3.3,101,ACTUAL,176
2019-12-12T01:00:00-00:00,2019-12-12T02:00:00-00:00,0,2019-12-11,18,0,ACTUAL,MWD-TAC,Total Actual Hourly Integrated Load,SYS_FCST_ACT_MW,3.3,103,ACTUAL,176
2019-12-11T10:00:00-00:00,2019-12-11T11:00:00-00:00,0,2019-12-11,3,0,ACTUAL,MWD-TAC,Total Actual Hourly Integrated Load,SYS_FCST_ACT_MW,3.3,99,ACTUAL,176
2019-12-11T13:00:00-00:00,2019-12-11T14:00:00-00:00,0,2019-12-11,6,0,ACTUAL,MWD-TAC,Total Actual Hourly Integrated Load,SYS_FCST_ACT_MW,3.3,98,ACTUAL,176
2019-12-11T16:00:00-00:00,2019-12-11T17:00:00-00:00,0,2019-12-11,9,0,ACTUAL,MWD-TAC,Total Actual Hourly Integrated Load,SYS_FCST_ACT_MW,3.3,98,ACTUAL,176
2019-12-11T18:00:00-00:00,2019-12-11T19:00:00-00:00,0,2019-12-11,11,0,ACTUAL,MWD-TAC,Total Actual Hourly Integrated Load,SYS_FCST_ACT_MW,3.3,95,ACTUAL,176
2019-12-11T19:00:00-00:00,2019-12-11T20:00:00-00:00,0,2019-12-11,12,0,ACTUAL,MWD-TAC,Total Actual Hourly Integrated Load,SYS_FCST_ACT_MW,3.3,96,ACTUAL,176
2019-12-11T23:00:00-00:00,2019-12-12T00:00:00-00:00,0,2019-12-11,16,0,ACTUAL,MWD-TAC,Total Actual Hourly Integrated Load,SYS_FCST_ACT_MW,3.3,100,ACTUAL,176
2019-12-12T06:00:00-00:00,2019-12-12T07:00:00-00:00,0,2019-12-11,23,0,ACTUAL,MWD-TAC,Total Actual Hourly Integrated Load,SYS_FCST_ACT_MW,3.3,101,ACTUAL,176
2019-12-11T15:00:00-00:00,2019-12-11T16:00:00-00:00,0,2019-12-11,8,0,ACTUAL,MWD-TAC,Total Actual Hourly Integrated Load,SYS_FCST_ACT_MW,3.3,98,ACTUAL,176
2019-12-11T17:00:00-00:00,2019-12-11T18:00:00-00:00,0,2019-12-11,10,0,ACTUAL,MWD-TAC,Total Actual Hourly Integrated Load,SYS_FCST_ACT_MW,3.3,96,ACTUAL,176
2019-12-12T02:00:00-00:00,2019-12-12T03:00:00-00:00,0,2019-12-11,19,0,ACTUAL,MWD-TAC,Total Actual Hourly Integrated Load,SYS_FCST_ACT_MW,3.3,103,ACTUAL,176
2019-12-12T03:00:00-00:00,2019-12-12T04:00:00-00:00,0,2019-12-11,20,0,ACTUAL,MWD-TAC,Total Actual Hourly Integrated Load,SYS_FCST_ACT_MW,3.3,103,ACTUAL,176
2019-12-11T08:00:00-00:00,2019-12-11T09:00:00-00:00,0,2019-12-11,1,0,ACTUAL,MWD-TAC,Total Actual Hourly Integrated Load,SYS_FCST_ACT_MW,3.3,98,ACTUAL,176
2019-12-12T07:00:00-00:00,2019-12-12T08:00:00-00:00,0,2019-12-11,24,0,ACTUAL,MWD-TAC,Total Actual Hourly Integrated Load,SYS_FCST_ACT_MW,3.3,99,ACTUAL,176
2019-12-11T09:00:00-00:00,2019-12-11T10:00:00-00:00,0,2019-12-11,2,0,ACTUAL,MWD-TAC,Total Actual Hourly Integrated Load,SYS_FCST_ACT_MW,3.3,99,ACTUAL,176
2019-12-11T11:00:00-00:00,2019-12-11T12:00:00-00:00,0,2019-12-11,4,0,ACTUAL,MWD-TAC,Total Actual Hourly Integrated Load,SYS_FCST_ACT_MW,3.3,102,ACTUAL,176
2019-12-11T14:00:00-00:00,2019-12-11T15:00:00-00:00,0,2019-12-11,7,0,ACTUAL,MWD-TAC,Total Actual Hourly Integrated Load,SYS_FCST_ACT_MW,3.3,99,ACTUAL,176
2019-12-11T12:00:00-00:00,2019-12-11T13:00:00-00:00,0,2019-12-11,5,0,ACTUAL,MWD-TAC,Total Actual Hourly Integrated Load,SYS_FCST_ACT_MW,3.3,100,ACTUAL,176
2019-12-12T05:00:00-00:00,2019-12-12T06:00:00-00:00,0,2019-12-11,22,0,ACTUAL,NEVP,Total Actual Hourly Integrated Load,SYS_FCST_ACT_MW,3.8,4046,ACTUAL,177
2019-12-11T15:00:00-00:00,2019-12-11T16:00:00-00:00,0,2019-12-11,8,0,ACTUAL,NEVP,Total Actual Hourly Integrated Load,SYS_FCST_ACT_MW,3.8,3926,ACTUAL,177
2019-12-11T17:00:00-00:00,2019-12-11T18:00:00-00:00,0,2019-12-11,10,0,ACTUAL,NEVP,Total Actual Hourly Integrated Load,SYS_FCST_ACT_MW,3.8,3736,ACTUAL,177
2019-12-11T22:00:00-00:00,2019-12-11T23:00:00-00:00,0,2019-12-11,15,0,ACTUAL,NEVP,Total Actual Hourly Integrated Load,SYS_FCST_ACT_MW,3.8,3714,ACTUAL,177
2019-12-11T11:00:00-00:00,2019-12-11T12:00:00-00:00,0,2019-12-11,4,0,ACTUAL,NEVP,Total Actual Hourly Integrated Load,SYS_FCST_ACT_MW,3.8,3490,ACTUAL,177
2019-12-11T18:00:00-00:00,2019-12-11T19:00:00-00:00,0,2019-12-11,11,0,ACTUAL,NEVP,Total Actual Hourly Integrated Load,SYS_FCST_ACT_MW,3.8,3685,ACTUAL,177
2019-12-11T21:00:00-00:00,2019-12-11T22:00:00-00:00,0,2019-12-11,14,0,ACTUAL,NEVP,Total Actual Hourly Integrated Load,SYS_FCST_ACT_MW,3.8,3688,ACTUAL,177
2019-12-11T14:00:00-00:00,2019-12-11T15:00:00-00:00,0,2019-12-11,7,0,ACTUAL,NEVP,Total Actual Hourly Integrated Load,SYS_FCST_ACT_MW,3.8,3921,ACTUAL,177
2019-12-12T06:00:00-00:00,2019-12-12T07:00:00-00:00,0,2019-12-11,23,0,ACTUAL,NEVP,Total Actual Hourly Integrated Load,SYS_FCST_ACT_MW,3.8,3858,ACTUAL,177
2019-12-12T07:00:00-00:00,2019-12-12T08:00:00-00:00,0,2019-12-11,24,0,ACTUAL,NEVP,Total Actual Hourly Integrated Load,SYS_FCST_ACT_MW,3.8,3686,ACTUAL,177
2019-12-11T13:00:00-00:00,2019-12-11T14:00:00-00:00,0,2019-12-11,6,0,ACTUAL,NEVP,Total Actual Hourly Integrated Load,SYS_FCST_ACT_MW,3.8,3723,ACTUAL,177
2019-12-12T02:00:00-00:00,2019-12-12T03:00:00-00:00,0,2019-12-11,19,0,ACTUAL,NEVP,Total Actual Hourly Integrated Load,SYS_FCST_ACT_MW,3.8,4262,ACTUAL,177
2019-12-11T09:00:00-00:00,2019-12-11T10:00:00-00:00,0,2019-12-11,2,0,ACTUAL,NEVP,Total Actual Hourly Integrated Load,SYS_FCST_ACT_MW,3.8,3516,ACTUAL,177
2019-12-11T23:00:00-00:00,2019-12-12T00:00:00-00:00,0,2019-12-11,16,0,ACTUAL,NEVP,Total Actual Hourly Integrated Load,SYS_FCST_ACT_MW,3.8,3802,ACTUAL,177
2019-12-11T08:00:00-00:00,2019-12-11T09:00:00-00:00,0,2019-12-11,1,0,ACTUAL,NEVP,Total Actual Hourly Integrated Load,SYS_FCST_ACT_MW,3.8,3581,ACTUAL,177
2019-12-11T10:00:00-00:00,2019-12-11T11:00:00-00:00,0,2019-12-11,3,0,ACTUAL,NEVP,Total Actual Hourly Integrated Load,SYS_FCST_ACT_MW,3.8,3480,ACTUAL,177
2019-12-11T20:00:00-00:00,2019-12-11T21:00:00-00:00,0,2019-12-11,13,0,ACTUAL,NEVP,Total Actual Hourly Integrated Load,SYS_FCST_ACT_MW,3.8,3634,ACTUAL,177
2019-12-12T00:00:00-00:00,2019-12-12T01:00:00-00:00,0,2019-12-11,17,0,ACTUAL,NEVP,Total Actual Hourly Integrated Load,SYS_FCST_ACT_MW,3.8,4075,ACTUAL,177
2019-12-12T04:00:00-00:00,2019-12-12T05:00:00-00:00,0,2019-12-11,21,0,ACTUAL,NEVP,Total Actual Hourly Integrated Load,SYS_FCST_ACT_MW,3.8,4175,ACTUAL,177
2019-12-11T12:00:00-00:00,2019-12-11T13:00:00-00:00,0,2019-12-11,5,0,ACTUAL,NEVP,Total Actual Hourly Integrated Load,SYS_FCST_ACT_MW,3.8,3560,ACTUAL,177
2019-12-11T19:00:00-00:00,2019-12-11T20:00:00-00:00,0,2019-12-11,12,0,ACTUAL,NEVP,Total Actual Hourly Integrated Load,SYS_FCST_ACT_MW,3.8,3663,ACTUAL,177
2019-12-12T01:00:00-00:00,2019-12-12T02:00:00-00:00,0,2019-12-11,18,0,ACTUAL,NEVP,Total Actual Hourly Integrated Load,SYS_FCST_ACT_MW,3.8,4265,ACTUAL,177
2019-12-12T03:00:00-00:00,2019-12-12T04:00:00-00:00,0,2019-12-11,20,0,ACTUAL,NEVP,Total Actual Hourly Integrated Load,SYS_FCST_ACT_MW,3.8,4231,ACTUAL,177
2019-12-11T16:00:00-00:00,2019-12-11T17:00:00-00:00,0,2019-12-11,9,0,ACTUAL,NEVP,Total Actual Hourly Integrated Load,SYS_FCST_ACT_MW,3.8,3823,ACTUAL,177
2019-12-11T23:00:00-00:00,2019-12-12T00:00:00-00:00,0,2019-12-11,16,0,ACTUAL,PACE,Total Actual Hourly Integrated Load,SYS_FCST_ACT_MW,3.8,6030,ACTUAL,178
2019-12-12T07:00:00-00:00,2019-12-12T08:00:00-00:00,0,2019-12-11,24,0,ACTUAL,PACE,Total Actual Hourly Integrated Load,SYS_FCST_ACT_MW,3.8,5040,ACTUAL,178
2019-12-11T16:00:00-00:00,2019-12-11T17:00:00-00:00,0,2019-12-11,9,0,ACTUAL,PACE,Total Actual Hourly Integrated Load,SYS_FCST_ACT_MW,3.8,5996,ACTUAL,178
2019-12-11T11:00:00-00:00,2019-12-11T12:00:00-00:00,0,2019-12-11,4,0,ACTUAL,PACE,Total Actual Hourly Integrated Load,SYS_FCST_ACT_MW,3.8,5081,ACTUAL,178
2019-12-11T20:00:00-00:00,2019-12-11T21:00:00-00:00,0,2019-12-11,13,0,ACTUAL,PACE,Total Actual Hourly Integrated Load,SYS_FCST_ACT_MW,3.8,5800,ACTUAL,178
2019-12-11T18:00:00-00:00,2019-12-11T19:00:00-00:00,0,2019-12-11,11,0,ACTUAL,PACE,Total Actual Hourly Integrated Load,SYS_FCST_ACT_MW,3.8,5925,ACTUAL,178
2019-12-11T12:00:00-00:00,2019-12-11T13:00:00-00:00,0,2019-12-11,5,0,ACTUAL,PACE,Total Actual Hourly Integrated Load,SYS_FCST_ACT_MW,3.8,5316,ACTUAL,178
2019-12-12T02:00:00-00:00,2019-12-12T03:00:00-00:00,0,2019-12-11,19,0,ACTUAL,PACE,Total Actual Hourly Integrated Load,SYS_FCST_ACT_MW,3.8,6196,ACTUAL,178
2019-12-11T09:00:00-00:00,2019-12-11T10:00:00-00:00,0,2019-12-11,2,0,ACTUAL,PACE,Total Actual Hourly Integrated Load,SYS_FCST_ACT_MW,3.8,4960,ACTUAL,178
2019-12-12T06:00:00-00:00,2019-12-12T07:00:00-00:00,0,2019-12-11,23,0,ACTUAL,PACE,Total Actual Hourly Integrated Load,SYS_FCST_ACT_MW,3.8,5242,ACTUAL,178
2019-12-12T01:00:00-00:00,2019-12-12T02:00:00-00:00,0,2019-12-11,18,0,ACTUAL,PACE,Total Actual Hourly Integrated Load,SYS_FCST_ACT_MW,3.8,6288,ACTUAL,178
2019-12-12T00:00:00-00:00,2019-12-12T01:00:00-00:00,0,2019-12-11,17,0,ACTUAL,PACE,Total Actual Hourly Integrated Load,SYS_FCST_ACT_MW,3.8,6281,ACTUAL,178
2019-12-11T17:00:00-00:00,2019-12-11T18:00:00-00:00,0,2019-12-11,10,0,ACTUAL,PACE,Total Actual Hourly Integrated Load,SYS_FCST_ACT_MW,3.8,5982,ACTUAL,178
2019-12-11T08:00:00-00:00,2019-12-11T09:00:00-00:00,0,2019-12-11,1,0,ACTUAL,PACE,Total Actual Hourly Integrated Load,SYS_FCST_ACT_MW,3.8,5014,ACTUAL,178
2019-12-12T04:00:00-00:00,2019-12-12T05:00:00-00:00,0,2019-12-11,21,0,ACTUAL,PACE,Total Actual Hourly Integrated Load,SYS_FCST_ACT_MW,3.8,5880,ACTUAL,178
2019-12-11T15:00:00-00:00,2019-12-11T16:00:00-00:00,0,2019-12-11,8,0,ACTUAL,PACE,Total Actual Hourly Integrated Load,SYS_FCST_ACT_MW,3.8,6011,ACTUAL,178
2019-12-11T13:00:00-00:00,2019-12-11T14:00:00-00:00,0,2019-12-11,6,0,ACTUAL,PACE,Total Actual Hourly Integrated Load,SYS_FCST_ACT_MW,3.8,5674,ACTUAL,178
2019-12-11T22:00:00-00:00,2019-12-11T23:00:00-00:00,0,2019-12-11,15,0,ACTUAL,PACE,Total Actual Hourly Integrated Load,SYS_FCST_ACT_MW,3.8,5889,ACTUAL,178
2019-12-11T21:00:00-00:00,2019-12-11T22:00:00-00:00,0,2019-12-11,14,0,ACTUAL,PACE,Total Actual Hourly Integrated Load,SYS_FCST_ACT_MW,3.8,5818,ACTUAL,178
2019-12-11T14:00:00-00:00,2019-12-11T15:00:00-00:00,0,2019-12-11,7,0,ACTUAL,PACE,Total Actual Hourly Integrated Load,SYS_FCST_ACT_MW,3.8,5984,ACTUAL,178
2019-12-12T03:00:00-00:00,2019-12-12T04:00:00-00:00,0,2019-12-11,20,0,ACTUAL,PACE,Total Actual Hourly Integrated Load,SYS_FCST_ACT_MW,3.8,6081,ACTUAL,178
2019-12-11T19:00:00-00:00,2019-12-11T20:00:00-00:00,0,2019-12-11,12,0,ACTUAL,PACE,Total Actual Hourly Integrated Load,SYS_FCST_ACT_MW,3.8,5828,ACTUAL,178
2019-12-12T05:00:00-00:00,2019-12-12T06:00:00-00:00,0,2019-12-11,22,0,ACTUAL,PACE,Total Actual Hourly Integrated Load,SYS_FCST_ACT_MW,3.8,5547,ACTUAL,178
2019-12-11T10:00:00-00:00,2019-12-11T11:00:00-00:00,0,2019-12-11,3,0,ACTUAL,PACE,Total Actual Hourly Integrated Load,SYS_FCST_ACT_MW,3.8,4972,ACTUAL,178
2019-12-11T14:00:00-00:00,2019-12-11T15:00:00-00:00,0,2019-12-11,7,0,ACTUAL,PACW,Total Actual Hourly Integrated Load,SYS_FCST_ACT_MW,3.8,2875,ACTUAL,179
2019-12-11T16:00:00-00:00,2019-12-11T17:00:00-00:00,0,2019-12-11,9,0,ACTUAL,PACW,Total Actual Hourly Integrated Load,SYS_FCST_ACT_MW,3.8,3015,ACTUAL,179
2019-12-12T06:00:00-00:00,2019-12-12T07:00:00-00:00,0,2019-12-11,23,0,ACTUAL,PACW,Total Actual Hourly Integrated Load,SYS_FCST_ACT_MW,3.8,2466,ACTUAL,179
2019-12-11T15:00:00-00:00,2019-12-11T16:00:00-00:00,0,2019-12-11,8,0,ACTUAL,PACW,Total Actual Hourly Integrated Load,SYS_FCST_ACT_MW,3.8,3047,ACTUAL,179
2019-12-12T00:00:00-00:00,2019-12-12T01:00:00-00:00,0,2019-12-11,17,0,ACTUAL,PACW,Total Actual Hourly Integrated Load,SYS_FCST_ACT_MW,3.8,3028,ACTUAL,179
2019-12-11T21:00:00-00:00,2019-12-11T22:00:00-00:00,0,2019-12-11,14,0,ACTUAL,PACW,Total Actual Hourly Integrated Load,SYS_FCST_ACT_MW,3.8,2923,ACTUAL,179
2019-12-11T23:00:00-00:00,2019-12-12T00:00:00-00:00,0,2019-12-11,16,0,ACTUAL,PACW,Total Actual Hourly Integrated Load,SYS_FCST_ACT_MW,3.8,2922,ACTUAL,179
2019-12-11T12:00:00-00:00,2019-12-11T13:00:00-00:00,0,2019-12-11,5,0,ACTUAL,PACW,Total Actual Hourly Integrated Load,SYS_FCST_ACT_MW,3.8,2283,ACTUAL,179
2019-12-11T11:00:00-00:00,2019-12-11T12:00:00-00:00,0,2019-12-11,4,0,ACTUAL,PACW,Total Actual Hourly Integrated Load,SYS_FCST_ACT_MW,3.8,2182,ACTUAL,179
2019-12-11T09:00:00-00:00,2019-12-11T10:00:00-00:00,0,2019-12-11,2,0,ACTUAL,PACW,Total Actual Hourly Integrated Load,SYS_FCST_ACT_MW,3.8,2178,ACTUAL,179
2019-12-11T10:00:00-00:00,2019-12-11T11:00:00-00:00,0,2019-12-11,3,0,ACTUAL,PACW,Total Actual Hourly Integrated Load,SYS_FCST_ACT_MW,3.8,2163,ACTUAL,179
2019-12-12T03:00:00-00:00,2019-12-12T04:00:00-00:00,0,2019-12-11,20,0,ACTUAL,PACW,Total Actual Hourly Integrated Load,SYS_FCST_ACT_MW,3.8,2964,ACTUAL,179
2019-12-11T08:00:00-00:00,2019-12-11T09:00:00-00:00,0,2019-12-11,1,0,ACTUAL,PACW,Total Actual Hourly Integrated Load,SYS_FCST_ACT_MW,3.8,2253,ACTUAL,179
2019-12-12T04:00:00-00:00,2019-12-12T05:00:00-00:00,0,2019-12-11,21,0,ACTUAL,PACW,Total Actual Hourly Integrated Load,SYS_FCST_ACT_MW,3.8,2844,ACTUAL,179
2019-12-12T02:00:00-00:00,2019-12-12T03:00:00-00:00,0,2019-12-11,19,0,ACTUAL,PACW,Total Actual Hourly Integrated Load,SYS_FCST_ACT_MW,3.8,3045,ACTUAL,179
2019-12-12T01:00:00-00:00,2019-12-12T02:00:00-00:00,0,2019-12-11,18,0,ACTUAL,PACW,Total Actual Hourly Integrated Load,SYS_FCST_ACT_MW,3.8,3090,ACTUAL,179
2019-12-11T20:00:00-00:00,2019-12-11T21:00:00-00:00,0,2019-12-11,13,0,ACTUAL,PACW,Total Actual Hourly Integrated Load,SYS_FCST_ACT_MW,3.8,2921,ACTUAL,179
2019-12-11T18:00:00-00:00,2019-12-11T19:00:00-00:00,0,2019-12-11,11,0,ACTUAL,PACW,Total Actual Hourly Integrated Load,SYS_FCST_ACT_MW,3.8,2920,ACTUAL,179
2019-12-11T17:00:00-00:00,2019-12-11T18:00:00-00:00,0,2019-12-11,10,0,ACTUAL,PACW,Total Actual Hourly Integrated Load,SYS_FCST_ACT_MW,3.8,2996,ACTUAL,179
2019-12-12T07:00:00-00:00,2019-12-12T08:00:00-00:00,0,2019-12-11,24,0,ACTUAL,PACW,Total Actual Hourly Integrated Load,SYS_FCST_ACT_MW,3.8,2280,ACTUAL,179
2019-12-11T22:00:00-00:00,2019-12-11T23:00:00-00:00,0,2019-12-11,15,0,ACTUAL,PACW,Total Actual Hourly Integrated Load,SYS_FCST_ACT_MW,3.8,2910,ACTUAL,179
2019-12-11T13:00:00-00:00,2019-12-11T14:00:00-00:00,0,2019-12-11,6,0,ACTUAL,PACW,Total Actual Hourly Integrated Load,SYS_FCST_ACT_MW,3.8,2535,ACTUAL,179
2019-12-12T05:00:00-00:00,2019-12-12T06:00:00-00:00,0,2019-12-11,22,0,ACTUAL,PACW,Total Actual Hourly Integrated Load,SYS_FCST_ACT_MW,3.8,2681,ACTUAL,179
2019-12-11T19:00:00-00:00,2019-12-11T20:00:00-00:00,0,2019-12-11,12,0,ACTUAL,PACW,Total Actual Hourly Integrated Load,SYS_FCST_ACT_MW,3.8,2829,ACTUAL,179
2019-12-11T08:00:00-00:00,2019-12-11T09:00:00-00:00,0,2019-12-11,1,0,ACTUAL,PGE,Total Actual Hourly Integrated Load,SYS_FCST_ACT_MW,3.8,2144,ACTUAL,180
2019-12-11T18:00:00-00:00,2019-12-11T19:00:00-00:00,0,2019-12-11,11,0,ACTUAL,PGE,Total Actual Hourly Integrated Load,SYS_FCST_ACT_MW,3.8,2827,ACTUAL,180
2019-12-11T22:00:00-00:00,2019-12-11T23:00:00-00:00,0,2019-12-11,15,0,ACTUAL,PGE,Total Actual Hourly Integrated Load,SYS_FCST_ACT_MW,3.8,2802,ACTUAL,180
2019-12-12T07:00:00-00:00,2019-12-12T08:00:00-00:00,0,2019-12-11,24,0,ACTUAL,PGE,Total Actual Hourly Integrated Load,SYS_FCST_ACT_MW,3.8,2222,ACTUAL,180
2019-12-11T19:00:00-00:00,2019-12-11T20:00:00-00:00,0,2019-12-11,12,0,ACTUAL,PGE,Total Actual Hourly Integrated Load,SYS_FCST_ACT_MW,3.8,2822,ACTUAL,180
2019-12-11T20:00:00-00:00,2019-12-11T21:00:00-00:00,0,2019-12-11,13,0,ACTUAL,PGE,Total Actual Hourly Integrated Load,SYS_FCST_ACT_MW,3.8,2820,ACTUAL,180
2019-12-12T03:00:00-00:00,2019-12-12T04:00:00-00:00,0,2019-12-11,20,0,ACTUAL,PGE,Total Actual Hourly Integrated Load,SYS_FCST_ACT_MW,3.8,2958,ACTUAL,180
2019-12-11T10:00:00-00:00,2019-12-11T11:00:00-00:00,0,2019-12-11,3,0,ACTUAL,PGE,Total Actual Hourly Integrated Load,SYS_FCST_ACT_MW,3.8,2023,ACTUAL,180
2019-12-12T02:00:00-00:00,2019-12-12T03:00:00-00:00,0,2019-12-11,19,0,ACTUAL,PGE,Total Actual Hourly Integrated Load,SYS_FCST_ACT_MW,3.8,3029,ACTUAL,180
2019-12-12T06:00:00-00:00,2019-12-12T07:00:00-00:00,0,2019-12-11,23,0,ACTUAL,PGE,Total Actual Hourly Integrated Load,SYS_FCST_ACT_MW,3.8,2439,ACTUAL,180
2019-12-11T11:00:00-00:00,2019-12-11T12:00:00-00:00,0,2019-12-11,4,0,ACTUAL,PGE,Total Actual Hourly Integrated Load,SYS_FCST_ACT_MW,3.8,2040,ACTUAL,180
2019-12-12T04:00:00-00:00,2019-12-12T05:00:00-00:00,0,2019-12-11,21,0,ACTUAL,PGE,Total Actual Hourly Integrated Load,SYS_FCST_ACT_MW,3.8,2848,ACTUAL,180
2019-12-11T12:00:00-00:00,2019-12-11T13:00:00-00:00,0,2019-12-11,5,0,ACTUAL,PGE,Total Actual Hourly Integrated Load,SYS_FCST_ACT_MW,3.8,2139,ACTUAL,180
2019-12-11T16:00:00-00:00,2019-12-11T17:00:00-00:00,0,2019-12-11,9,0,ACTUAL,PGE,Total Actual Hourly Integrated Load,SYS_FCST_ACT_MW,3.8,2885,ACTUAL,180
2019-12-11T23:00:00-00:00,2019-12-12T00:00:00-00:00,0,2019-12-11,16,0,ACTUAL,PGE,Total Actual Hourly Integrated Load,SYS_FCST_ACT_MW,3.8,2829,ACTUAL,180
2019-12-12T00:00:00-00:00,2019-12-12T01:00:00-00:00,0,2019-12-11,17,0,ACTUAL,PGE,Total Actual Hourly Integrated Load,SYS_FCST_ACT_MW,3.8,2960,ACTUAL,180
2019-12-12T01:00:00-00:00,2019-12-12T02:00:00-00:00,0,2019-12-11,18,0,ACTUAL,PGE,Total Actual Hourly Integrated Load,SYS_FCST_ACT_MW,3.8,3057,ACTUAL,180
2019-12-12T05:00:00-00:00,2019-12-12T06:00:00-00:00,0,2019-12-11,22,0,ACTUAL,PGE,Total Actual Hourly Integrated Load,SYS_FCST_ACT_MW,3.8,2682,ACTUAL,180
2019-12-11T09:00:00-00:00,2019-12-11T10:00:00-00:00,0,2019-12-11,2,0,ACTUAL,PGE,Total Actual Hourly Integrated Load,SYS_FCST_ACT_MW,3.8,2068,ACTUAL,180
2019-12-11T13:00:00-00:00,2019-12-11T14:00:00-00:00,0,2019-12-11,6,0,ACTUAL,PGE,Total Actual Hourly Integrated Load,SYS_FCST_ACT_MW,3.8,2379,ACTUAL,180
2019-12-11T15:00:00-00:00,2019-12-11T16:00:00-00:00,0,2019-12-11,8,0,ACTUAL,PGE,Total Actual Hourly Integrated Load,SYS_FCST_ACT_MW,3.8,2891,ACTUAL,180
2019-12-11T21:00:00-00:00,2019-12-11T22:00:00-00:00,0,2019-12-11,14,0,ACTUAL,PGE,Total Actual Hourly Integrated Load,SYS_FCST_ACT_MW,3.8,2824,ACTUAL,180
2019-12-11T14:00:00-00:00,2019-12-11T15:00:00-00:00,0,2019-12-11,7,0,ACTUAL,PGE,Total Actual Hourly Integrated Load,SYS_FCST_ACT_MW,3.8,2695,ACTUAL,180
2019-12-11T17:00:00-00:00,2019-12-11T18:00:00-00:00,0,2019-12-11,10,0,ACTUAL,PGE,Total Actual Hourly Integrated Load,SYS_FCST_ACT_MW,3.8,2864,ACTUAL,180
2019-12-11T21:00:00-00:00,2019-12-11T22:00:00-00:00,0,2019-12-11,14,0,ACTUAL,PGE-TAC,Total Actual Hourly Integrated Load,SYS_FCST_ACT_MW,3.1,12422,ACTUAL,181
2019-12-12T03:00:00-00:00,2019-12-12T04:00:00-00:00,0,2019-12-11,20,0,ACTUAL,PGE-TAC,Total Actual Hourly Integrated Load,SYS_FCST_ACT_MW,3.1,13089,ACTUAL,181
2019-12-11T23:00:00-00:00,2019-12-12T00:00:00-00:00,0,2019-12-11,16,0,ACTUAL,PGE-TAC,Total Actual Hourly Integrated Load,SYS_FCST_ACT_MW,3.1,12127,ACTUAL,181
2019-12-11T16:00:00-00:00,2019-12-11T17:00:00-00:00,0,2019-12-11,9,0,ACTUAL,PGE-TAC,Total Actual Hourly Integrated Load,SYS_FCST_ACT_MW,3.1,12129,ACTUAL,181
2019-12-11T13:00:00-00:00,2019-12-11T14:00:00-00:00,0,2019-12-11,6,0,ACTUAL,PGE-TAC,Total Actual Hourly Integrated Load,SYS_FCST_ACT_MW,3.1,10288,ACTUAL,181
2019-12-11T12:00:00-00:00,2019-12-11T13:00:00-00:00,0,2019-12-11,5,0,ACTUAL,PGE-TAC,Total Actual Hourly Integrated Load,SYS_FCST_ACT_MW,3.1,9747,ACTUAL,181
2019-12-11T10:00:00-00:00,2019-12-11T11:00:00-00:00,0,2019-12-11,3,0,ACTUAL,PGE-TAC,Total Actual Hourly Integrated Load,SYS_FCST_ACT_MW,3.1,9507,ACTUAL,181
2019-12-11T11:00:00-00:00,2019-12-11T12:00:00-00:00,0,2019-12-11,4,0,ACTUAL,PGE-TAC,Total Actual Hourly Integrated Load,SYS_FCST_ACT_MW,3.1,9480,ACTUAL,181
2019-12-11T08:00:00-00:00,2019-12-11T09:00:00-00:00,0,2019-12-11,1,0,ACTUAL,PGE-TAC,Total Actual Hourly Integrated Load,SYS_FCST_ACT_MW,3.1,9753,ACTUAL,181
2019-12-11T09:00:00-00:00,2019-12-11T10:00:00-00:00,0,2019-12-11,2,0,ACTUAL,PGE-TAC,Total Actual Hourly Integrated Load,SYS_FCST_ACT_MW,3.1,9494,ACTUAL,181
2019-12-11T22:00:00-00:00,2019-12-11T23:00:00-00:00,0,2019-12-11,15,0,ACTUAL,PGE-TAC,Total Actual Hourly Integrated Load,SYS_FCST_ACT_MW,3.1,12548,ACTUAL,181
2019-12-12T07:00:00-00:00,2019-12-12T08:00:00-00:00,0,2019-12-11,24,0,ACTUAL,PGE-TAC,Total Actual Hourly Integrated Load,SYS_FCST_ACT_MW,3.1,10282,ACTUAL,181
2019-12-12T06:00:00-00:00,2019-12-12T07:00:00-00:00,0,2019-12-11,23,0,ACTUAL,PGE-TAC,Total Actual Hourly Integrated Load,SYS_FCST_ACT_MW,3.1,11075,ACTUAL,181
2019-12-12T04:00:00-00:00,2019-12-12T05:00:00-00:00,0,2019-12-11,21,0,ACTUAL,PGE-TAC,Total Actual Hourly Integrated Load,SYS_FCST_ACT_MW,3.1,12663,ACTUAL,181
2019-12-11T18:00:00-00:00,2019-12-11T19:00:00-00:00,0,2019-12-11,11,0,ACTUAL,PGE-TAC,Total Actual Hourly Integrated Load,SYS_FCST_ACT_MW,3.1,12124,ACTUAL,181
2019-12-11T19:00:00-00:00,2019-12-11T20:00:00-00:00,0,2019-12-11,12,0,ACTUAL,PGE-TAC,Total Actual Hourly Integrated Load,SYS_FCST_ACT_MW,3.1,12187,ACTUAL,181
2019-12-11T17:00:00-00:00,2019-12-11T18:00:00-00:00,0,2019-12-11,10,0,ACTUAL,PGE-TAC,Total Actual Hourly Integrated Load,SYS_FCST_ACT_MW,3.1,12119,ACTUAL,181
2019-12-11T15:00:00-00:00,2019-12-11T16:00:00-00:00,0,2019-12-11,8,0,ACTUAL,PGE-TAC,Total Actual Hourly Integrated Load,SYS_FCST_ACT_MW,3.1,12123,ACTUAL,181
2019-12-11T20:00:00-00:00,2019-12-11T21:00:00-00:00,0,2019-12-11,13,0,ACTUAL,PGE-TAC,Total Actual Hourly Integrated Load,SYS_FCST_ACT_MW,3.1,12382,ACTUAL,181
2019-12-11T14:00:00-00:00,2019-12-11T15:00:00-00:00,0,2019-12-11,7,0,ACTUAL,PGE-TAC,Total Actual Hourly Integrated Load,SYS_FCST_ACT_MW,3.1,11368,ACTUAL,181
2019-12-12T00:00:00-00:00,2019-12-12T01:00:00-00:00,0,2019-12-11,17,0,ACTUAL,PGE-TAC,Total Actual Hourly Integrated Load,SYS_FCST_ACT_MW,3.1,12704,ACTUAL,181
2019-12-12T02:00:00-00:00,2019-12-12T03:00:00-00:00,0,2019-12-11,19,0,ACTUAL,PGE-TAC,Total Actual Hourly Integrated Load,SYS_FCST_ACT_MW,3.1,13354,ACTUAL,181
2019-12-12T05:00:00-00:00,2019-12-12T06:00:00-00:00,0,2019-12-11,22,0,ACTUAL,PGE-TAC,Total Actual Hourly Integrated Load,SYS_FCST_ACT_MW,3.1,11986,ACTUAL,181
2019-12-12T01:00:00-00:00,2019-12-12T02:00:00-00:00,0,2019-12-11,18,0,ACTUAL,PGE-TAC,Total Actual Hourly Integrated Load,SYS_FCST_ACT_MW,3.1,13416,ACTUAL,181
2019-12-11T14:00:00-00:00,2019-12-11T15:00:00-00:00,0,2019-12-11,7,0,ACTUAL,PSEI,Total Actual Hourly Integrated Load,SYS_FCST_ACT_MW,3.8,3310,ACTUAL,182
2019-12-12T03:00:00-00:00,2019-12-12T04:00:00-00:00,0,2019-12-11,20,0,ACTUAL,PSEI,Total Actual Hourly Integrated Load,SYS_FCST_ACT_MW,3.8,3635,ACTUAL,182
2019-12-12T02:00:00-00:00,2019-12-12T03:00:00-00:00,0,2019-12-11,19,0,ACTUAL,PSEI,Total Actual Hourly Integrated Load,SYS_FCST_ACT_MW,3.8,3715,ACTUAL,182
2019-12-11T15:00:00-00:00,2019-12-11T16:00:00-00:00,0,2019-12-11,8,0,ACTUAL,PSEI,Total Actual Hourly Integrated Load,SYS_FCST_ACT_MW,3.8,3532,ACTUAL,182
2019-12-11T12:00:00-00:00,2019-12-11T13:00:00-00:00,0,2019-12-11,5,0,ACTUAL,PSEI,Total Actual Hourly Integrated Load,SYS_FCST_ACT_MW,3.8,2640,ACTUAL,182
2019-12-11T08:00:00-00:00,2019-12-11T09:00:00-00:00,0,2019-12-11,1,0,ACTUAL,PSEI,Total Actual Hourly Integrated Load,SYS_FCST_ACT_MW,3.8,2565,ACTUAL,182
2019-12-12T07:00:00-00:00,2019-12-12T08:00:00-00:00,0,2019-12-11,24,0,ACTUAL,PSEI,Total Actual Hourly Integrated Load,SYS_FCST_ACT_MW,3.8,2698,ACTUAL,182
2019-12-12T01:00:00-00:00,2019-12-12T02:00:00-00:00,0,2019-12-11,18,0,ACTUAL,PSEI,Total Actual Hourly Integrated Load,SYS_FCST_ACT_MW,3.8,3751,ACTUAL,182
2019-12-11T19:00:00-00:00,2019-12-11T20:00:00-00:00,0,2019-12-11,12,0,ACTUAL,PSEI,Total Actual Hourly Integrated Load,SYS_FCST_ACT_MW,3.8,3404,ACTUAL,182
2019-12-11T11:00:00-00:00,2019-12-11T12:00:00-00:00,0,2019-12-11,4,0,ACTUAL,PSEI,Total Actual Hourly Integrated Load,SYS_FCST_ACT_MW,3.8,2486,ACTUAL,182
2019-12-11T10:00:00-00:00,2019-12-11T11:00:00-00:00,0,2019-12-11,3,0,ACTUAL,PSEI,Total Actual Hourly Integrated Load,SYS_FCST_ACT_MW,3.8,2444,ACTUAL,182
2019-12-12T05:00:00-00:00,2019-12-12T06:00:00-00:00,0,2019-12-11,22,0,ACTUAL,PSEI,Total Actual Hourly Integrated Load,SYS_FCST_ACT_MW,3.8,3281,ACTUAL,182
2019-12-12T06:00:00-00:00,2019-12-12T07:00:00-00:00,0,2019-12-11,23,0,ACTUAL,PSEI,Total Actual Hourly Integrated Load,SYS_FCST_ACT_MW,3.8,2971,ACTUAL,182
2019-12-12T00:00:00-00:00,2019-12-12T01:00:00-00:00,0,2019-12-11,17,0,ACTUAL,PSEI,Total Actual Hourly Integrated Load,SYS_FCST_ACT_MW,3.8,3653,ACTUAL,182
2019-12-11T20:00:00-00:00,2019-12-11T21:00:00-00:00,0,2019-12-11,13,0,ACTUAL,PSEI,Total Actual Hourly Integrated Load,SYS_FCST_ACT_MW,3.8,3406,ACTUAL,182
2019-12-11T18:00:00-00:00,2019-12-11T19:00:00-00:00,0,2019-12-11,11,0,ACTUAL,PSEI,Total Actual Hourly Integrated Load,SYS_FCST_ACT_MW,3.8,3427,ACTUAL,182
2019-12-11T16:00:00-00:00,2019-12-11T17:00:00-00:00,0,2019-12-11,9,0,ACTUAL,PSEI,Total Actual Hourly Integrated Load,SYS_FCST_ACT_MW,3.8,3512,ACTUAL,182
2019-12-11T22:00:00-00:00,2019-12-11T23:00:00-00:00,0,2019-12-11,15,0,ACTUAL,PSEI,Total Actual Hourly Integrated Load,SYS_FCST_ACT_MW,3.8,3391,ACTUAL,182
2019-12-11T21:00:00-00:00,2019-12-11T22:00:00-00:00,0,2019-12-11,14,0,ACTUAL,PSEI,Total Actual Hourly Integrated Load,SYS_FCST_ACT_MW,3.8,3400,ACTUAL,182
2019-12-11T13:00:00-00:00,2019-12-11T14:00:00-00:00,0,2019-12-11,6,0,ACTUAL,PSEI,Total Actual Hourly Integrated Load,SYS_FCST_ACT_MW,3.8,2941,ACTUAL,182
2019-12-11T17:00:00-00:00,2019-12-11T18:00:00-00:00,0,2019-12-11,10,0,ACTUAL,PSEI,Total Actual Hourly Integrated Load,SYS_FCST_ACT_MW,3.8,3456,ACTUAL,182
2019-12-11T23:00:00-00:00,2019-12-12T00:00:00-00:00,0,2019-12-11,16,0,ACTUAL,PSEI,Total Actual Hourly Integrated Load,SYS_FCST_ACT_MW,3.8,3466,ACTUAL,182
2019-12-11T09:00:00-00:00,2019-12-11T10:00:00-00:00,0,2019-12-11,2,0,ACTUAL,PSEI,Total Actual Hourly Integrated Load,SYS_FCST_ACT_MW,3.8,2473,ACTUAL,182
2019-12-12T04:00:00-00:00,2019-12-12T05:00:00-00:00,0,2019-12-11,21,0,ACTUAL,PSEI,Total Actual Hourly Integrated Load,SYS_FCST_ACT_MW,3.8,3504,ACTUAL,182
2019-12-11T21:00:00-00:00,2019-12-11T22:00:00-00:00,0,2019-12-11,14,0,ACTUAL,SCE-TAC,Total Actual Hourly Integrated Load,SYS_FCST_ACT_MW,3.2,10885,ACTUAL,183
2019-12-12T05:00:00-00:00,2019-12-12T06:00:00-00:00,0,2019-12-11,22,0,ACTUAL,SCE-TAC,Total Actual Hourly Integrated Load,SYS_FCST_ACT_MW,3.2,12068,ACTUAL,183
2019-12-11T13:00:00-00:00,2019-12-11T14:00:00-00:00,0,2019-12-11,6,0,ACTUAL,SCE-TAC,Total Actual Hourly Integrated Load,SYS_FCST_ACT_MW,3.2,10414,ACTUAL,183
2019-12-11T22:00:00-00:00,2019-12-11T23:00:00-00:00,0,2019-12-11,15,0,ACTUAL,SCE-TAC,Total Actual Hourly Integrated Load,SYS_FCST_ACT_MW,3.2,11104,ACTUAL,183
2019-12-12T03:00:00-00:00,2019-12-12T04:00:00-00:00,0,2019-12-11,20,0,ACTUAL,SCE-TAC,Total Actual Hourly Integrated Load,SYS_FCST_ACT_MW,3.2,12871,ACTUAL,183
2019-12-12T07:00:00-00:00,2019-12-12T08:00:00-00:00,0,2019-12-11,24,0,ACTUAL,SCE-TAC,Total Actual Hourly Integrated Load,SYS_FCST_ACT_MW,3.2,10363,ACTUAL,183
2019-12-11T14:00:00-00:00,2019-12-11T15:00:00-00:00,0,2019-12-11,7,0,ACTUAL,SCE-TAC,Total Actual Hourly Integrated Load,SYS_FCST_ACT_MW,3.2,11460,ACTUAL,183
2019-12-11T16:00:00-00:00,2019-12-11T17:00:00-00:00,0,2019-12-11,9,0,ACTUAL,SCE-TAC,Total Actual Hourly Integrated Load,SYS_FCST_ACT_MW,3.2,11626,ACTUAL,183
2019-12-11T19:00:00-00:00,2019-12-11T20:00:00-00:00,0,2019-12-11,12,0,ACTUAL,SCE-TAC,Total Actual Hourly Integrated Load,SYS_FCST_ACT_MW,3.2,11015,ACTUAL,183
2019-12-12T01:00:00-00:00,2019-12-12T02:00:00-00:00,0,2019-12-11,18,0,ACTUAL,SCE-TAC,Total Actual Hourly Integrated Load,SYS_FCST_ACT_MW,3.2,12987,ACTUAL,183
2019-12-11T08:00:00-00:00,2019-12-11T09:00:00-00:00,0,2019-12-11,1,0,ACTUAL,SCE-TAC,Total Actual Hourly Integrated Load,SYS_FCST_ACT_MW,3.2,9937,ACTUAL,183
2019-12-11T09:00:00-00:00,2019-12-11T10:00:00-00:00,0,2019-12-11,2,0,ACTUAL,SCE-TAC,Total Actual Hourly Integrated Load,SYS_FCST_ACT_MW,3.2,9578,ACTUAL,183
2019-12-12T00:00:00-00:00,2019-12-12T01:00:00-00:00,0,2019-12-11,17,0,ACTUAL,SCE-TAC,Total Actual Hourly Integrated Load,SYS_FCST_ACT_MW,3.2,11901,ACTUAL,183
2019-12-11T11:00:00-00:00,2019-12-11T12:00:00-00:00,0,2019-12-11,4,0,ACTUAL,SCE-TAC,Total Actual Hourly Integrated Load,SYS_FCST_ACT_MW,3.2,9267,ACTUAL,183
2019-12-11T18:00:00-00:00,2019-12-11T19:00:00-00:00,0,2019-12-11,11,0,ACTUAL,SCE-TAC,Total Actual Hourly Integrated Load,SYS_FCST_ACT_MW,3.2,11122,ACTUAL,183
2019-12-11T20:00:00-00:00,2019-12-11T21:00:00-00:00,0,2019-12-11,13,0,ACTUAL,SCE-TAC,Total Actual Hourly Integrated Load,SYS_FCST_ACT_MW,3.2,10970,ACTUAL,183
2019-12-11T10:00:00-00:00,2019-12-11T11:00:00-00:00,0,2019-12-11,3,0,ACTUAL,SCE-TAC,Total Actual Hourly Integrated Load,SYS_FCST_ACT_MW,3.2,9359,ACTUAL,183
2019-12-11T17:00:00-00:00,2019-12-11T18:00:00-00:00,0,2019-12-11,10,0,ACTUAL,SCE-TAC,Total Actual Hourly Integrated Load,SYS_FCST_ACT_MW,3.2,11280,ACTUAL,183
2019-12-12T04:00:00-00:00,2019-12-12T05:00:00-00:00,0,2019-12-11,21,0,ACTUAL,SCE-TAC,Total Actual Hourly Integrated Load,SYS_FCST_ACT_MW,3.2,12582,ACTUAL,183
2019-12-12T06:00:00-00:00,2019-12-12T07:00:00-00:00,0,2019-12-11,23,0,ACTUAL,SCE-TAC,Total Actual Hourly Integrated Load,SYS_FCST_ACT_MW,3.2,11226,ACTUAL,183
2019-12-11T12:00:00-00:00,2019-12-11T13:00:00-00:00,0,2019-12-11,5,0,ACTUAL,SCE-TAC,Total Actual Hourly Integrated Load,SYS_FCST_ACT_MW,3.2,9589,ACTUAL,183
2019-12-11T15:00:00-00:00,2019-12-11T16:00:00-00:00,0,2019-12-11,8,0,ACTUAL,SCE-TAC,Total Actual Hourly Integrated Load,SYS_FCST_ACT_MW,3.2,11801,ACTUAL,183
2019-12-11T23:00:00-00:00,2019-12-12T00:00:00-00:00,0,2019-12-11,16,0,ACTUAL,SCE-TAC,Total Actual Hourly Integrated Load,SYS_FCST_ACT_MW,3.2,11305,ACTUAL,183
2019-12-12T02:00:00-00:00,2019-12-12T03:00:00-00:00,0,2019-12-11,19,0,ACTUAL,SCE-TAC,Total Actual Hourly Integrated Load,SYS_FCST_ACT_MW,3.2,12974,ACTUAL,183
2019-12-12T06:00:00-00:00,2019-12-12T07:00:00-00:00,0,2019-12-11,23,0,ACTUAL,SCL,Total Actual Hourly Integrated Load,SYS_FCST_ACT_MW,3.8,1126,ACTUAL,184
2019-12-12T07:00:00-00:00,2019-12-12T08:00:00-00:00,0,2019-12-11,24,0,ACTUAL,SCL,Total Actual Hourly Integrated Load,SYS_FCST_ACT_MW,3.8,1026,ACTUAL,184
2019-12-12T02:00:00-00:00,2019-12-12T03:00:00-00:00,0,2019-12-11,19,0,ACTUAL,SCL,Total Actual Hourly Integrated Load,SYS_FCST_ACT_MW,3.8,1378,ACTUAL,184
2019-12-11T17:00:00-00:00,2019-12-11T18:00:00-00:00,0,2019-12-11,10,0,ACTUAL,SCL,Total Actual Hourly Integrated Load,SYS_FCST_ACT_MW,3.8,1320,ACTUAL,184
2019-12-11T22:00:00-00:00,2019-12-11T23:00:00-00:00,0,2019-12-11,15,0,ACTUAL,SCL,Total Actual Hourly Integrated Load,SYS_FCST_ACT_MW,3.8,1297,ACTUAL,184
2019-12-11T18:00:00-00:00,2019-12-11T19:00:00-00:00,0,2019-12-11,11,0,ACTUAL,SCL,Total Actual Hourly Integrated Load,SYS_FCST_ACT_MW,3.8,1319,ACTUAL,184
2019-12-11T20:00:00-00:00,2019-12-11T21:00:00-00:00,0,2019-12-11,13,0,ACTUAL,SCL,Total Actual Hourly Integrated Load,SYS_FCST_ACT_MW,3.8,1317,ACTUAL,184
2019-12-11T14:00:00-00:00,2019-12-11T15:00:00-00:00,0,2019-12-11,7,0,ACTUAL,SCL,Total Actual Hourly Integrated Load,SYS_FCST_ACT_MW,3.8,1249,ACTUAL,184
2019-12-12T04:00:00-00:00,2019-12-12T05:00:00-00:00,0,2019-12-11,21,0,ACTUAL,SCL,Total Actual Hourly Integrated Load,SYS_FCST_ACT_MW,3.8,1308,ACTUAL,184
2019-12-11T19:00:00-00:00,2019-12-11T20:00:00-00:00,0,2019-12-11,12,0,ACTUAL,SCL,Total Actual Hourly Integrated Load,SYS_FCST_ACT_MW,3.8,1313,ACTUAL,184
2019-12-11T21:00:00-00:00,2019-12-11T22:00:00-00:00,0,2019-12-11,14,0,ACTUAL,SCL,Total Actual Hourly Integrated Load,SYS_FCST_ACT_MW,3.8,1315,ACTUAL,184
2019-12-11T23:00:00-00:00,2019-12-12T00:00:00-00:00,0,2019-12-11,16,0,ACTUAL,SCL,Total Actual Hourly Integrated Load,SYS_FCST_ACT_MW,3.8,1307,ACTUAL,184
2019-12-12T00:00:00-00:00,2019-12-12T01:00:00-00:00,0,2019-12-11,17,0,ACTUAL,SCL,Total Actual Hourly Integrated Load,SYS_FCST_ACT_MW,3.8,1368,ACTUAL,184
2019-12-12T05:00:00-00:00,2019-12-12T06:00:00-00:00,0,2019-12-11,22,0,ACTUAL,SCL,Total Actual Hourly Integrated Load,SYS_FCST_ACT_MW,3.8,1234,ACTUAL,184
2019-12-11T09:00:00-00:00,2019-12-11T10:00:00-00:00,0,2019-12-11,2,0,ACTUAL,SCL,Total Actual Hourly Integrated Load,SYS_FCST_ACT_MW,3.8,933,ACTUAL,184
2019-12-11T16:00:00-00:00,2019-12-11T17:00:00-00:00,0,2019-12-11,9,0,ACTUAL,SCL,Total Actual Hourly Integrated Load,SYS_FCST_ACT_MW,3.8,1349,ACTUAL,184
2019-12-11T10:00:00-00:00,2019-12-11T11:00:00-00:00,0,2019-12-11,3,0,ACTUAL,SCL,Total Actual Hourly Integrated Load,SYS_FCST_ACT_MW,3.8,914,ACTUAL,184
2019-12-11T12:00:00-00:00,2019-12-11T13:00:00-00:00,0,2019-12-11,5,0,ACTUAL,SCL,Total Actual Hourly Integrated Load,SYS_FCST_ACT_MW,3.8,968,ACTUAL,184
2019-12-12T03:00:00-00:00,2019-12-12T04:00:00-00:00,0,2019-12-11,20,0,ACTUAL,SCL,Total Actual Hourly Integrated Load,SYS_FCST_ACT_MW,3.8,1347,ACTUAL,184
2019-12-11T08:00:00-00:00,2019-12-11T09:00:00-00:00,0,2019-12-11,1,0,ACTUAL,SCL,Total Actual Hourly Integrated Load,SYS_FCST_ACT_MW,3.8,977,ACTUAL,184
2019-12-11T11:00:00-00:00,2019-12-11T12:00:00-00:00,0,2019-12-11,4,0,ACTUAL,SCL,Total Actual Hourly Integrated Load,SYS_FCST_ACT_MW,3.8,919,ACTUAL,184
2019-12-11T13:00:00-00:00,2019-12-11T14:00:00-00:00,0,2019-12-11,6,0,ACTUAL,SCL,Total Actual Hourly Integrated Load,SYS_FCST_ACT_MW,3.8,1085,ACTUAL,184
2019-12-11T15:00:00-00:00,2019-12-11T16:00:00-00:00,0,2019-12-11,8,0,ACTUAL,SCL,Total Actual Hourly Integrated Load,SYS_FCST_ACT_MW,3.8,1356,ACTUAL,184
2019-12-12T01:00:00-00:00,2019-12-12T02:00:00-00:00,0,2019-12-11,18,0,ACTUAL,SCL,Total Actual Hourly Integrated Load,SYS_FCST_ACT_MW,3.8,1402,ACTUAL,184
2019-12-11T21:00:00-00:00,2019-12-11T22:00:00-00:00,0,2019-12-11,14,0,ACTUAL,SDGE-TAC,Total Actual Hourly Integrated Load,SYS_FCST_ACT_MW,3.4,2041,ACTUAL,185
2019-12-11T13:00:00-00:00,2019-12-11T14:00:00-00:00,0,2019-12-11,6,0,ACTUAL,SDGE-TAC,Total Actual Hourly Integrated Load,SYS_FCST_ACT_MW,3.4,2105,ACTUAL,185
2019-12-12T06:00:00-00:00,2019-12-12T07:00:00-00:00,0,2019-12-11,23,0,ACTUAL,SDGE-TAC,Total Actual Hourly Integrated Load,SYS_FCST_ACT_MW,3.4,2290,ACTUAL,185
2019-12-11T15:00:00-00:00,2019-12-11T16:00:00-00:00,0,2019-12-11,8,0,ACTUAL,SDGE-TAC,Total Actual Hourly Integrated Load,SYS_FCST_ACT_MW,3.4,2405,ACTUAL,185
2019-12-12T00:00:00-00:00,2019-12-12T01:00:00-00:00,0,2019-12-11,17,0,ACTUAL,SDGE-TAC,Total Actual Hourly Integrated Load,SYS_FCST_ACT_MW,3.4,2528,ACTUAL,185
2019-12-11T10:00:00-00:00,2019-12-11T11:00:00-00:00,0,2019-12-11,3,0,ACTUAL,SDGE-TAC,Total Actual Hourly Integrated Load,SYS_FCST_ACT_MW,3.4,1847,ACTUAL,185
2019-12-11T22:00:00-00:00,2019-12-11T23:00:00-00:00,0,2019-12-11,15,0,ACTUAL,SDGE-TAC,Total Actual Hourly Integrated Load,SYS_FCST_ACT_MW,3.4,2215,ACTUAL,185
2019-12-11T12:00:00-00:00,2019-12-11T13:00:00-00:00,0,2019-12-11,5,0,ACTUAL,SDGE-TAC,Total Actual Hourly Integrated Load,SYS_FCST_ACT_MW,3.4,1925,ACTUAL,185
2019-12-11T09:00:00-00:00,2019-12-11T10:00:00-00:00,0,2019-12-11,2,0,ACTUAL,SDGE-TAC,Total Actual Hourly Integrated Load,SYS_FCST_ACT_MW,3.4,1884,ACTUAL,185
2019-12-12T07:00:00-00:00,2019-12-12T08:00:00-00:00,0,2019-12-11,24,0,ACTUAL,SDGE-TAC,Total Actual Hourly Integrated Load,SYS_FCST_ACT_MW,3.4,2079,ACTUAL,185
2019-12-12T02:00:00-00:00,2019-12-12T03:00:00-00:00,0,2019-12-11,19,0,ACTUAL,SDGE-TAC,Total Actual Hourly Integrated Load,SYS_FCST_ACT_MW,3.4,2825,ACTUAL,185
2019-12-12T01:00:00-00:00,2019-12-12T02:00:00-00:00,0,2019-12-11,18,0,ACTUAL,SDGE-TAC,Total Actual Hourly Integrated Load,SYS_FCST_ACT_MW,3.4,2840,ACTUAL,185
2019-12-11T17:00:00-00:00,2019-12-11T18:00:00-00:00,0,2019-12-11,10,0,ACTUAL,SDGE-TAC,Total Actual Hourly Integrated Load,SYS_FCST_ACT_MW,3.4,2137,ACTUAL,185
2019-12-12T04:00:00-00:00,2019-12-12T05:00:00-00:00,0,2019-12-11,21,0,ACTUAL,SDGE-TAC,Total Actual Hourly Integrated Load,SYS_FCST_ACT_MW,3.4,2679,ACTUAL,185
2019-12-11T20:00:00-00:00,2019-12-11T21:00:00-00:00,0,2019-12-11,13,0,ACTUAL,SDGE-TAC,Total Actual Hourly Integrated Load,SYS_FCST_ACT_MW,3.4,1963,ACTUAL,185
2019-12-11T08:00:00-00:00,2019-12-11T09:00:00-00:00,0,2019-12-11,1,0,ACTUAL,SDGE-TAC,Total Actual Hourly Integrated Load,SYS_FCST_ACT_MW,3.4,1961,ACTUAL,185
2019-12-12T05:00:00-00:00,2019-12-12T06:00:00-00:00,0,2019-12-11,22,0,ACTUAL,SDGE-TAC,Total Actual Hourly Integrated Load,SYS_FCST_ACT_MW,3.4,2517,ACTUAL,185
2019-12-11T19:00:00-00:00,2019-12-11T20:00:00-00:00,0,2019-12-11,12,0,ACTUAL,SDGE-TAC,Total Actual Hourly Integrated Load,SYS_FCST_ACT_MW,3.4,1940,ACTUAL,185
2019-12-11T16:00:00-00:00,2019-12-11T17:00:00-00:00,0,2019-12-11,9,0,ACTUAL,SDGE-TAC,Total Actual Hourly Integrated Load,SYS_FCST_ACT_MW,3.4,2261,ACTUAL,185
2019-12-11T14:00:00-00:00,2019-12-11T15:00:00-00:00,0,2019-12-11,7,0,ACTUAL,SDGE-TAC,Total Actual Hourly Integrated Load,SYS_FCST_ACT_MW,3.4,2350,ACTUAL,185
2019-12-11T23:00:00-00:00,2019-12-12T00:00:00-00:00,0,2019-12-11,16,0,ACTUAL,SDGE-TAC,Total Actual Hourly Integrated Load,SYS_FCST_ACT_MW,3.4,2300,ACTUAL,185
2019-12-11T18:00:00-00:00,2019-12-11T19:00:00-00:00,0,2019-12-11,11,0,ACTUAL,SDGE-TAC,Total Actual Hourly Integrated Load,SYS_FCST_ACT_MW,3.4,1941,ACTUAL,185
2019-12-11T11:00:00-00:00,2019-12-11T12:00:00-00:00,0,2019-12-11,4,0,ACTUAL,SDGE-TAC,Total Actual Hourly Integrated Load,SYS_FCST_ACT_MW,3.4,1831,ACTUAL,185
2019-12-12T03:00:00-00:00,2019-12-12T04:00:00-00:00,0,2019-12-11,20,0,ACTUAL,SDGE-TAC,Total Actual Hourly Integrated Load,SYS_FCST_ACT_MW,3.4,2780,ACTUAL,185
2019-12-11T11:00:00-00:00,2019-12-11T12:00:00-00:00,0,2019-12-11,4,0,ACTUAL,SRP,Total Actual Hourly Integrated Load,SYS_FCST_ACT_MW,3.8,2667,ACTUAL,186
2019-12-11T20:00:00-00:00,2019-12-11T21:00:00-00:00,0,2019-12-11,13,0,ACTUAL,SRP,Total Actual Hourly Integrated Load,SYS_FCST_ACT_MW,3.8,2695,ACTUAL,186
2019-12-12T01:00:00-00:00,2019-12-12T02:00:00-00:00,0,2019-12-11,18,0,ACTUAL,SRP,Total Actual Hourly Integrated Load,SYS_FCST_ACT_MW,3.8,3203,ACTUAL,186
2019-12-11T12:00:00-00:00,2019-12-11T13:00:00-00:00,0,2019-12-11,5,0,ACTUAL,SRP,Total Actual Hourly Integrated Load,SYS_FCST_ACT_MW,3.8,2901,ACTUAL,186
2019-12-11T14:00:00-00:00,2019-12-11T15:00:00-00:00,0,2019-12-11,7,0,ACTUAL,SRP,Total Actual Hourly Integrated Load,SYS_FCST_ACT_MW,3.8,3253,ACTUAL,186
2019-12-11T10:00:00-00:00,2019-12-11T11:00:00-00:00,0,2019-12-11,3,0,ACTUAL,SRP,Total Actual Hourly Integrated Load,SYS_FCST_ACT_MW,3.8,2553,ACTUAL,186
2019-12-12T06:00:00-00:00,2019-12-12T07:00:00-00:00,0,2019-12-11,23,0,ACTUAL,SRP,Total Actual Hourly Integrated Load,SYS_FCST_ACT_MW,3.8,2739,ACTUAL,186
2019-12-11T17:00:00-00:00,2019-12-11T18:00:00-00:00,0,2019-12-11,10,0,ACTUAL,SRP,Total Actual Hourly Integrated Load,SYS_FCST_ACT_MW,3.8,2927,ACTUAL,186
2019-12-12T02:00:00-00:00,2019-12-12T03:00:00-00:00,0,2019-12-11,19,0,ACTUAL,SRP,Total Actual Hourly Integrated Load,SYS_FCST_ACT_MW,3.8,3220,ACTUAL,186
2019-12-11T15:00:00-00:00,2019-12-11T16:00:00-00:00,0,2019-12-11,8,0,ACTUAL,SRP,Total Actual Hourly Integrated Load,SYS_FCST_ACT_MW,3.8,3142,ACTUAL,186
2019-12-12T07:00:00-00:00,2019-12-12T08:00:00-00:00,0,2019-12-11,24,0,ACTUAL,SRP,Total Actual Hourly Integrated Load,SYS_FCST_ACT_MW,3.8,2624,ACTUAL,186
2019-12-12T05:00:00-00:00,2019-12-12T06:00:00-00:00,0,2019-12-11,22,0,ACTUAL,SRP,Total Actual Hourly Integrated Load,SYS_FCST_ACT_MW,3.8,2915,ACTUAL,186
2019-12-12T03:00:00-00:00,2019-12-12T04:00:00-00:00,0,2019-12-11,20,0,ACTUAL,SRP,Total Actual Hourly Integrated Load,SYS_FCST_ACT_MW,3.8,3192,ACTUAL,186
2019-12-12T00:00:00-00:00,2019-12-12T01:00:00-00:00,0,2019-12-11,17,0,ACTUAL,SRP,Total Actual Hourly Integrated Load,SYS_FCST_ACT_MW,3.8,3047,ACTUAL,186
2019-12-11T18:00:00-00:00,2019-12-11T19:00:00-00:00,0,2019-12-11,11,0,ACTUAL,SRP,Total Actual Hourly Integrated Load,SYS_FCST_ACT_MW,3.8,2813,ACTUAL,186
2019-12-11T21:00:00-00:00,2019-12-11T22:00:00-00:00,0,2019-12-11,14,0,ACTUAL,SRP,Total Actual Hourly Integrated Load,SYS_FCST_ACT_MW,3.8,2678,ACTUAL,186
2019-12-11T22:00:00-00:00,2019-12-11T23:00:00-00:00,0,2019-12-11,15,0,ACTUAL,SRP,Total Actual Hourly Integrated Load,SYS_FCST_ACT_MW,3.8,2702,ACTUAL,186
2019-12-11T13:00:00-00:00,2019-12-11T14:00:00-00:00,0,2019-12-11,6,0,ACTUAL,SRP,Total Actual Hourly Integrated Load,SYS_FCST_ACT_MW,3.8,3194,ACTUAL,186
2019-12-11T23:00:00-00:00,2019-12-12T00:00:00-00:00,0,2019-12-11,16,0,ACTUAL,SRP,Total Actual Hourly Integrated Load,SYS_FCST_ACT_MW,3.8,2804,ACTUAL,186
2019-12-11T09:00:00-00:00,2019-12-11T10:00:00-00:00,0,2019-12-11,2,0,ACTUAL,SRP,Total Actual Hourly Integrated Load,SYS_FCST_ACT_MW,3.8,2525,ACTUAL,186
2019-12-11T08:00:00-00:00,2019-12-11T09:00:00-00:00,0,2019-12-11,1,0,ACTUAL,SRP,Total Actual Hourly Integrated Load,SYS_FCST_ACT_MW,3.8,2563,ACTUAL,186
2019-12-12T04:00:00-00:00,2019-12-12T05:00:00-00:00,0,2019-12-11,21,0,ACTUAL,SRP,Total Actual Hourly Integrated Load,SYS_FCST_ACT_MW,3.8,3107,ACTUAL,186
2019-12-11T19:00:00-00:00,2019-12-11T20:00:00-00:00,0,2019-12-11,12,0,ACTUAL,SRP,Total Actual Hourly Integrated Load,SYS_FCST_ACT_MW,3.8,2756,ACTUAL,186
2019-12-11T16:00:00-00:00,2019-12-11T17:00:00-00:00,0,2019-12-11,9,0,ACTUAL,SRP,Total Actual Hourly Integrated Load,SYS_FCST_ACT_MW,3.8,3016,ACTUAL,186
2019-12-12T00:00:00-00:00,2019-12-12T01:00:00-00:00,0,2019-12-11,17,0,ACTUAL,VEA-TAC,Total Actual Hourly Integrated Load,SYS_FCST_ACT_MW,3.5,65,ACTUAL,187
2019-12-12T06:00:00-00:00,2019-12-12T07:00:00-00:00,0,2019-12-11,23,0,ACTUAL,VEA-TAC,Total Actual Hourly Integrated Load,SYS_FCST_ACT_MW,3.5,71,ACTUAL,187
2019-12-11T10:00:00-00:00,2019-12-11T11:00:00-00:00,0,2019-12-11,3,0,ACTUAL,VEA-TAC,Total Actual Hourly Integrated Load,SYS_FCST_ACT_MW,3.5,75,ACTUAL,187
2019-12-12T02:00:00-00:00,2019-12-12T03:00:00-00:00,0,2019-12-11,19,0,ACTUAL,VEA-TAC,Total Actual Hourly Integrated Load,SYS_FCST_ACT_MW,3.5,74,ACTUAL,187
2019-12-12T04:00:00-00:00,2019-12-12T05:00:00-00:00,0,2019-12-11,21,0,ACTUAL,VEA-TAC,Total Actual Hourly Integrated Load,SYS_FCST_ACT_MW,3.5,76,ACTUAL,187
2019-12-11T08:00:00-00:00,2019-12-11T09:00:00-00:00,0,2019-12-11,1,0,ACTUAL,VEA-TAC,Total Actual Hourly Integrated Load,SYS_FCST_ACT_MW,3.5,73,ACTUAL,187
2019-12-11T09:00:00-00:00,2019-12-11T10:00:00-00:00,0,2019-12-11,2,0,ACTUAL,VEA-TAC,Total Actual Hourly Integrated Load,SYS_FCST_ACT_MW,3.5,74,ACTUAL,187
2019-12-11T21:00:00-00:00,2019-12-11T22:00:00-00:00,0,2019-12-11,14,0,ACTUAL,VEA-TAC,Total Actual Hourly Integrated Load,SYS_FCST_ACT_MW,3.5,57,ACTUAL,187
2019-12-11T22:00:00-00:00,2019-12-11T23:00:00-00:00,0,2019-12-11,15,0,ACTUAL,VEA-TAC,Total Actual Hourly Integrated Load,SYS_FCST_ACT_MW,3.5,54,ACTUAL,187
2019-12-11T18:00:00-00:00,2019-12-11T19:00:00-00:00,0,2019-12-11,11,0,ACTUAL,VEA-TAC,Total Actual Hourly Integrated Load,SYS_FCST_ACT_MW,3.5,67,ACTUAL,187
2019-12-11T13:00:00-00:00,2019-12-11T14:00:00-00:00,0,2019-12-11,6,0,ACTUAL,VEA-TAC,Total Actual Hourly Integrated Load,SYS_FCST_ACT_MW,3.5,89,ACTUAL,187
2019-12-11T14:00:00-00:00,2019-12-11T15:00:00-00:00,0,2019-12-11,7,0,ACTUAL,VEA-TAC,Total Actual Hourly Integrated Load,SYS_FCST_ACT_MW,3.5,97,ACTUAL,187
2019-12-11T16:00:00-00:00,2019-12-11T17:00:00-00:00,0,2019-12-11,9,0,ACTUAL,VEA-TAC,Total Actual Hourly Integrated Load,SYS_FCST_ACT_MW,3.5,83,ACTUAL,187
2019-12-11T19:00:00-00:00,2019-12-11T20:00:00-00:00,0,2019-12-11,12,0,ACTUAL,VEA-TAC,Total Actual Hourly Integrated Load,SYS_FCST_ACT_MW,3.5,61,ACTUAL,187
2019-12-11T20:00:00-00:00,2019-12-11T21:00:00-00:00,0,2019-12-11,13,0,ACTUAL,VEA-TAC,Total Actual Hourly Integrated Load,SYS_FCST_ACT_MW,3.5,58,ACTUAL,187
2019-12-11T11:00:00-00:00,2019-12-11T12:00:00-00:00,0,2019-12-11,4,0,ACTUAL,VEA-TAC,Total Actual Hourly Integrated Load,SYS_FCST_ACT_MW,3.5,77,ACTUAL,187
2019-12-11T12:00:00-00:00,2019-12-11T13:00:00-00:00,0,2019-12-11,5,0,ACTUAL,VEA-TAC,Total Actual Hourly Integrated Load,SYS_FCST_ACT_MW,3.5,81,ACTUAL,187
2019-12-11T15:00:00-00:00,2019-12-11T16:00:00-00:00,0,2019-12-11,8,0,ACTUAL,VEA-TAC,Total Actual Hourly Integrated Load,SYS_FCST_ACT_MW,3.5,96,ACTUAL,187
2019-12-11T23:00:00-00:00,2019-12-12T00:00:00-00:00,0,2019-12-11,16,0,ACTUAL,VEA-TAC,Total Actual Hourly Integrated Load,SYS_FCST_ACT_MW,3.5,56,ACTUAL,187
2019-12-12T01:00:00-00:00,2019-12-12T02:00:00-00:00,0,2019-12-11,18,0,ACTUAL,VEA-TAC,Total Actual Hourly Integrated Load,SYS_FCST_ACT_MW,3.5,72,ACTUAL,187
2019-12-12T03:00:00-00:00,2019-12-12T04:00:00-00:00,0,2019-12-11,20,0,ACTUAL,VEA-TAC,Total Actual Hourly Integrated Load,SYS_FCST_ACT_MW,3.5,76,ACTUAL,187
2019-12-11T17:00:00-00:00,2019-12-11T18:00:00-00:00,0,2019-12-11,10,0,ACTUAL,VEA-TAC,Total Actual Hourly Integrated Load,SYS_FCST_ACT_MW,3.5,68,ACTUAL,187
2019-12-12T05:00:00-00:00,2019-12-12T06:00:00-00:00,0,2019-12-11,22,0,ACTUAL,VEA-TAC,Total Actual Hourly Integrated Load,SYS_FCST_ACT_MW,3.5,74,ACTUAL,187
2019-12-12T07:00:00-00:00,2019-12-12T08:00:00-00:00,0,2019-12-11,24,0,ACTUAL,VEA-TAC,Total Actual Hourly Integrated Load,SYS_FCST_ACT_MW,3.5,70,ACTUAL,187
2019-12-13T04:00:00-00:00,2019-12-13T05:00:00-00:00,0,2019-12-12,21,0,ACTUAL,AZPS,Total Actual Hourly Integrated Load,SYS_FCST_ACT_MW,3.8,3131,ACTUAL,188
2019-12-12T13:00:00-00:00,2019-12-12T14:00:00-00:00,0,2019-12-12,6,0,ACTUAL,AZPS,Total Actual Hourly Integrated Load,SYS_FCST_ACT_MW,3.8,3403,ACTUAL,188
2019-12-12T19:00:00-00:00,2019-12-12T20:00:00-00:00,0,2019-12-12,12,0,ACTUAL,AZPS,Total Actual Hourly Integrated Load,SYS_FCST_ACT_MW,3.8,2430,ACTUAL,188
2019-12-13T03:00:00-00:00,2019-12-13T04:00:00-00:00,0,2019-12-12,20,0,ACTUAL,AZPS,Total Actual Hourly Integrated Load,SYS_FCST_ACT_MW,3.8,3223,ACTUAL,188
2019-12-12T21:00:00-00:00,2019-12-12T22:00:00-00:00,0,2019-12-12,14,0,ACTUAL,AZPS,Total Actual Hourly Integrated Load,SYS_FCST_ACT_MW,3.8,2457,ACTUAL,188
2019-12-12T23:00:00-00:00,2019-12-13T00:00:00-00:00,0,2019-12-12,16,0,ACTUAL,AZPS,Total Actual Hourly Integrated Load,SYS_FCST_ACT_MW,3.8,2781,ACTUAL,188
2019-12-13T05:00:00-00:00,2019-12-13T06:00:00-00:00,0,2019-12-12,22,0,ACTUAL,AZPS,Total Actual Hourly Integrated Load,SYS_FCST_ACT_MW,3.8,2952,ACTUAL,188
2019-12-12T12:00:00-00:00,2019-12-12T13:00:00-00:00,0,2019-12-12,5,0,ACTUAL,AZPS,Total Actual Hourly Integrated Load,SYS_FCST_ACT_MW,3.8,3067,ACTUAL,188
2019-12-12T22:00:00-00:00,2019-12-12T23:00:00-00:00,0,2019-12-12,15,0,ACTUAL,AZPS,Total Actual Hourly Integrated Load,SYS_FCST_ACT_MW,3.8,2560,ACTUAL,188
2019-12-13T00:00:00-00:00,2019-12-13T01:00:00-00:00,0,2019-12-12,17,0,ACTUAL,AZPS,Total Actual Hourly Integrated Load,SYS_FCST_ACT_MW,3.8,3093,ACTUAL,188
2019-12-13T02:00:00-00:00,2019-12-13T03:00:00-00:00,0,2019-12-12,19,0,ACTUAL,AZPS,Total Actual Hourly Integrated Load,SYS_FCST_ACT_MW,3.8,3230,ACTUAL,188
2019-12-13T06:00:00-00:00,2019-12-13T07:00:00-00:00,0,2019-12-12,23,0,ACTUAL,AZPS,Total Actual Hourly Integrated Load,SYS_FCST_ACT_MW,3.8,2761,ACTUAL,188
2019-12-12T14:00:00-00:00,2019-12-12T15:00:00-00:00,0,2019-12-12,7,0,ACTUAL,AZPS,Total Actual Hourly Integrated Load,SYS_FCST_ACT_MW,3.8,3476,ACTUAL,188
2019-12-12T08:00:00-00:00,2019-12-12T09:00:00-00:00,0,2019-12-12,1,0,ACTUAL,AZPS,Total Actual Hourly Integrated Load,SYS_FCST_ACT_MW,3.8,2625,ACTUAL,188
2019-12-12T15:00:00-00:00,2019-12-12T16:00:00-00:00,0,2019-12-12,8,0,ACTUAL,AZPS,Total Actual Hourly Integrated Load,SYS_FCST_ACT_MW,3.8,3224,ACTUAL,188
2019-12-12T20:00:00-00:00,2019-12-12T21:00:00-00:00,0,2019-12-12,13,0,ACTUAL,AZPS,Total Actual Hourly Integrated Load,SYS_FCST_ACT_MW,3.8,2413,ACTUAL,188
2019-12-12T11:00:00-00:00,2019-12-12T12:00:00-00:00,0,2019-12-12,4,0,ACTUAL,AZPS,Total Actual Hourly Integrated Load,SYS_FCST_ACT_MW,3.8,2787,ACTUAL,188
2019-12-12T16:00:00-00:00,2019-12-12T17:00:00-00:00,0,2019-12-12,9,0,ACTUAL,AZPS,Total Actual Hourly Integrated Load,SYS_FCST_ACT_MW,3.8,2897,ACTUAL,188
2019-12-13T01:00:00-00:00,2019-12-13T02:00:00-00:00,0,2019-12-12,18,0,ACTUAL,AZPS,Total Actual Hourly Integrated Load,SYS_FCST_ACT_MW,3.8,3242,ACTUAL,188
2019-12-13T07:00:00-00:00,2019-12-13T08:00:00-00:00,0,2019-12-12,24,0,ACTUAL,AZPS,Total Actual Hourly Integrated Load,SYS_FCST_ACT_MW,3.8,2654,ACTUAL,188
2019-12-12T17:00:00-00:00,2019-12-12T18:00:00-00:00,0,2019-12-12,10,0,ACTUAL,AZPS,Total Actual Hourly Integrated Load,SYS_FCST_ACT_MW,3.8,2665,ACTUAL,188
2019-12-12T10:00:00-00:00,2019-12-12T11:00:00-00:00,0,2019-12-12,3,0,ACTUAL,AZPS,Total Actual Hourly Integrated Load,SYS_FCST_ACT_MW,3.8,2661,ACTUAL,188
2019-12-12T09:00:00-00:00,2019-12-12T10:00:00-00:00,0,2019-12-12,2,0,ACTUAL,AZPS,Total Actual Hourly Integrated Load,SYS_FCST_ACT_MW,3.8,2620,ACTUAL,188
2019-12-12T18:00:00-00:00,2019-12-12T19:00:00-00:00,0,2019-12-12,11,0,ACTUAL,AZPS,Total Actual Hourly Integrated Load,SYS_FCST_ACT_MW,3.8,2526,ACTUAL,188
2019-12-13T02:00:00-00:00,2019-12-13T03:00:00-00:00,0,2019-12-12,19,0,ACTUAL,BANCSMUD,Total Actual Hourly Integrated Load,SYS_FCST_ACT_MW,3.8,1316,ACTUAL,189
2019-12-12T10:00:00-00:00,2019-12-12T11:00:00-00:00,0,2019-12-12,3,0,ACTUAL,BANCSMUD,Total Actual Hourly Integrated Load,SYS_FCST_ACT_MW,3.8,897,ACTUAL,189
2019-12-13T04:00:00-00:00,2019-12-13T05:00:00-00:00,0,2019-12-12,21,0,ACTUAL,BANCSMUD,Total Actual Hourly Integrated Load,SYS_FCST_ACT_MW,3.8,1261,ACTUAL,189
2019-12-13T07:00:00-00:00,2019-12-13T08:00:00-00:00,0,2019-12-12,24,0,ACTUAL,BANCSMUD,Total Actual Hourly Integrated Load,SYS_FCST_ACT_MW,3.8,1005,ACTUAL,189
2019-12-12T09:00:00-00:00,2019-12-12T10:00:00-00:00,0,2019-12-12,2,0,ACTUAL,BANCSMUD,Total Actual Hourly Integrated Load,SYS_FCST_ACT_MW,3.8,920,ACTUAL,189
2019-12-12T11:00:00-00:00,2019-12-12T12:00:00-00:00,0,2019-12-12,4,0,ACTUAL,BANCSMUD,Total Actual Hourly Integrated Load,SYS_FCST_ACT_MW,3.8,903,ACTUAL,189
2019-12-13T03:00:00-00:00,2019-12-13T04:00:00-00:00,0,2019-12-12,20,0,ACTUAL,BANCSMUD,Total Actual Hourly Integrated Load,SYS_FCST_ACT_MW,3.8,1291,ACTUAL,189
2019-12-13T06:00:00-00:00,2019-12-13T07:00:00-00:00,0,2019-12-12,23,0,ACTUAL,BANCSMUD,Total Actual Hourly Integrated Load,SYS_FCST_ACT_MW,3.8,1101,ACTUAL,189
2019-12-12T21:00:00-00:00,2019-12-12T22:00:00-00:00,0,2019-12-12,14,0,ACTUAL,BANCSMUD,Total Actual Hourly Integrated Load,SYS_FCST_ACT_MW,3.8,1189,ACTUAL,189
2019-12-12T18:00:00-00:00,2019-12-12T19:00:00-00:00,0,2019-12-12,11,0,ACTUAL,BANCSMUD,Total Actual Hourly Integrated Load,SYS_FCST_ACT_MW,3.8,1247,ACTUAL,189
2019-12-12T14:00:00-00:00,2019-12-12T15:00:00-00:00,0,2019-12-12,7,0,ACTUAL,BANCSMUD,Total Actual Hourly Integrated Load,SYS_FCST_ACT_MW,3.8,1171,ACTUAL,189
2019-12-12T08:00:00-00:00,2019-12-12T09:00:00-00:00,0,2019-12-12,1,0,ACTUAL,BANCSMUD,Total Actual Hourly Integrated Load,SYS_FCST_ACT_MW,3.8,965,ACTUAL,189
2019-12-12T20:00:00-00:00,2019-12-12T21:00:00-00:00,0,2019-12-12,13,0,ACTUAL,BANCSMUD,Total Actual Hourly Integrated Load,SYS_FCST_ACT_MW,3.8,1208,ACTUAL,189
2019-12-12T19:00:00-00:00,2019-12-12T20:00:00-00:00,0,2019-12-12,12,0,ACTUAL,BANCSMUD,Total Actual Hourly Integrated Load,SYS_FCST_ACT_MW,3.8,1229,ACTUAL,189
2019-12-12T15:00:00-00:00,2019-12-12T16:00:00-00:00,0,2019-12-12,8,0,ACTUAL,BANCSMUD,Total Actual Hourly Integrated Load,SYS_FCST_ACT_MW,3.8,1247,ACTUAL,189
2019-12-12T13:00:00-00:00,2019-12-12T14:00:00-00:00,0,2019-12-12,6,0,ACTUAL,BANCSMUD,Total Actual Hourly Integrated Load,SYS_FCST_ACT_MW,3.8,1033,ACTUAL,189
2019-12-12T22:00:00-00:00,2019-12-12T23:00:00-00:00,0,2019-12-12,15,0,ACTUAL,BANCSMUD,Total Actual Hourly Integrated Load,SYS_FCST_ACT_MW,3.8,1187,ACTUAL,189
2019-12-13T05:00:00-00:00,2019-12-13T06:00:00-00:00,0,2019-12-12,22,0,ACTUAL,BANCSMUD,Total Actual Hourly Integrated Load,SYS_FCST_ACT_MW,3.8,1196,ACTUAL,189
2019-12-12T17:00:00-00:00,2019-12-12T18:00:00-00:00,0,2019-12-12,10,0,ACTUAL,BANCSMUD,Total Actual Hourly Integrated Load,SYS_FCST_ACT_MW,3.8,1256,ACTUAL,189
2019-12-12T12:00:00-00:00,2019-12-12T13:00:00-00:00,0,2019-12-12,5,0,ACTUAL,BANCSMUD,Total Actual Hourly Integrated Load,SYS_FCST_ACT_MW,3.8,940,ACTUAL,189
2019-12-12T23:00:00-00:00,2019-12-13T00:00:00-00:00,0,2019-12-12,16,0,ACTUAL,BANCSMUD,Total Actual Hourly Integrated Load,SYS_FCST_ACT_MW,3.8,1201,ACTUAL,189
2019-12-12T16:00:00-00:00,2019-12-12T17:00:00-00:00,0,2019-12-12,9,0,ACTUAL,BANCSMUD,Total Actual Hourly Integrated Load,SYS_FCST_ACT_MW,3.8,1250,ACTUAL,189
2019-12-13T01:00:00-00:00,2019-12-13T02:00:00-00:00,0,2019-12-12,18,0,ACTUAL,BANCSMUD,Total Actual Hourly Integrated Load,SYS_FCST_ACT_MW,3.8,1330,ACTUAL,189
2019-12-13T00:00:00-00:00,2019-12-13T01:00:00-00:00,0,2019-12-12,17,0,ACTUAL,BANCSMUD,Total Actual Hourly Integrated Load,SYS_FCST_ACT_MW,3.8,1256,ACTUAL,189
2019-12-12T13:00:00-00:00,2019-12-12T14:00:00-00:00,0,2019-12-12,6,0,ACTUAL,BCHA,Total Actual Hourly Integrated Load,SYS_FCST_ACT_MW,3.8,7322,ACTUAL,190
2019-12-12T20:00:00-00:00,2019-12-12T21:00:00-00:00,0,2019-12-12,13,0,ACTUAL,BCHA,Total Actual Hourly Integrated Load,SYS_FCST_ACT_MW,3.8,8717,ACTUAL,190
2019-12-12T16:00:00-00:00,2019-12-12T17:00:00-00:00,0,2019-12-12,9,0,ACTUAL,BCHA,Total Actual Hourly Integrated Load,SYS_FCST_ACT_MW,3.8,8864,ACTUAL,190
2019-12-13T00:00:00-00:00,2019-12-13T01:00:00-00:00,0,2019-12-12,17,0,ACTUAL,BCHA,Total Actual Hourly Integrated Load,SYS_FCST_ACT_MW,3.8,9254,ACTUAL,190
2019-12-13T02:00:00-00:00,2019-12-13T03:00:00-00:00,0,2019-12-12,19,0,ACTUAL,BCHA,Total Actual Hourly Integrated Load,SYS_FCST_ACT_MW,3.8,9317,ACTUAL,190
2019-12-12T17:00:00-00:00,2019-12-12T18:00:00-00:00,0,2019-12-12,10,0,ACTUAL,BCHA,Total Actual Hourly Integrated Load,SYS_FCST_ACT_MW,3.8,8834,ACTUAL,190
2019-12-12T11:00:00-00:00,2019-12-12T12:00:00-00:00,0,2019-12-12,4,0,ACTUAL,BCHA,Total Actual Hourly Integrated Load,SYS_FCST_ACT_MW,3.8,6849,ACTUAL,190
2019-12-12T08:00:00-00:00,2019-12-12T09:00:00-00:00,0,2019-12-12,1,0,ACTUAL,BCHA,Total Actual Hourly Integrated Load,SYS_FCST_ACT_MW,3.8,7187,ACTUAL,190
2019-12-13T05:00:00-00:00,2019-12-13T06:00:00-00:00,0,2019-12-12,22,0,ACTUAL,BCHA,Total Actual Hourly Integrated Load,SYS_FCST_ACT_MW,3.8,8672,ACTUAL,190
2019-12-12T19:00:00-00:00,2019-12-12T20:00:00-00:00,0,2019-12-12,12,0,ACTUAL,BCHA,Total Actual Hourly Integrated Load,SYS_FCST_ACT_MW,3.8,8729,ACTUAL,190
2019-12-12T10:00:00-00:00,2019-12-12T11:00:00-00:00,0,2019-12-12,3,0,ACTUAL,BCHA,Total Actual Hourly Integrated Load,SYS_FCST_ACT_MW,3.8,6892,ACTUAL,190
2019-12-12T21:00:00-00:00,2019-12-12T22:00:00-00:00,0,2019-12-12,14,0,ACTUAL,BCHA,Total Actual Hourly Integrated Load,SYS_FCST_ACT_MW,3.8,8731,ACTUAL,190
2019-12-13T01:00:00-00:00,2019-12-13T02:00:00-00:00,0,2019-12-12,18,0,ACTUAL,BCHA,Total Actual Hourly Integrated Load,SYS_FCST_ACT_MW,3.8,9445,ACTUAL,190
2019-12-12T15:00:00-00:00,2019-12-12T16:00:00-00:00,0,2019-12-12,8,0,ACTUAL,BCHA,Total Actual Hourly Integrated Load,SYS_FCST_ACT_MW,3.8,8716,ACTUAL,190
2019-12-12T09:00:00-00:00,2019-12-12T10:00:00-00:00,0,2019-12-12,2,0,ACTUAL,BCHA,Total Actual Hourly Integrated Load,SYS_FCST_ACT_MW,3.8,7003,ACTUAL,190
2019-12-13T07:00:00-00:00,2019-12-13T08:00:00-00:00,0,2019-12-12,24,0,ACTUAL,BCHA,Total Actual Hourly Integrated Load,SYS_FCST_ACT_MW,3.8,7611,ACTUAL,190
2019-12-13T06:00:00-00:00,2019-12-13T07:00:00-00:00,0,2019-12-12,23,0,ACTUAL,BCHA,Total Actual Hourly Integrated Load,SYS_FCST_ACT_MW,3.8,8125,ACTUAL,190
2019-12-13T04:00:00-00:00,2019-12-13T05:00:00-00:00,0,2019-12-12,21,0,ACTUAL,BCHA,Total Actual Hourly Integrated Load,SYS_FCST_ACT_MW,3.8,9016,ACTUAL,190
2019-12-13T03:00:00-00:00,2019-12-13T04:00:00-00:00,0,2019-12-12,20,0,ACTUAL,BCHA,Total Actual Hourly Integrated Load,SYS_FCST_ACT_MW,3.8,9179,ACTUAL,190
2019-12-12T12:00:00-00:00,2019-12-12T13:00:00-00:00,0,2019-12-12,5,0,ACTUAL,BCHA,Total Actual Hourly Integrated Load,SYS_FCST_ACT_MW,3.8,6960,ACTUAL,190
2019-12-12T18:00:00-00:00,2019-12-12T19:00:00-00:00,0,2019-12-12,11,0,ACTUAL,BCHA,Total Actual Hourly Integrated Load,SYS_FCST_ACT_MW,3.8,8786,ACTUAL,190
2019-12-12T23:00:00-00:00,2019-12-13T00:00:00-00:00,0,2019-12-12,16,0,ACTUAL,BCHA,Total Actual Hourly Integrated Load,SYS_FCST_ACT_MW,3.8,8830,ACTUAL,190
2019-12-12T22:00:00-00:00,2019-12-12T23:00:00-00:00,0,2019-12-12,15,0,ACTUAL,BCHA,Total Actual Hourly Integrated Load,SYS_FCST_ACT_MW,3.8,8693,ACTUAL,190
2019-12-12T14:00:00-00:00,2019-12-12T15:00:00-00:00,0,2019-12-12,7,0,ACTUAL,BCHA,Total Actual Hourly Integrated Load,SYS_FCST_ACT_MW,3.8,8003,ACTUAL,190
2019-12-12T23:00:00-00:00,2019-12-13T00:00:00-00:00,0,2019-12-12,16,0,ACTUAL,CA ISO-TAC,Total Actual Hourly Integrated Load,SYS_FCST_ACT_MW,3,25529,ACTUAL,191
2019-12-12T08:00:00-00:00,2019-12-12T09:00:00-00:00,0,2019-12-12,1,0,ACTUAL,CA ISO-TAC,Total Actual Hourly Integrated Load,SYS_FCST_ACT_MW,3,21911,ACTUAL,191
2019-12-12T10:00:00-00:00,2019-12-12T11:00:00-00:00,0,2019-12-12,3,0,ACTUAL,CA ISO-TAC,Total Actual Hourly Integrated Load,SYS_FCST_ACT_MW,3,20523,ACTUAL,191
2019-12-13T04:00:00-00:00,2019-12-13T05:00:00-00:00,0,2019-12-12,21,0,ACTUAL,CA ISO-TAC,Total Actual Hourly Integrated Load,SYS_FCST_ACT_MW,3,27544,ACTUAL,191
2019-12-12T16:00:00-00:00,2019-12-12T17:00:00-00:00,0,2019-12-12,9,0,ACTUAL,CA ISO-TAC,Total Actual Hourly Integrated Load,SYS_FCST_ACT_MW,3,25875,ACTUAL,191
2019-12-12T19:00:00-00:00,2019-12-12T20:00:00-00:00,0,2019-12-12,12,0,ACTUAL,CA ISO-TAC,Total Actual Hourly Integrated Load,SYS_FCST_ACT_MW,3,23658,ACTUAL,191
2019-12-13T01:00:00-00:00,2019-12-13T02:00:00-00:00,0,2019-12-12,18,0,ACTUAL,CA ISO-TAC,Total Actual Hourly Integrated Load,SYS_FCST_ACT_MW,3,28849,ACTUAL,191
2019-12-13T05:00:00-00:00,2019-12-13T06:00:00-00:00,0,2019-12-12,22,0,ACTUAL,CA ISO-TAC,Total Actual Hourly Integrated Load,SYS_FCST_ACT_MW,3,26273,ACTUAL,191
2019-12-12T13:00:00-00:00,2019-12-12T14:00:00-00:00,0,2019-12-12,6,0,ACTUAL,CA ISO-TAC,Total Actual Hourly Integrated Load,SYS_FCST_ACT_MW,3,22671,ACTUAL,191
2019-12-12T14:00:00-00:00,2019-12-12T15:00:00-00:00,0,2019-12-12,7,0,ACTUAL,CA ISO-TAC,Total Actual Hourly Integrated Load,SYS_FCST_ACT_MW,3,25100,ACTUAL,191
2019-12-12T21:00:00-00:00,2019-12-12T22:00:00-00:00,0,2019-12-12,14,0,ACTUAL,CA ISO-TAC,Total Actual Hourly Integrated Load,SYS_FCST_ACT_MW,3,24114,ACTUAL,191
2019-12-13T03:00:00-00:00,2019-12-13T04:00:00-00:00,0,2019-12-12,20,0,ACTUAL,CA ISO-TAC,Total Actual Hourly Integrated Load,SYS_FCST_ACT_MW,3,28181,ACTUAL,191
2019-12-12T11:00:00-00:00,2019-12-12T12:00:00-00:00,0,2019-12-12,4,0,ACTUAL,CA ISO-TAC,Total Actual Hourly Integrated Load,SYS_FCST_ACT_MW,3,20507,ACTUAL,191
2019-12-13T07:00:00-00:00,2019-12-13T08:00:00-00:00,0,2019-12-12,24,0,ACTUAL,CA ISO-TAC,Total Actual Hourly Integrated Load,SYS_FCST_ACT_MW,3,22565,ACTUAL,191
2019-12-12T17:00:00-00:00,2019-12-12T18:00:00-00:00,0,2019-12-12,10,0,ACTUAL,CA ISO-TAC,Total Actual Hourly Integrated Load,SYS_FCST_ACT_MW,3,25150,ACTUAL,191
2019-12-12T18:00:00-00:00,2019-12-12T19:00:00-00:00,0,2019-12-12,11,0,ACTUAL,CA ISO-TAC,Total Actual Hourly Integrated Load,SYS_FCST_ACT_MW,3,24210,ACTUAL,191
2019-12-12T20:00:00-00:00,2019-12-12T21:00:00-00:00,0,2019-12-12,13,0,ACTUAL,CA ISO-TAC,Total Actual Hourly Integrated Load,SYS_FCST_ACT_MW,3,23551,ACTUAL,191
2019-12-12T22:00:00-00:00,2019-12-12T23:00:00-00:00,0,2019-12-12,15,0,ACTUAL,CA ISO-TAC,Total Actual Hourly Integrated Load,SYS_FCST_ACT_MW,3,24639,ACTUAL,191
2019-12-13T02:00:00-00:00,2019-12-13T03:00:00-00:00,0,2019-12-12,19,0,ACTUAL,CA ISO-TAC,Total Actual Hourly Integrated Load,SYS_FCST_ACT_MW,3,28658,ACTUAL,191
2019-12-12T09:00:00-00:00,2019-12-12T10:00:00-00:00,0,2019-12-12,2,0,ACTUAL,CA ISO-TAC,Total Actual Hourly Integrated Load,SYS_FCST_ACT_MW,3,21041,ACTUAL,191
2019-12-12T12:00:00-00:00,2019-12-12T13:00:00-00:00,0,2019-12-12,5,0,ACTUAL,CA ISO-TAC,Total Actual Hourly Integrated Load,SYS_FCST_ACT_MW,3,21115,ACTUAL,191
2019-12-12T15:00:00-00:00,2019-12-12T16:00:00-00:00,0,2019-12-12,8,0,ACTUAL,CA ISO-TAC,Total Actual Hourly Integrated Load,SYS_FCST_ACT_MW,3,26240,ACTUAL,191
2019-12-13T00:00:00-00:00,2019-12-13T01:00:00-00:00,0,2019-12-12,17,0,ACTUAL,CA ISO-TAC,Total Actual Hourly Integrated Load,SYS_FCST_ACT_MW,3,26942,ACTUAL,191
2019-12-13T06:00:00-00:00,2019-12-13T07:00:00-00:00,0,2019-12-12,23,0,ACTUAL,CA ISO-TAC,Total Actual Hourly Integrated Load,SYS_FCST_ACT_MW,3,24375,ACTUAL,191
2019-12-13T06:00:00-00:00,2019-12-13T07:00:00-00:00,0,2019-12-12,23,0,ACTUAL,IPCO,Total Actual Hourly Integrated Load,SYS_FCST_ACT_MW,3.8,1688,ACTUAL,192
2019-12-12T13:00:00-00:00,2019-12-12T14:00:00-00:00,0,2019-12-12,6,0,ACTUAL,IPCO,Total Actual Hourly Integrated Load,SYS_FCST_ACT_MW,3.8,1914,ACTUAL,192
2019-12-12T09:00:00-00:00,2019-12-12T10:00:00-00:00,0,2019-12-12,2,0,ACTUAL,IPCO,Total Actual Hourly Integrated Load,SYS_FCST_ACT_MW,3.8,1614,ACTUAL,192
2019-12-12T11:00:00-00:00,2019-12-12T12:00:00-00:00,0,2019-12-12,4,0,ACTUAL,IPCO,Total Actual Hourly Integrated Load,SYS_FCST_ACT_MW,3.8,1641,ACTUAL,192
2019-12-12T14:00:00-00:00,2019-12-12T15:00:00-00:00,0,2019-12-12,7,0,ACTUAL,IPCO,Total Actual Hourly Integrated Load,SYS_FCST_ACT_MW,3.8,2036,ACTUAL,192
2019-12-12T17:00:00-00:00,2019-12-12T18:00:00-00:00,0,2019-12-12,10,0,ACTUAL,IPCO,Total Actual Hourly Integrated Load,SYS_FCST_ACT_MW,3.8,2013,ACTUAL,192
2019-12-12T21:00:00-00:00,2019-12-12T22:00:00-00:00,0,2019-12-12,14,0,ACTUAL,IPCO,Total Actual Hourly Integrated Load,SYS_FCST_ACT_MW,3.8,1910,ACTUAL,192
2019-12-12T22:00:00-00:00,2019-12-12T23:00:00-00:00,0,2019-12-12,15,0,ACTUAL,IPCO,Total Actual Hourly Integrated Load,SYS_FCST_ACT_MW,3.8,1924,ACTUAL,192
2019-12-13T00:00:00-00:00,2019-12-13T01:00:00-00:00,0,2019-12-12,17,0,ACTUAL,IPCO,Total Actual Hourly Integrated Load,SYS_FCST_ACT_MW,3.8,2063,ACTUAL,192
2019-12-12T12:00:00-00:00,2019-12-12T13:00:00-00:00,0,2019-12-12,5,0,ACTUAL,IPCO,Total Actual Hourly Integrated Load,SYS_FCST_ACT_MW,3.8,1744,ACTUAL,192
2019-12-12T16:00:00-00:00,2019-12-12T17:00:00-00:00,0,2019-12-12,9,0,ACTUAL,IPCO,Total Actual Hourly Integrated Load,SYS_FCST_ACT_MW,3.8,2036,ACTUAL,192
2019-12-13T01:00:00-00:00,2019-12-13T02:00:00-00:00,0,2019-12-12,18,0,ACTUAL,IPCO,Total Actual Hourly Integrated Load,SYS_FCST_ACT_MW,3.8,2076,ACTUAL,192
2019-12-13T03:00:00-00:00,2019-12-13T04:00:00-00:00,0,2019-12-12,20,0,ACTUAL,IPCO,Total Actual Hourly Integrated Load,SYS_FCST_ACT_MW,3.8,2010,ACTUAL,192
2019-12-12T10:00:00-00:00,2019-12-12T11:00:00-00:00,0,2019-12-12,3,0,ACTUAL,IPCO,Total Actual Hourly Integrated Load,SYS_FCST_ACT_MW,3.8,1610,ACTUAL,192
2019-12-12T15:00:00-00:00,2019-12-12T16:00:00-00:00,0,2019-12-12,8,0,ACTUAL,IPCO,Total Actual Hourly Integrated Load,SYS_FCST_ACT_MW,3.8,2052,ACTUAL,192
2019-12-12T08:00:00-00:00,2019-12-12T09:00:00-00:00,0,2019-12-12,1,0,ACTUAL,IPCO,Total Actual Hourly Integrated Load,SYS_FCST_ACT_MW,3.8,1631,ACTUAL,192
2019-12-12T18:00:00-00:00,2019-12-12T19:00:00-00:00,0,2019-12-12,11,0,ACTUAL,IPCO,Total Actual Hourly Integrated Load,SYS_FCST_ACT_MW,3.8,1982,ACTUAL,192
2019-12-12T19:00:00-00:00,2019-12-12T20:00:00-00:00,0,2019-12-12,12,0,ACTUAL,IPCO,Total Actual Hourly Integrated Load,SYS_FCST_ACT_MW,3.8,1952,ACTUAL,192
2019-12-12T20:00:00-00:00,2019-12-12T21:00:00-00:00,0,2019-12-12,13,0,ACTUAL,IPCO,Total Actual Hourly Integrated Load,SYS_FCST_ACT_MW,3.8,1926,ACTUAL,192
2019-12-12T23:00:00-00:00,2019-12-13T00:00:00-00:00,0,2019-12-12,16,0,ACTUAL,IPCO,Total Actual Hourly Integrated Load,SYS_FCST_ACT_MW,3.8,1983,ACTUAL,192
2019-12-13T02:00:00-00:00,2019-12-13T03:00:00-00:00,0,2019-12-12,19,0,ACTUAL,IPCO,Total Actual Hourly Integrated Load,SYS_FCST_ACT_MW,3.8,2043,ACTUAL,192
2019-12-13T04:00:00-00:00,2019-12-13T05:00:00-00:00,0,2019-12-12,21,0,ACTUAL,IPCO,Total Actual Hourly Integrated Load,SYS_FCST_ACT_MW,3.8,1935,ACTUAL,192
2019-12-13T05:00:00-00:00,2019-12-13T06:00:00-00:00,0,2019-12-12,22,0,ACTUAL,IPCO,Total Actual Hourly Integrated Load,SYS_FCST_ACT_MW,3.8,1813,ACTUAL,192
2019-12-13T07:00:00-00:00,2019-12-13T08:00:00-00:00,0,2019-12-12,24,0,ACTUAL,IPCO,Total Actual Hourly Integrated Load,SYS_FCST_ACT_MW,3.8,1624,ACTUAL,192
2019-12-12T14:00:00-00:00,2019-12-12T15:00:00-00:00,0,2019-12-12,7,0,ACTUAL,MWD-TAC,Total Actual Hourly Integrated Load,SYS_FCST_ACT_MW,3.3,94,ACTUAL,193
2019-12-12T23:00:00-00:00,2019-12-13T00:00:00-00:00,0,2019-12-12,16,0,ACTUAL,MWD-TAC,Total Actual Hourly Integrated Load,SYS_FCST_ACT_MW,3.3,92,ACTUAL,193
2019-12-12T22:00:00-00:00,2019-12-12T23:00:00-00:00,0,2019-12-12,15,0,ACTUAL,MWD-TAC,Total Actual Hourly Integrated Load,SYS_FCST_ACT_MW,3.3,93,ACTUAL,193
2019-12-12T15:00:00-00:00,2019-12-12T16:00:00-00:00,0,2019-12-12,8,0,ACTUAL,MWD-TAC,Total Actual Hourly Integrated Load,SYS_FCST_ACT_MW,3.3,90,ACTUAL,193
2019-12-12T21:00:00-00:00,2019-12-12T22:00:00-00:00,0,2019-12-12,14,0,ACTUAL,MWD-TAC,Total Actual Hourly Integrated Load,SYS_FCST_ACT_MW,3.3,95,ACTUAL,193
2019-12-13T02:00:00-00:00,2019-12-13T03:00:00-00:00,0,2019-12-12,19,0,ACTUAL,MWD-TAC,Total Actual Hourly Integrated Load,SYS_FCST_ACT_MW,3.3,88,ACTUAL,193
2019-12-13T06:00:00-00:00,2019-12-13T07:00:00-00:00,0,2019-12-12,23,0,ACTUAL,MWD-TAC,Total Actual Hourly Integrated Load,SYS_FCST_ACT_MW,3.3,89,ACTUAL,193
2019-12-13T07:00:00-00:00,2019-12-13T08:00:00-00:00,0,2019-12-12,24,0,ACTUAL,MWD-TAC,Total Actual Hourly Integrated Load,SYS_FCST_ACT_MW,3.3,90,ACTUAL,193
2019-12-12T09:00:00-00:00,2019-12-12T10:00:00-00:00,0,2019-12-12,2,0,ACTUAL,MWD-TAC,Total Actual Hourly Integrated Load,SYS_FCST_ACT_MW,3.3,97,ACTUAL,193
2019-12-13T01:00:00-00:00,2019-12-13T02:00:00-00:00,0,2019-12-12,18,0,ACTUAL,MWD-TAC,Total Actual Hourly Integrated Load,SYS_FCST_ACT_MW,3.3,87,ACTUAL,193
2019-12-13T03:00:00-00:00,2019-12-13T04:00:00-00:00,0,2019-12-12,20,0,ACTUAL,MWD-TAC,Total Actual Hourly Integrated Load,SYS_FCST_ACT_MW,3.3,89,ACTUAL,193
2019-12-13T04:00:00-00:00,2019-12-13T05:00:00-00:00,0,2019-12-12,21,0,ACTUAL,MWD-TAC,Total Actual Hourly Integrated Load,SYS_FCST_ACT_MW,3.3,95,ACTUAL,193
2019-12-13T05:00:00-00:00,2019-12-13T06:00:00-00:00,0,2019-12-12,22,0,ACTUAL,MWD-TAC,Total Actual Hourly Integrated Load,SYS_FCST_ACT_MW,3.3,92,ACTUAL,193
2019-12-12T08:00:00-00:00,2019-12-12T09:00:00-00:00,0,2019-12-12,1,0,ACTUAL,MWD-TAC,Total Actual Hourly Integrated Load,SYS_FCST_ACT_MW,3.3,98,ACTUAL,193
2019-12-12T11:00:00-00:00,2019-12-12T12:00:00-00:00,0,2019-12-12,4,0,ACTUAL,MWD-TAC,Total Actual Hourly Integrated Load,SYS_FCST_ACT_MW,3.3,97,ACTUAL,193
2019-12-12T20:00:00-00:00,2019-12-12T21:00:00-00:00,0,2019-12-12,13,0,ACTUAL,MWD-TAC,Total Actual Hourly Integrated Load,SYS_FCST_ACT_MW,3.3,96,ACTUAL,193
2019-12-13T00:00:00-00:00,2019-12-13T01:00:00-00:00,0,2019-12-12,17,0,ACTUAL,MWD-TAC,Total Actual Hourly Integrated Load,SYS_FCST_ACT_MW,3.3,88,ACTUAL,193
2019-12-12T10:00:00-00:00,2019-12-12T11:00:00-00:00,0,2019-12-12,3,0,ACTUAL,MWD-TAC,Total Actual Hourly Integrated Load,SYS_FCST_ACT_MW,3.3,98,ACTUAL,193
2019-12-12T13:00:00-00:00,2019-12-12T14:00:00-00:00,0,2019-12-12,6,0,ACTUAL,MWD-TAC,Total Actual Hourly Integrated Load,SYS_FCST_ACT_MW,3.3,99,ACTUAL,193
2019-12-12T12:00:00-00:00,2019-12-12T13:00:00-00:00,0,2019-12-12,5,0,ACTUAL,MWD-TAC,Total Actual Hourly Integrated Load,SYS_FCST_ACT_MW,3.3,97,ACTUAL,193
2019-12-12T16:00:00-00:00,2019-12-12T17:00:00-00:00,0,2019-12-12,9,0,ACTUAL,MWD-TAC,Total Actual Hourly Integrated Load,SYS_FCST_ACT_MW,3.3,91,ACTUAL,193
2019-12-12T17:00:00-00:00,2019-12-12T18:00:00-00:00,0,2019-12-12,10,0,ACTUAL,MWD-TAC,Total Actual Hourly Integrated Load,SYS_FCST_ACT_MW,3.3,91,ACTUAL,193
2019-12-12T19:00:00-00:00,2019-12-12T20:00:00-00:00,0,2019-12-12,12,0,ACTUAL,MWD-TAC,Total Actual Hourly Integrated Load,SYS_FCST_ACT_MW,3.3,93,ACTUAL,193
2019-12-12T18:00:00-00:00,2019-12-12T19:00:00-00:00,0,2019-12-12,11,0,ACTUAL,MWD-TAC,Total Actual Hourly Integrated Load,SYS_FCST_ACT_MW,3.3,91,ACTUAL,193
2019-12-12T23:00:00-00:00,2019-12-13T00:00:00-00:00,0,2019-12-12,16,0,ACTUAL,NEVP,Total Actual Hourly Integrated Load,SYS_FCST_ACT_MW,3.8,3875,ACTUAL,194
2019-12-13T06:00:00-00:00,2019-12-13T07:00:00-00:00,0,2019-12-12,23,0,ACTUAL,NEVP,Total Actual Hourly Integrated Load,SYS_FCST_ACT_MW,3.8,3874,ACTUAL,194
2019-12-13T01:00:00-00:00,2019-12-13T02:00:00-00:00,0,2019-12-12,18,0,ACTUAL,NEVP,Total Actual Hourly Integrated Load,SYS_FCST_ACT_MW,3.8,4320,ACTUAL,194
2019-12-12T08:00:00-00:00,2019-12-12T09:00:00-00:00,0,2019-12-12,1,0,ACTUAL,NEVP,Total Actual Hourly Integrated Load,SYS_FCST_ACT_MW,3.8,3567,ACTUAL,194
2019-12-12T09:00:00-00:00,2019-12-12T10:00:00-00:00,0,2019-12-12,2,0,ACTUAL,NEVP,Total Actual Hourly Integrated Load,SYS_FCST_ACT_MW,3.8,3496,ACTUAL,194
2019-12-12T19:00:00-00:00,2019-12-12T20:00:00-00:00,0,2019-12-12,12,0,ACTUAL,NEVP,Total Actual Hourly Integrated Load,SYS_FCST_ACT_MW,3.8,3764,ACTUAL,194
2019-12-12T21:00:00-00:00,2019-12-12T22:00:00-00:00,0,2019-12-12,14,0,ACTUAL,NEVP,Total Actual Hourly Integrated Load,SYS_FCST_ACT_MW,3.8,3762,ACTUAL,194
2019-12-12T22:00:00-00:00,2019-12-12T23:00:00-00:00,0,2019-12-12,15,0,ACTUAL,NEVP,Total Actual Hourly Integrated Load,SYS_FCST_ACT_MW,3.8,3769,ACTUAL,194
2019-12-12T20:00:00-00:00,2019-12-12T21:00:00-00:00,0,2019-12-12,13,0,ACTUAL,NEVP,Total Actual Hourly Integrated Load,SYS_FCST_ACT_MW,3.8,3751,ACTUAL,194
2019-12-12T15:00:00-00:00,2019-12-12T16:00:00-00:00,0,2019-12-12,8,0,ACTUAL,NEVP,Total Actual Hourly Integrated Load,SYS_FCST_ACT_MW,3.8,3939,ACTUAL,194
2019-12-13T05:00:00-00:00,2019-12-13T06:00:00-00:00,0,2019-12-12,22,0,ACTUAL,NEVP,Total Actual Hourly Integrated Load,SYS_FCST_ACT_MW,3.8,4051,ACTUAL,194
2019-12-12T13:00:00-00:00,2019-12-12T14:00:00-00:00,0,2019-12-12,6,0,ACTUAL,NEVP,Total Actual Hourly Integrated Load,SYS_FCST_ACT_MW,3.8,3726,ACTUAL,194
2019-12-13T00:00:00-00:00,2019-12-13T01:00:00-00:00,0,2019-12-12,17,0,ACTUAL,NEVP,Total Actual Hourly Integrated Load,SYS_FCST_ACT_MW,3.8,4128,ACTUAL,194
2019-12-12T10:00:00-00:00,2019-12-12T11:00:00-00:00,0,2019-12-12,3,0,ACTUAL,NEVP,Total Actual Hourly Integrated Load,SYS_FCST_ACT_MW,3.8,3458,ACTUAL,194
2019-12-12T18:00:00-00:00,2019-12-12T19:00:00-00:00,0,2019-12-12,11,0,ACTUAL,NEVP,Total Actual Hourly Integrated Load,SYS_FCST_ACT_MW,3.8,3763,ACTUAL,194
2019-12-13T02:00:00-00:00,2019-12-13T03:00:00-00:00,0,2019-12-12,19,0,ACTUAL,NEVP,Total Actual Hourly Integrated Load,SYS_FCST_ACT_MW,3.8,4315,ACTUAL,194
2019-12-13T04:00:00-00:00,2019-12-13T05:00:00-00:00,0,2019-12-12,21,0,ACTUAL,NEVP,Total Actual Hourly Integrated Load,SYS_FCST_ACT_MW,3.8,4205,ACTUAL,194
2019-12-12T14:00:00-00:00,2019-12-12T15:00:00-00:00,0,2019-12-12,7,0,ACTUAL,NEVP,Total Actual Hourly Integrated Load,SYS_FCST_ACT_MW,3.8,3940,ACTUAL,194
2019-12-12T11:00:00-00:00,2019-12-12T12:00:00-00:00,0,2019-12-12,4,0,ACTUAL,NEVP,Total Actual Hourly Integrated Load,SYS_FCST_ACT_MW,3.8,3465,ACTUAL,194
2019-12-12T12:00:00-00:00,2019-12-12T13:00:00-00:00,0,2019-12-12,5,0,ACTUAL,NEVP,Total Actual Hourly Integrated Load,SYS_FCST_ACT_MW,3.8,3547,ACTUAL,194
2019-12-12T16:00:00-00:00,2019-12-12T17:00:00-00:00,0,2019-12-12,9,0,ACTUAL,NEVP,Total Actual Hourly Integrated Load,SYS_FCST_ACT_MW,3.8,3888,ACTUAL,194
2019-12-12T17:00:00-00:00,2019-12-12T18:00:00-00:00,0,2019-12-12,10,0,ACTUAL,NEVP,Total Actual Hourly Integrated Load,SYS_FCST_ACT_MW,3.8,3831,ACTUAL,194
2019-12-13T03:00:00-00:00,2019-12-13T04:00:00-00:00,0,2019-12-12,20,0,ACTUAL,NEVP,Total Actual Hourly Integrated Load,SYS_FCST_ACT_MW,3.8,4281,ACTUAL,194
2019-12-13T07:00:00-00:00,2019-12-13T08:00:00-00:00,0,2019-12-12,24,0,ACTUAL,NEVP,Total Actual Hourly Integrated Load,SYS_FCST_ACT_MW,3.8,3697,ACTUAL,194
2019-12-13T02:00:00-00:00,2019-12-13T03:00:00-00:00,0,2019-12-12,19,0,ACTUAL,PACE,Total Actual Hourly Integrated Load,SYS_FCST_ACT_MW,3.8,6066,ACTUAL,195
2019-12-12T08:00:00-00:00,2019-12-12T09:00:00-00:00,0,2019-12-12,1,0,ACTUAL,PACE,Total Actual Hourly Integrated Load,SYS_FCST_ACT_MW,3.8,4947,ACTUAL,195
2019-12-12T14:00:00-00:00,2019-12-12T15:00:00-00:00,0,2019-12-12,7,0,ACTUAL,PACE,Total Actual Hourly Integrated Load,SYS_FCST_ACT_MW,3.8,5872,ACTUAL,195
2019-12-12T18:00:00-00:00,2019-12-12T19:00:00-00:00,0,2019-12-12,11,0,ACTUAL,PACE,Total Actual Hourly Integrated Load,SYS_FCST_ACT_MW,3.8,5864,ACTUAL,195
2019-12-13T03:00:00-00:00,2019-12-13T04:00:00-00:00,0,2019-12-12,20,0,ACTUAL,PACE,Total Actual Hourly Integrated Load,SYS_FCST_ACT_MW,3.8,5961,ACTUAL,195
2019-12-12T09:00:00-00:00,2019-12-12T10:00:00-00:00,0,2019-12-12,2,0,ACTUAL,PACE,Total Actual Hourly Integrated Load,SYS_FCST_ACT_MW,3.8,4927,ACTUAL,195
2019-12-12T15:00:00-00:00,2019-12-12T16:00:00-00:00,0,2019-12-12,8,0,ACTUAL,PACE,Total Actual Hourly Integrated Load,SYS_FCST_ACT_MW,3.8,5897,ACTUAL,195
2019-12-12T20:00:00-00:00,2019-12-12T21:00:00-00:00,0,2019-12-12,13,0,ACTUAL,PACE,Total Actual Hourly Integrated Load,SYS_FCST_ACT_MW,3.8,5838,ACTUAL,195
2019-12-12T10:00:00-00:00,2019-12-12T11:00:00-00:00,0,2019-12-12,3,0,ACTUAL,PACE,Total Actual Hourly Integrated Load,SYS_FCST_ACT_MW,3.8,4922,ACTUAL,195
2019-12-12T19:00:00-00:00,2019-12-12T20:00:00-00:00,0,2019-12-12,12,0,ACTUAL,PACE,Total Actual Hourly Integrated Load,SYS_FCST_ACT_MW,3.8,5848,ACTUAL,195
2019-12-12T21:00:00-00:00,2019-12-12T22:00:00-00:00,0,2019-12-12,14,0,ACTUAL,PACE,Total Actual Hourly Integrated Load,SYS_FCST_ACT_MW,3.8,5790,ACTUAL,195
2019-12-13T00:00:00-00:00,2019-12-13T01:00:00-00:00,0,2019-12-12,17,0,ACTUAL,PACE,Total Actual Hourly Integrated Load,SYS_FCST_ACT_MW,3.8,6161,ACTUAL,195
2019-12-12T11:00:00-00:00,2019-12-12T12:00:00-00:00,0,2019-12-12,4,0,ACTUAL,PACE,Total Actual Hourly Integrated Load,SYS_FCST_ACT_MW,3.8,4996,ACTUAL,195
2019-12-12T12:00:00-00:00,2019-12-12T13:00:00-00:00,0,2019-12-12,5,0,ACTUAL,PACE,Total Actual Hourly Integrated Load,SYS_FCST_ACT_MW,3.8,5211,ACTUAL,195
2019-12-13T04:00:00-00:00,2019-12-13T05:00:00-00:00,0,2019-12-12,21,0,ACTUAL,PACE,Total Actual Hourly Integrated Load,SYS_FCST_ACT_MW,3.8,5763,ACTUAL,195
2019-12-13T06:00:00-00:00,2019-12-13T07:00:00-00:00,0,2019-12-12,23,0,ACTUAL,PACE,Total Actual Hourly Integrated Load,SYS_FCST_ACT_MW,3.8,5156,ACTUAL,195
2019-12-13T05:00:00-00:00,2019-12-13T06:00:00-00:00,0,2019-12-12,22,0,ACTUAL,PACE,Total Actual Hourly Integrated Load,SYS_FCST_ACT_MW,3.8,5472,ACTUAL,195
2019-12-12T16:00:00-00:00,2019-12-12T17:00:00-00:00,0,2019-12-12,9,0,ACTUAL,PACE,Total Actual Hourly Integrated Load,SYS_FCST_ACT_MW,3.8,5886,ACTUAL,195
2019-12-12T22:00:00-00:00,2019-12-12T23:00:00-00:00,0,2019-12-12,15,0,ACTUAL,PACE,Total Actual Hourly Integrated Load,SYS_FCST_ACT_MW,3.8,5818,ACTUAL,195
2019-12-12T13:00:00-00:00,2019-12-12T14:00:00-00:00,0,2019-12-12,6,0,ACTUAL,PACE,Total Actual Hourly Integrated Load,SYS_FCST_ACT_MW,3.8,5585,ACTUAL,195
2019-12-12T17:00:00-00:00,2019-12-12T18:00:00-00:00,0,2019-12-12,10,0,ACTUAL,PACE,Total Actual Hourly Integrated Load,SYS_FCST_ACT_MW,3.8,5878,ACTUAL,195
2019-12-12T23:00:00-00:00,2019-12-13T00:00:00-00:00,0,2019-12-12,16,0,ACTUAL,PACE,Total Actual Hourly Integrated Load,SYS_FCST_ACT_MW,3.8,5964,ACTUAL,195
2019-12-13T07:00:00-00:00,2019-12-13T08:00:00-00:00,0,2019-12-12,24,0,ACTUAL,PACE,Total Actual Hourly Integrated Load,SYS_FCST_ACT_MW,3.8,4953,ACTUAL,195
2019-12-13T01:00:00-00:00,2019-12-13T02:00:00-00:00,0,2019-12-12,18,0,ACTUAL,PACE,Total Actual Hourly Integrated Load,SYS_FCST_ACT_MW,3.8,6136,ACTUAL,195
2019-12-12T09:00:00-00:00,2019-12-12T10:00:00-00:00,0,2019-12-12,2,0,ACTUAL,PACW,Total Actual Hourly Integrated Load,SYS_FCST_ACT_MW,3.8,2126,ACTUAL,196
2019-12-12T23:00:00-00:00,2019-12-13T00:00:00-00:00,0,2019-12-12,16,0,ACTUAL,PACW,Total Actual Hourly Integrated Load,SYS_FCST_ACT_MW,3.8,2750,ACTUAL,196
2019-12-13T03:00:00-00:00,2019-12-13T04:00:00-00:00,0,2019-12-12,20,0,ACTUAL,PACW,Total Actual Hourly Integrated Load,SYS_FCST_ACT_MW,3.8,2888,ACTUAL,196
2019-12-13T07:00:00-00:00,2019-12-13T08:00:00-00:00,0,2019-12-12,24,0,ACTUAL,PACW,Total Actual Hourly Integrated Load,SYS_FCST_ACT_MW,3.8,2265,ACTUAL,196
2019-12-12T17:00:00-00:00,2019-12-12T18:00:00-00:00,0,2019-12-12,10,0,ACTUAL,PACW,Total Actual Hourly Integrated Load,SYS_FCST_ACT_MW,3.8,2898,ACTUAL,196
2019-12-13T02:00:00-00:00,2019-12-13T03:00:00-00:00,0,2019-12-12,19,0,ACTUAL,PACW,Total Actual Hourly Integrated Load,SYS_FCST_ACT_MW,3.8,2935,ACTUAL,196
2019-12-12T12:00:00-00:00,2019-12-12T13:00:00-00:00,0,2019-12-12,5,0,ACTUAL,PACW,Total Actual Hourly Integrated Load,SYS_FCST_ACT_MW,3.8,2206,ACTUAL,196
2019-12-12T19:00:00-00:00,2019-12-12T20:00:00-00:00,0,2019-12-12,12,0,ACTUAL,PACW,Total Actual Hourly Integrated Load,SYS_FCST_ACT_MW,3.8,2822,ACTUAL,196
2019-12-12T15:00:00-00:00,2019-12-12T16:00:00-00:00,0,2019-12-12,8,0,ACTUAL,PACW,Total Actual Hourly Integrated Load,SYS_FCST_ACT_MW,3.8,2961,ACTUAL,196
2019-12-13T05:00:00-00:00,2019-12-13T06:00:00-00:00,0,2019-12-12,22,0,ACTUAL,PACW,Total Actual Hourly Integrated Load,SYS_FCST_ACT_MW,3.8,2636,ACTUAL,196
2019-12-13T06:00:00-00:00,2019-12-13T07:00:00-00:00,0,2019-12-12,23,0,ACTUAL,PACW,Total Actual Hourly Integrated Load,SYS_FCST_ACT_MW,3.8,2439,ACTUAL,196
2019-12-12T13:00:00-00:00,2019-12-12T14:00:00-00:00,0,2019-12-12,6,0,ACTUAL,PACW,Total Actual Hourly Integrated Load,SYS_FCST_ACT_MW,3.8,2452,ACTUAL,196
2019-12-12T18:00:00-00:00,2019-12-12T19:00:00-00:00,0,2019-12-12,11,0,ACTUAL,PACW,Total Actual Hourly Integrated Load,SYS_FCST_ACT_MW,3.8,2864,ACTUAL,196
2019-12-12T21:00:00-00:00,2019-12-12T22:00:00-00:00,0,2019-12-12,14,0,ACTUAL,PACW,Total Actual Hourly Integrated Load,SYS_FCST_ACT_MW,3.8,2786,ACTUAL,196
2019-12-13T04:00:00-00:00,2019-12-13T05:00:00-00:00,0,2019-12-12,21,0,ACTUAL,PACW,Total Actual Hourly Integrated Load,SYS_FCST_ACT_MW,3.8,2792,ACTUAL,196
2019-12-12T10:00:00-00:00,2019-12-12T11:00:00-00:00,0,2019-12-12,3,0,ACTUAL,PACW,Total Actual Hourly Integrated Load,SYS_FCST_ACT_MW,3.8,2090,ACTUAL,196
2019-12-12T16:00:00-00:00,2019-12-12T17:00:00-00:00,0,2019-12-12,9,0,ACTUAL,PACW,Total Actual Hourly Integrated Load,SYS_FCST_ACT_MW,3.8,2918,ACTUAL,196
2019-12-12T20:00:00-00:00,2019-12-12T21:00:00-00:00,0,2019-12-12,13,0,ACTUAL,PACW,Total Actual Hourly Integrated Load,SYS_FCST_ACT_MW,3.8,2805,ACTUAL,196
2019-12-12T22:00:00-00:00,2019-12-12T23:00:00-00:00,0,2019-12-12,15,0,ACTUAL,PACW,Total Actual Hourly Integrated Load,SYS_FCST_ACT_MW,3.8,2747,ACTUAL,196
2019-12-13T00:00:00-00:00,2019-12-13T01:00:00-00:00,0,2019-12-12,17,0,ACTUAL,PACW,Total Actual Hourly Integrated Load,SYS_FCST_ACT_MW,3.8,2864,ACTUAL,196
2019-12-12T14:00:00-00:00,2019-12-12T15:00:00-00:00,0,2019-12-12,7,0,ACTUAL,PACW,Total Actual Hourly Integrated Load,SYS_FCST_ACT_MW,3.8,2781,ACTUAL,196
2019-12-13T01:00:00-00:00,2019-12-13T02:00:00-00:00,0,2019-12-12,18,0,ACTUAL,PACW,Total Actual Hourly Integrated Load,SYS_FCST_ACT_MW,3.8,2961,ACTUAL,196
2019-12-12T08:00:00-00:00,2019-12-12T09:00:00-00:00,0,2019-12-12,1,0,ACTUAL,PACW,Total Actual Hourly Integrated Load,SYS_FCST_ACT_MW,3.8,2177,ACTUAL,196
2019-12-12T11:00:00-00:00,2019-12-12T12:00:00-00:00,0,2019-12-12,4,0,ACTUAL,PACW,Total Actual Hourly Integrated Load,SYS_FCST_ACT_MW,3.8,2106,ACTUAL,196
2019-12-13T06:00:00-00:00,2019-12-13T07:00:00-00:00,0,2019-12-12,23,0,ACTUAL,PGE,Total Actual Hourly Integrated Load,SYS_FCST_ACT_MW,3.8,2425,ACTUAL,197
2019-12-12T18:00:00-00:00,2019-12-12T19:00:00-00:00,0,2019-12-12,11,0,ACTUAL,PGE,Total Actual Hourly Integrated Load,SYS_FCST_ACT_MW,3.8,2813,ACTUAL,197
2019-12-13T05:00:00-00:00,2019-12-13T06:00:00-00:00,0,2019-12-12,22,0,ACTUAL,PGE,Total Actual Hourly Integrated Load,SYS_FCST_ACT_MW,3.8,2647,ACTUAL,197
2019-12-12T10:00:00-00:00,2019-12-12T11:00:00-00:00,0,2019-12-12,3,0,ACTUAL,PGE,Total Actual Hourly Integrated Load,SYS_FCST_ACT_MW,3.8,1959,ACTUAL,197
2019-12-12T14:00:00-00:00,2019-12-12T15:00:00-00:00,0,2019-12-12,7,0,ACTUAL,PGE,Total Actual Hourly Integrated Load,SYS_FCST_ACT_MW,3.8,2621,ACTUAL,197
2019-12-12T09:00:00-00:00,2019-12-12T10:00:00-00:00,0,2019-12-12,2,0,ACTUAL,PGE,Total Actual Hourly Integrated Load,SYS_FCST_ACT_MW,3.8,1995,ACTUAL,197
2019-12-12T08:00:00-00:00,2019-12-12T09:00:00-00:00,0,2019-12-12,1,0,ACTUAL,PGE,Total Actual Hourly Integrated Load,SYS_FCST_ACT_MW,3.8,2072,ACTUAL,197
2019-12-12T12:00:00-00:00,2019-12-12T13:00:00-00:00,0,2019-12-12,5,0,ACTUAL,PGE,Total Actual Hourly Integrated Load,SYS_FCST_ACT_MW,3.8,2074,ACTUAL,197
2019-12-13T03:00:00-00:00,2019-12-13T04:00:00-00:00,0,2019-12-12,20,0,ACTUAL,PGE,Total Actual Hourly Integrated Load,SYS_FCST_ACT_MW,3.8,2891,ACTUAL,197
2019-12-13T02:00:00-00:00,2019-12-13T03:00:00-00:00,0,2019-12-12,19,0,ACTUAL,PGE,Total Actual Hourly Integrated Load,SYS_FCST_ACT_MW,3.8,2964,ACTUAL,197
2019-12-13T04:00:00-00:00,2019-12-13T05:00:00-00:00,0,2019-12-12,21,0,ACTUAL,PGE,Total Actual Hourly Integrated Load,SYS_FCST_ACT_MW,3.8,2802,ACTUAL,197
2019-12-12T23:00:00-00:00,2019-12-13T00:00:00-00:00,0,2019-12-12,16,0,ACTUAL,PGE,Total Actual Hourly Integrated Load,SYS_FCST_ACT_MW,3.8,2711,ACTUAL,197
2019-12-13T01:00:00-00:00,2019-12-13T02:00:00-00:00,0,2019-12-12,18,0,ACTUAL,PGE,Total Actual Hourly Integrated Load,SYS_FCST_ACT_MW,3.8,2980,ACTUAL,197
2019-12-13T00:00:00-00:00,2019-12-13T01:00:00-00:00,0,2019-12-12,17,0,ACTUAL,PGE,Total Actual Hourly Integrated Load,SYS_FCST_ACT_MW,3.8,2836,ACTUAL,197
2019-12-12T16:00:00-00:00,2019-12-12T17:00:00-00:00,0,2019-12-12,9,0,ACTUAL,PGE,Total Actual Hourly Integrated Load,SYS_FCST_ACT_MW,3.8,2809,ACTUAL,197
2019-12-12T11:00:00-00:00,2019-12-12T12:00:00-00:00,0,2019-12-12,4,0,ACTUAL,PGE,Total Actual Hourly Integrated Load,SYS_FCST_ACT_MW,3.8,1980,ACTUAL,197
2019-12-12T15:00:00-00:00,2019-12-12T16:00:00-00:00,0,2019-12-12,8,0,ACTUAL,PGE,Total Actual Hourly Integrated Load,SYS_FCST_ACT_MW,3.8,2811,ACTUAL,197
2019-12-13T07:00:00-00:00,2019-12-13T08:00:00-00:00,0,2019-12-12,24,0,ACTUAL,PGE,Total Actual Hourly Integrated Load,SYS_FCST_ACT_MW,3.8,2219,ACTUAL,197
2019-12-12T22:00:00-00:00,2019-12-12T23:00:00-00:00,0,2019-12-12,15,0,ACTUAL,PGE,Total Actual Hourly Integrated Load,SYS_FCST_ACT_MW,3.8,2696,ACTUAL,197
2019-12-12T20:00:00-00:00,2019-12-12T21:00:00-00:00,0,2019-12-12,13,0,ACTUAL,PGE,Total Actual Hourly Integrated Load,SYS_FCST_ACT_MW,3.8,2781,ACTUAL,197
2019-12-12T21:00:00-00:00,2019-12-12T22:00:00-00:00,0,2019-12-12,14,0,ACTUAL,PGE,Total Actual Hourly Integrated Load,SYS_FCST_ACT_MW,3.8,2745,ACTUAL,197
2019-12-12T19:00:00-00:00,2019-12-12T20:00:00-00:00,0,2019-12-12,12,0,ACTUAL,PGE,Total Actual Hourly Integrated Load,SYS_FCST_ACT_MW,3.8,2793,ACTUAL,197
2019-12-12T17:00:00-00:00,2019-12-12T18:00:00-00:00,0,2019-12-12,10,0,ACTUAL,PGE,Total Actual Hourly Integrated Load,SYS_FCST_ACT_MW,3.8,2813,ACTUAL,197
2019-12-12T13:00:00-00:00,2019-12-12T14:00:00-00:00,0,2019-12-12,6,0,ACTUAL,PGE,Total Actual Hourly Integrated Load,SYS_FCST_ACT_MW,3.8,2306,ACTUAL,197
2019-12-12T13:00:00-00:00,2019-12-12T14:00:00-00:00,0,2019-12-12,6,0,ACTUAL,PGE-TAC,Total Actual Hourly Integrated Load,SYS_FCST_ACT_MW,3.1,10134,ACTUAL,198
2019-12-12T12:00:00-00:00,2019-12-12T13:00:00-00:00,0,2019-12-12,5,0,ACTUAL,PGE-TAC,Total Actual Hourly Integrated Load,SYS_FCST_ACT_MW,3.1,9510,ACTUAL,198
2019-12-12T11:00:00-00:00,2019-12-12T12:00:00-00:00,0,2019-12-12,4,0,ACTUAL,PGE-TAC,Total Actual Hourly Integrated Load,SYS_FCST_ACT_MW,3.1,9259,ACTUAL,198
2019-12-12T10:00:00-00:00,2019-12-12T11:00:00-00:00,0,2019-12-12,3,0,ACTUAL,PGE-TAC,Total Actual Hourly Integrated Load,SYS_FCST_ACT_MW,3.1,9240,ACTUAL,198
2019-12-13T07:00:00-00:00,2019-12-13T08:00:00-00:00,0,2019-12-12,24,0,ACTUAL,PGE-TAC,Total Actual Hourly Integrated Load,SYS_FCST_ACT_MW,3.1,10135,ACTUAL,198
2019-12-13T02:00:00-00:00,2019-12-13T03:00:00-00:00,0,2019-12-12,19,0,ACTUAL,PGE-TAC,Total Actual Hourly Integrated Load,SYS_FCST_ACT_MW,3.1,12921,ACTUAL,198
2019-12-12T23:00:00-00:00,2019-12-13T00:00:00-00:00,0,2019-12-12,16,0,ACTUAL,PGE-TAC,Total Actual Hourly Integrated Load,SYS_FCST_ACT_MW,3.1,11726,ACTUAL,198
2019-12-12T21:00:00-00:00,2019-12-12T22:00:00-00:00,0,2019-12-12,14,0,ACTUAL,PGE-TAC,Total Actual Hourly Integrated Load,SYS_FCST_ACT_MW,3.1,11173,ACTUAL,198
2019-12-12T20:00:00-00:00,2019-12-12T21:00:00-00:00,0,2019-12-12,13,0,ACTUAL,PGE-TAC,Total Actual Hourly Integrated Load,SYS_FCST_ACT_MW,3.1,11025,ACTUAL,198
2019-12-13T00:00:00-00:00,2019-12-13T01:00:00-00:00,0,2019-12-12,17,0,ACTUAL,PGE-TAC,Total Actual Hourly Integrated Load,SYS_FCST_ACT_MW,3.1,12318,ACTUAL,198
2019-12-12T19:00:00-00:00,2019-12-12T20:00:00-00:00,0,2019-12-12,12,0,ACTUAL,PGE-TAC,Total Actual Hourly Integrated Load,SYS_FCST_ACT_MW,3.1,11166,ACTUAL,198
2019-12-12T18:00:00-00:00,2019-12-12T19:00:00-00:00,0,2019-12-12,11,0,ACTUAL,PGE-TAC,Total Actual Hourly Integrated Load,SYS_FCST_ACT_MW,3.1,11432,ACTUAL,198
2019-12-13T04:00:00-00:00,2019-12-13T05:00:00-00:00,0,2019-12-12,21,0,ACTUAL,PGE-TAC,Total Actual Hourly Integrated Load,SYS_FCST_ACT_MW,3.1,12425,ACTUAL,198
2019-12-13T03:00:00-00:00,2019-12-13T04:00:00-00:00,0,2019-12-12,20,0,ACTUAL,PGE-TAC,Total Actual Hourly Integrated Load,SYS_FCST_ACT_MW,3.1,12687,ACTUAL,198
2019-12-13T01:00:00-00:00,2019-12-13T02:00:00-00:00,0,2019-12-12,18,0,ACTUAL,PGE-TAC,Total Actual Hourly Integrated Load,SYS_FCST_ACT_MW,3.1,13079,ACTUAL,198
2019-12-13T05:00:00-00:00,2019-12-13T06:00:00-00:00,0,2019-12-12,22,0,ACTUAL,PGE-TAC,Total Actual Hourly Integrated Load,SYS_FCST_ACT_MW,3.1,11833,ACTUAL,198
2019-12-12T09:00:00-00:00,2019-12-12T10:00:00-00:00,0,2019-12-12,2,0,ACTUAL,PGE-TAC,Total Actual Hourly Integrated Load,SYS_FCST_ACT_MW,3.1,9500,ACTUAL,198
2019-12-12T16:00:00-00:00,2019-12-12T17:00:00-00:00,0,2019-12-12,9,0,ACTUAL,PGE-TAC,Total Actual Hourly Integrated Load,SYS_FCST_ACT_MW,3.1,11932,ACTUAL,198
2019-12-12T15:00:00-00:00,2019-12-12T16:00:00-00:00,0,2019-12-12,8,0,ACTUAL,PGE-TAC,Total Actual Hourly Integrated Load,SYS_FCST_ACT_MW,3.1,12033,ACTUAL,198
2019-12-12T08:00:00-00:00,2019-12-12T09:00:00-00:00,0,2019-12-12,1,0,ACTUAL,PGE-TAC,Total Actual Hourly Integrated Load,SYS_FCST_ACT_MW,3.1,9915,ACTUAL,198
2019-12-12T17:00:00-00:00,2019-12-12T18:00:00-00:00,0,2019-12-12,10,0,ACTUAL,PGE-TAC,Total Actual Hourly Integrated Load,SYS_FCST_ACT_MW,3.1,11678,ACTUAL,198
2019-12-12T14:00:00-00:00,2019-12-12T15:00:00-00:00,0,2019-12-12,7,0,ACTUAL,PGE-TAC,Total Actual Hourly Integrated Load,SYS_FCST_ACT_MW,3.1,11303,ACTUAL,198
2019-12-12T22:00:00-00:00,2019-12-12T23:00:00-00:00,0,2019-12-12,15,0,ACTUAL,PGE-TAC,Total Actual Hourly Integrated Load,SYS_FCST_ACT_MW,3.1,11375,ACTUAL,198
2019-12-13T06:00:00-00:00,2019-12-13T07:00:00-00:00,0,2019-12-12,23,0,ACTUAL,PGE-TAC,Total Actual Hourly Integrated Load,SYS_FCST_ACT_MW,3.1,10935,ACTUAL,198
2019-12-13T02:00:00-00:00,2019-12-13T03:00:00-00:00,0,2019-12-12,19,0,ACTUAL,PSEI,Total Actual Hourly Integrated Load,SYS_FCST_ACT_MW,3.8,3744,ACTUAL,199
2019-12-13T01:00:00-00:00,2019-12-13T02:00:00-00:00,0,2019-12-12,18,0,ACTUAL,PSEI,Total Actual Hourly Integrated Load,SYS_FCST_ACT_MW,3.8,3792,ACTUAL,199
2019-12-12T20:00:00-00:00,2019-12-12T21:00:00-00:00,0,2019-12-12,13,0,ACTUAL,PSEI,Total Actual Hourly Integrated Load,SYS_FCST_ACT_MW,3.8,3370,ACTUAL,199
2019-12-13T04:00:00-00:00,2019-12-13T05:00:00-00:00,0,2019-12-12,21,0,ACTUAL,PSEI,Total Actual Hourly Integrated Load,SYS_FCST_ACT_MW,3.8,3544,ACTUAL,199
2019-12-13T07:00:00-00:00,2019-12-13T08:00:00-00:00,0,2019-12-12,24,0,ACTUAL,PSEI,Total Actual Hourly Integrated Load,SYS_FCST_ACT_MW,3.8,2751,ACTUAL,199
2019-12-12T14:00:00-00:00,2019-12-12T15:00:00-00:00,0,2019-12-12,7,0,ACTUAL,PSEI,Total Actual Hourly Integrated Load,SYS_FCST_ACT_MW,3.8,3250,ACTUAL,199
2019-12-12T21:00:00-00:00,2019-12-12T22:00:00-00:00,0,2019-12-12,14,0,ACTUAL,PSEI,Total Actual Hourly Integrated Load,SYS_FCST_ACT_MW,3.8,3356,ACTUAL,199
2019-12-12T08:00:00-00:00,2019-12-12T09:00:00-00:00,0,2019-12-12,1,0,ACTUAL,PSEI,Total Actual Hourly Integrated Load,SYS_FCST_ACT_MW,3.8,2520,ACTUAL,199
2019-12-12T09:00:00-00:00,2019-12-12T10:00:00-00:00,0,2019-12-12,2,0,ACTUAL,PSEI,Total Actual Hourly Integrated Load,SYS_FCST_ACT_MW,3.8,2421,ACTUAL,199
2019-12-12T15:00:00-00:00,2019-12-12T16:00:00-00:00,0,2019-12-12,8,0,ACTUAL,PSEI,Total Actual Hourly Integrated Load,SYS_FCST_ACT_MW,3.8,3464,ACTUAL,199
2019-12-12T19:00:00-00:00,2019-12-12T20:00:00-00:00,0,2019-12-12,12,0,ACTUAL,PSEI,Total Actual Hourly Integrated Load,SYS_FCST_ACT_MW,3.8,3389,ACTUAL,199
2019-12-12T22:00:00-00:00,2019-12-12T23:00:00-00:00,0,2019-12-12,15,0,ACTUAL,PSEI,Total Actual Hourly Integrated Load,SYS_FCST_ACT_MW,3.8,3387,ACTUAL,199
2019-12-12T23:00:00-00:00,2019-12-13T00:00:00-00:00,0,2019-12-12,16,0,ACTUAL,PSEI,Total Actual Hourly Integrated Load,SYS_FCST_ACT_MW,3.8,3491,ACTUAL,199
2019-12-12T12:00:00-00:00,2019-12-12T13:00:00-00:00,0,2019-12-12,5,0,ACTUAL,PSEI,Total Actual Hourly Integrated Load,SYS_FCST_ACT_MW,3.8,2581,ACTUAL,199
2019-12-13T05:00:00-00:00,2019-12-13T06:00:00-00:00,0,2019-12-12,22,0,ACTUAL,PSEI,Total Actual Hourly Integrated Load,SYS_FCST_ACT_MW,3.8,3325,ACTUAL,199
2019-12-12T10:00:00-00:00,2019-12-12T11:00:00-00:00,0,2019-12-12,3,0,ACTUAL,PSEI,Total Actual Hourly Integrated Load,SYS_FCST_ACT_MW,3.8,2388,ACTUAL,199
2019-12-12T17:00:00-00:00,2019-12-12T18:00:00-00:00,0,2019-12-12,10,0,ACTUAL,PSEI,Total Actual Hourly Integrated Load,SYS_FCST_ACT_MW,3.8,3410,ACTUAL,199
2019-12-13T06:00:00-00:00,2019-12-13T07:00:00-00:00,0,2019-12-12,23,0,ACTUAL,PSEI,Total Actual Hourly Integrated Load,SYS_FCST_ACT_MW,3.8,3021,ACTUAL,199
2019-12-12T11:00:00-00:00,2019-12-12T12:00:00-00:00,0,2019-12-12,4,0,ACTUAL,PSEI,Total Actual Hourly Integrated Load,SYS_FCST_ACT_MW,3.8,2428,ACTUAL,199
2019-12-12T13:00:00-00:00,2019-12-12T14:00:00-00:00,0,2019-12-12,6,0,ACTUAL,PSEI,Total Actual Hourly Integrated Load,SYS_FCST_ACT_MW,3.8,2882,ACTUAL,199
2019-12-12T16:00:00-00:00,2019-12-12T17:00:00-00:00,0,2019-12-12,9,0,ACTUAL,PSEI,Total Actual Hourly Integrated Load,SYS_FCST_ACT_MW,3.8,3446,ACTUAL,199
2019-12-12T18:00:00-00:00,2019-12-12T19:00:00-00:00,0,2019-12-12,11,0,ACTUAL,PSEI,Total Actual Hourly Integrated Load,SYS_FCST_ACT_MW,3.8,3403,ACTUAL,199
2019-12-13T00:00:00-00:00,2019-12-13T01:00:00-00:00,0,2019-12-12,17,0,ACTUAL,PSEI,Total Actual Hourly Integrated Load,SYS_FCST_ACT_MW,3.8,3680,ACTUAL,199
2019-12-13T03:00:00-00:00,2019-12-13T04:00:00-00:00,0,2019-12-12,20,0,ACTUAL,PSEI,Total Actual Hourly Integrated Load,SYS_FCST_ACT_MW,3.8,3658,ACTUAL,199
2019-12-12T15:00:00-00:00,2019-12-12T16:00:00-00:00,0,2019-12-12,8,0,ACTUAL,SCE-TAC,Total Actual Hourly Integrated Load,SYS_FCST_ACT_MW,3.2,11644,ACTUAL,200
2019-12-12T08:00:00-00:00,2019-12-12T09:00:00-00:00,0,2019-12-12,1,0,ACTUAL,SCE-TAC,Total Actual Hourly Integrated Load,SYS_FCST_ACT_MW,3.2,9832,ACTUAL,200
2019-12-12T19:00:00-00:00,2019-12-12T20:00:00-00:00,0,2019-12-12,12,0,ACTUAL,SCE-TAC,Total Actual Hourly Integrated Load,SYS_FCST_ACT_MW,3.2,10400,ACTUAL,200
2019-12-13T07:00:00-00:00,2019-12-13T08:00:00-00:00,0,2019-12-12,24,0,ACTUAL,SCE-TAC,Total Actual Hourly Integrated Load,SYS_FCST_ACT_MW,3.2,10198,ACTUAL,200
2019-12-12T21:00:00-00:00,2019-12-12T22:00:00-00:00,0,2019-12-12,14,0,ACTUAL,SCE-TAC,Total Actual Hourly Integrated Load,SYS_FCST_ACT_MW,3.2,10728,ACTUAL,200
2019-12-13T05:00:00-00:00,2019-12-13T06:00:00-00:00,0,2019-12-12,22,0,ACTUAL,SCE-TAC,Total Actual Hourly Integrated Load,SYS_FCST_ACT_MW,3.2,11798,ACTUAL,200
2019-12-12T10:00:00-00:00,2019-12-12T11:00:00-00:00,0,2019-12-12,3,0,ACTUAL,SCE-TAC,Total Actual Hourly Integrated Load,SYS_FCST_ACT_MW,3.2,9261,ACTUAL,200
2019-12-13T02:00:00-00:00,2019-12-13T03:00:00-00:00,0,2019-12-12,19,0,ACTUAL,SCE-TAC,Total Actual Hourly Integrated Load,SYS_FCST_ACT_MW,3.2,12778,ACTUAL,200
2019-12-13T01:00:00-00:00,2019-12-13T02:00:00-00:00,0,2019-12-12,18,0,ACTUAL,SCE-TAC,Total Actual Hourly Integrated Load,SYS_FCST_ACT_MW,3.2,12805,ACTUAL,200
2019-12-12T23:00:00-00:00,2019-12-13T00:00:00-00:00,0,2019-12-12,16,0,ACTUAL,SCE-TAC,Total Actual Hourly Integrated Load,SYS_FCST_ACT_MW,3.2,11343,ACTUAL,200
2019-12-12T12:00:00-00:00,2019-12-12T13:00:00-00:00,0,2019-12-12,5,0,ACTUAL,SCE-TAC,Total Actual Hourly Integrated Load,SYS_FCST_ACT_MW,3.2,9524,ACTUAL,200
2019-12-13T06:00:00-00:00,2019-12-13T07:00:00-00:00,0,2019-12-12,23,0,ACTUAL,SCE-TAC,Total Actual Hourly Integrated Load,SYS_FCST_ACT_MW,3.2,11033,ACTUAL,200
2019-12-12T22:00:00-00:00,2019-12-12T23:00:00-00:00,0,2019-12-12,15,0,ACTUAL,SCE-TAC,Total Actual Hourly Integrated Load,SYS_FCST_ACT_MW,3.2,10978,ACTUAL,200
2019-12-12T20:00:00-00:00,2019-12-12T21:00:00-00:00,0,2019-12-12,13,0,ACTUAL,SCE-TAC,Total Actual Hourly Integrated Load,SYS_FCST_ACT_MW,3.2,10397,ACTUAL,200
2019-12-12T17:00:00-00:00,2019-12-12T18:00:00-00:00,0,2019-12-12,10,0,ACTUAL,SCE-TAC,Total Actual Hourly Integrated Load,SYS_FCST_ACT_MW,3.2,11211,ACTUAL,200
2019-12-12T14:00:00-00:00,2019-12-12T15:00:00-00:00,0,2019-12-12,7,0,ACTUAL,SCE-TAC,Total Actual Hourly Integrated Load,SYS_FCST_ACT_MW,3.2,11301,ACTUAL,200
2019-12-12T11:00:00-00:00,2019-12-12T12:00:00-00:00,0,2019-12-12,4,0,ACTUAL,SCE-TAC,Total Actual Hourly Integrated Load,SYS_FCST_ACT_MW,3.2,9239,ACTUAL,200
2019-12-13T03:00:00-00:00,2019-12-13T04:00:00-00:00,0,2019-12-12,20,0,ACTUAL,SCE-TAC,Total Actual Hourly Integrated Load,SYS_FCST_ACT_MW,3.2,12599,ACTUAL,200
2019-12-12T13:00:00-00:00,2019-12-12T14:00:00-00:00,0,2019-12-12,6,0,ACTUAL,SCE-TAC,Total Actual Hourly Integrated Load,SYS_FCST_ACT_MW,3.2,10272,ACTUAL,200
2019-12-13T04:00:00-00:00,2019-12-13T05:00:00-00:00,0,2019-12-12,21,0,ACTUAL,SCE-TAC,Total Actual Hourly Integrated Load,SYS_FCST_ACT_MW,3.2,12319,ACTUAL,200
2019-12-13T00:00:00-00:00,2019-12-13T01:00:00-00:00,0,2019-12-12,17,0,ACTUAL,SCE-TAC,Total Actual Hourly Integrated Load,SYS_FCST_ACT_MW,3.2,11915,ACTUAL,200
2019-12-12T18:00:00-00:00,2019-12-12T19:00:00-00:00,0,2019-12-12,11,0,ACTUAL,SCE-TAC,Total Actual Hourly Integrated Load,SYS_FCST_ACT_MW,3.2,10636,ACTUAL,200
2019-12-12T16:00:00-00:00,2019-12-12T17:00:00-00:00,0,2019-12-12,9,0,ACTUAL,SCE-TAC,Total Actual Hourly Integrated Load,SYS_FCST_ACT_MW,3.2,11487,ACTUAL,200
2019-12-12T09:00:00-00:00,2019-12-12T10:00:00-00:00,0,2019-12-12,2,0,ACTUAL,SCE-TAC,Total Actual Hourly Integrated Load,SYS_FCST_ACT_MW,3.2,9458,ACTUAL,200
2019-12-13T07:00:00-00:00,2019-12-13T08:00:00-00:00,0,2019-12-12,24,0,ACTUAL,SCL,Total Actual Hourly Integrated Load,SYS_FCST_ACT_MW,3.8,1031,ACTUAL,201
2019-12-13T05:00:00-00:00,2019-12-13T06:00:00-00:00,0,2019-12-12,22,0,ACTUAL,SCL,Total Actual Hourly Integrated Load,SYS_FCST_ACT_MW,3.8,1224,ACTUAL,201
2019-12-13T06:00:00-00:00,2019-12-13T07:00:00-00:00,0,2019-12-12,23,0,ACTUAL,SCL,Total Actual Hourly Integrated Load,SYS_FCST_ACT_MW,3.8,1129,ACTUAL,201
2019-12-12T19:00:00-00:00,2019-12-12T20:00:00-00:00,0,2019-12-12,12,0,ACTUAL,SCL,Total Actual Hourly Integrated Load,SYS_FCST_ACT_MW,3.8,1311,ACTUAL,201
2019-12-12T23:00:00-00:00,2019-12-13T00:00:00-00:00,0,2019-12-12,16,0,ACTUAL,SCL,Total Actual Hourly Integrated Load,SYS_FCST_ACT_MW,3.8,1323,ACTUAL,201
2019-12-12T17:00:00-00:00,2019-12-12T18:00:00-00:00,0,2019-12-12,10,0,ACTUAL,SCL,Total Actual Hourly Integrated Load,SYS_FCST_ACT_MW,3.8,1321,ACTUAL,201
2019-12-12T15:00:00-00:00,2019-12-12T16:00:00-00:00,0,2019-12-12,8,0,ACTUAL,SCL,Total Actual Hourly Integrated Load,SYS_FCST_ACT_MW,3.8,1342,ACTUAL,201
2019-12-12T08:00:00-00:00,2019-12-12T09:00:00-00:00,0,2019-12-12,1,0,ACTUAL,SCL,Total Actual Hourly Integrated Load,SYS_FCST_ACT_MW,3.8,959,ACTUAL,201
2019-12-12T21:00:00-00:00,2019-12-12T22:00:00-00:00,0,2019-12-12,14,0,ACTUAL,SCL,Total Actual Hourly Integrated Load,SYS_FCST_ACT_MW,3.8,1292,ACTUAL,201
2019-12-12T10:00:00-00:00,2019-12-12T11:00:00-00:00,0,2019-12-12,3,0,ACTUAL,SCL,Total Actual Hourly Integrated Load,SYS_FCST_ACT_MW,3.8,895,ACTUAL,201
2019-12-13T04:00:00-00:00,2019-12-13T05:00:00-00:00,0,2019-12-12,21,0,ACTUAL,SCL,Total Actual Hourly Integrated Load,SYS_FCST_ACT_MW,3.8,1290,ACTUAL,201
2019-12-12T16:00:00-00:00,2019-12-12T17:00:00-00:00,0,2019-12-12,9,0,ACTUAL,SCL,Total Actual Hourly Integrated Load,SYS_FCST_ACT_MW,3.8,1339,ACTUAL,201
2019-12-13T02:00:00-00:00,2019-12-13T03:00:00-00:00,0,2019-12-12,19,0,ACTUAL,SCL,Total Actual Hourly Integrated Load,SYS_FCST_ACT_MW,3.8,1367,ACTUAL,201
2019-12-12T13:00:00-00:00,2019-12-12T14:00:00-00:00,0,2019-12-12,6,0,ACTUAL,SCL,Total Actual Hourly Integrated Load,SYS_FCST_ACT_MW,3.8,1059,ACTUAL,201
2019-12-12T12:00:00-00:00,2019-12-12T13:00:00-00:00,0,2019-12-12,5,0,ACTUAL,SCL,Total Actual Hourly Integrated Load,SYS_FCST_ACT_MW,3.8,945,ACTUAL,201
2019-12-13T01:00:00-00:00,2019-12-13T02:00:00-00:00,0,2019-12-12,18,0,ACTUAL,SCL,Total Actual Hourly Integrated Load,SYS_FCST_ACT_MW,3.8,1401,ACTUAL,201
2019-12-12T11:00:00-00:00,2019-12-12T12:00:00-00:00,0,2019-12-12,4,0,ACTUAL,SCL,Total Actual Hourly Integrated Load,SYS_FCST_ACT_MW,3.8,899,ACTUAL,201
2019-12-12T09:00:00-00:00,2019-12-12T10:00:00-00:00,0,2019-12-12,2,0,ACTUAL,SCL,Total Actual Hourly Integrated Load,SYS_FCST_ACT_MW,3.8,915,ACTUAL,201
2019-12-12T18:00:00-00:00,2019-12-12T19:00:00-00:00,0,2019-12-12,11,0,ACTUAL,SCL,Total Actual Hourly Integrated Load,SYS_FCST_ACT_MW,3.8,1314,ACTUAL,201
2019-12-12T20:00:00-00:00,2019-12-12T21:00:00-00:00,0,2019-12-12,13,0,ACTUAL,SCL,Total Actual Hourly Integrated Load,SYS_FCST_ACT_MW,3.8,1300,ACTUAL,201
2019-12-13T03:00:00-00:00,2019-12-13T04:00:00-00:00,0,2019-12-12,20,0,ACTUAL,SCL,Total Actual Hourly Integrated Load,SYS_FCST_ACT_MW,3.8,1330,ACTUAL,201
2019-12-12T14:00:00-00:00,2019-12-12T15:00:00-00:00,0,2019-12-12,7,0,ACTUAL,SCL,Total Actual Hourly Integrated Load,SYS_FCST_ACT_MW,3.8,1227,ACTUAL,201
2019-12-12T22:00:00-00:00,2019-12-12T23:00:00-00:00,0,2019-12-12,15,0,ACTUAL,SCL,Total Actual Hourly Integrated Load,SYS_FCST_ACT_MW,3.8,1291,ACTUAL,201
2019-12-13T00:00:00-00:00,2019-12-13T01:00:00-00:00,0,2019-12-12,17,0,ACTUAL,SCL,Total Actual Hourly Integrated Load,SYS_FCST_ACT_MW,3.8,1371,ACTUAL,201
2019-12-12T22:00:00-00:00,2019-12-12T23:00:00-00:00,0,2019-12-12,15,0,ACTUAL,SDGE-TAC,Total Actual Hourly Integrated Load,SYS_FCST_ACT_MW,3.4,2135,ACTUAL,202
2019-12-12T23:00:00-00:00,2019-12-13T00:00:00-00:00,0,2019-12-12,16,0,ACTUAL,SDGE-TAC,Total Actual Hourly Integrated Load,SYS_FCST_ACT_MW,3.4,2308,ACTUAL,202
2019-12-13T07:00:00-00:00,2019-12-13T08:00:00-00:00,0,2019-12-12,24,0,ACTUAL,SDGE-TAC,Total Actual Hourly Integrated Load,SYS_FCST_ACT_MW,3.4,2071,ACTUAL,202
2019-12-12T10:00:00-00:00,2019-12-12T11:00:00-00:00,0,2019-12-12,3,0,ACTUAL,SDGE-TAC,Total Actual Hourly Integrated Load,SYS_FCST_ACT_MW,3.4,1853,ACTUAL,202
2019-12-12T11:00:00-00:00,2019-12-12T12:00:00-00:00,0,2019-12-12,4,0,ACTUAL,SDGE-TAC,Total Actual Hourly Integrated Load,SYS_FCST_ACT_MW,3.4,1839,ACTUAL,202
2019-12-12T15:00:00-00:00,2019-12-12T16:00:00-00:00,0,2019-12-12,8,0,ACTUAL,SDGE-TAC,Total Actual Hourly Integrated Load,SYS_FCST_ACT_MW,3.4,2376,ACTUAL,202
2019-12-12T18:00:00-00:00,2019-12-12T19:00:00-00:00,0,2019-12-12,11,0,ACTUAL,SDGE-TAC,Total Actual Hourly Integrated Load,SYS_FCST_ACT_MW,3.4,1983,ACTUAL,202
2019-12-12T20:00:00-00:00,2019-12-12T21:00:00-00:00,0,2019-12-12,13,0,ACTUAL,SDGE-TAC,Total Actual Hourly Integrated Load,SYS_FCST_ACT_MW,3.4,1970,ACTUAL,202
2019-12-12T21:00:00-00:00,2019-12-12T22:00:00-00:00,0,2019-12-12,14,0,ACTUAL,SDGE-TAC,Total Actual Hourly Integrated Load,SYS_FCST_ACT_MW,3.4,2056,ACTUAL,202
2019-12-13T01:00:00-00:00,2019-12-13T02:00:00-00:00,0,2019-12-12,18,0,ACTUAL,SDGE-TAC,Total Actual Hourly Integrated Load,SYS_FCST_ACT_MW,3.4,2802,ACTUAL,202
2019-12-12T09:00:00-00:00,2019-12-12T10:00:00-00:00,0,2019-12-12,2,0,ACTUAL,SDGE-TAC,Total Actual Hourly Integrated Load,SYS_FCST_ACT_MW,3.4,1917,ACTUAL,202
2019-12-12T13:00:00-00:00,2019-12-12T14:00:00-00:00,0,2019-12-12,6,0,ACTUAL,SDGE-TAC,Total Actual Hourly Integrated Load,SYS_FCST_ACT_MW,3.4,2079,ACTUAL,202
2019-12-13T00:00:00-00:00,2019-12-13T01:00:00-00:00,0,2019-12-12,17,0,ACTUAL,SDGE-TAC,Total Actual Hourly Integrated Load,SYS_FCST_ACT_MW,3.4,2552,ACTUAL,202
2019-12-13T02:00:00-00:00,2019-12-13T03:00:00-00:00,0,2019-12-12,19,0,ACTUAL,SDGE-TAC,Total Actual Hourly Integrated Load,SYS_FCST_ACT_MW,3.4,2793,ACTUAL,202
2019-12-13T04:00:00-00:00,2019-12-13T05:00:00-00:00,0,2019-12-12,21,0,ACTUAL,SDGE-TAC,Total Actual Hourly Integrated Load,SYS_FCST_ACT_MW,3.4,2627,ACTUAL,202
2019-12-12T08:00:00-00:00,2019-12-12T09:00:00-00:00,0,2019-12-12,1,0,ACTUAL,SDGE-TAC,Total Actual Hourly Integrated Load,SYS_FCST_ACT_MW,3.4,1996,ACTUAL,202
2019-12-12T14:00:00-00:00,2019-12-12T15:00:00-00:00,0,2019-12-12,7,0,ACTUAL,SDGE-TAC,Total Actual Hourly Integrated Load,SYS_FCST_ACT_MW,3.4,2307,ACTUAL,202
2019-12-12T17:00:00-00:00,2019-12-12T18:00:00-00:00,0,2019-12-12,10,0,ACTUAL,SDGE-TAC,Total Actual Hourly Integrated Load,SYS_FCST_ACT_MW,3.4,2092,ACTUAL,202
2019-12-12T19:00:00-00:00,2019-12-12T20:00:00-00:00,0,2019-12-12,12,0,ACTUAL,SDGE-TAC,Total Actual Hourly Integrated Load,SYS_FCST_ACT_MW,3.4,1934,ACTUAL,202
2019-12-12T16:00:00-00:00,2019-12-12T17:00:00-00:00,0,2019-12-12,9,0,ACTUAL,SDGE-TAC,Total Actual Hourly Integrated Load,SYS_FCST_ACT_MW,3.4,2275,ACTUAL,202
2019-12-13T03:00:00-00:00,2019-12-13T04:00:00-00:00,0,2019-12-12,20,0,ACTUAL,SDGE-TAC,Total Actual Hourly Integrated Load,SYS_FCST_ACT_MW,3.4,2727,ACTUAL,202
2019-12-13T06:00:00-00:00,2019-12-13T07:00:00-00:00,0,2019-12-12,23,0,ACTUAL,SDGE-TAC,Total Actual Hourly Integrated Load,SYS_FCST_ACT_MW,3.4,2245,ACTUAL,202
2019-12-13T05:00:00-00:00,2019-12-13T06:00:00-00:00,0,2019-12-12,22,0,ACTUAL,SDGE-TAC,Total Actual Hourly Integrated Load,SYS_FCST_ACT_MW,3.4,2474,ACTUAL,202
2019-12-12T12:00:00-00:00,2019-12-12T13:00:00-00:00,0,2019-12-12,5,0,ACTUAL,SDGE-TAC,Total Actual Hourly Integrated Load,SYS_FCST_ACT_MW,3.4,1905,ACTUAL,202
2019-12-12T08:00:00-00:00,2019-12-12T09:00:00-00:00,0,2019-12-12,1,0,ACTUAL,SRP,Total Actual Hourly Integrated Load,SYS_FCST_ACT_MW,3.8,2560,ACTUAL,203
2019-12-12T13:00:00-00:00,2019-12-12T14:00:00-00:00,0,2019-12-12,6,0,ACTUAL,SRP,Total Actual Hourly Integrated Load,SYS_FCST_ACT_MW,3.8,3295,ACTUAL,203
2019-12-12T21:00:00-00:00,2019-12-12T22:00:00-00:00,0,2019-12-12,14,0,ACTUAL,SRP,Total Actual Hourly Integrated Load,SYS_FCST_ACT_MW,3.8,2693,ACTUAL,203
2019-12-12T22:00:00-00:00,2019-12-12T23:00:00-00:00,0,2019-12-12,15,0,ACTUAL,SRP,Total Actual Hourly Integrated Load,SYS_FCST_ACT_MW,3.8,2701,ACTUAL,203
2019-12-12T10:00:00-00:00,2019-12-12T11:00:00-00:00,0,2019-12-12,3,0,ACTUAL,SRP,Total Actual Hourly Integrated Load,SYS_FCST_ACT_MW,3.8,2577,ACTUAL,203
2019-12-12T11:00:00-00:00,2019-12-12T12:00:00-00:00,0,2019-12-12,4,0,ACTUAL,SRP,Total Actual Hourly Integrated Load,SYS_FCST_ACT_MW,3.8,2708,ACTUAL,203
2019-12-12T19:00:00-00:00,2019-12-12T20:00:00-00:00,0,2019-12-12,12,0,ACTUAL,SRP,Total Actual Hourly Integrated Load,SYS_FCST_ACT_MW,3.8,2742,ACTUAL,203
2019-12-12T20:00:00-00:00,2019-12-12T21:00:00-00:00,0,2019-12-12,13,0,ACTUAL,SRP,Total Actual Hourly Integrated Load,SYS_FCST_ACT_MW,3.8,2695,ACTUAL,203
2019-12-12T12:00:00-00:00,2019-12-12T13:00:00-00:00,0,2019-12-12,5,0,ACTUAL,SRP,Total Actual Hourly Integrated Load,SYS_FCST_ACT_MW,3.8,2974,ACTUAL,203
2019-12-13T01:00:00-00:00,2019-12-13T02:00:00-00:00,0,2019-12-12,18,0,ACTUAL,SRP,Total Actual Hourly Integrated Load,SYS_FCST_ACT_MW,3.8,3186,ACTUAL,203
2019-12-13T06:00:00-00:00,2019-12-13T07:00:00-00:00,0,2019-12-12,23,0,ACTUAL,SRP,Total Actual Hourly Integrated Load,SYS_FCST_ACT_MW,3.8,2755,ACTUAL,203
2019-12-12T18:00:00-00:00,2019-12-12T19:00:00-00:00,0,2019-12-12,11,0,ACTUAL,SRP,Total Actual Hourly Integrated Load,SYS_FCST_ACT_MW,3.8,2793,ACTUAL,203
2019-12-13T00:00:00-00:00,2019-12-13T01:00:00-00:00,0,2019-12-12,17,0,ACTUAL,SRP,Total Actual Hourly Integrated Load,SYS_FCST_ACT_MW,3.8,2999,ACTUAL,203
2019-12-13T04:00:00-00:00,2019-12-13T05:00:00-00:00,0,2019-12-12,21,0,ACTUAL,SRP,Total Actual Hourly Integrated Load,SYS_FCST_ACT_MW,3.8,3107,ACTUAL,203
2019-12-13T03:00:00-00:00,2019-12-13T04:00:00-00:00,0,2019-12-12,20,0,ACTUAL,SRP,Total Actual Hourly Integrated Load,SYS_FCST_ACT_MW,3.8,3192,ACTUAL,203
2019-12-13T07:00:00-00:00,2019-12-13T08:00:00-00:00,0,2019-12-12,24,0,ACTUAL,SRP,Total Actual Hourly Integrated Load,SYS_FCST_ACT_MW,3.8,2636,ACTUAL,203
2019-12-12T17:00:00-00:00,2019-12-12T18:00:00-00:00,0,2019-12-12,10,0,ACTUAL,SRP,Total Actual Hourly Integrated Load,SYS_FCST_ACT_MW,3.8,2902,ACTUAL,203
2019-12-12T23:00:00-00:00,2019-12-13T00:00:00-00:00,0,2019-12-12,16,0,ACTUAL,SRP,Total Actual Hourly Integrated Load,SYS_FCST_ACT_MW,3.8,2764,ACTUAL,203
2019-12-12T14:00:00-00:00,2019-12-12T15:00:00-00:00,0,2019-12-12,7,0,ACTUAL,SRP,Total Actual Hourly Integrated Load,SYS_FCST_ACT_MW,3.8,3350,ACTUAL,203
2019-12-12T15:00:00-00:00,2019-12-12T16:00:00-00:00,0,2019-12-12,8,0,ACTUAL,SRP,Total Actual Hourly Integrated Load,SYS_FCST_ACT_MW,3.8,3165,ACTUAL,203
2019-12-13T05:00:00-00:00,2019-12-13T06:00:00-00:00,0,2019-12-12,22,0,ACTUAL,SRP,Total Actual Hourly Integrated Load,SYS_FCST_ACT_MW,3.8,2918,ACTUAL,203
2019-12-12T09:00:00-00:00,2019-12-12T10:00:00-00:00,0,2019-12-12,2,0,ACTUAL,SRP,Total Actual Hourly Integrated Load,SYS_FCST_ACT_MW,3.8,2533,ACTUAL,203
2019-12-13T02:00:00-00:00,2019-12-13T03:00:00-00:00,0,2019-12-12,19,0,ACTUAL,SRP,Total Actual Hourly Integrated Load,SYS_FCST_ACT_MW,3.8,3205,ACTUAL,203
2019-12-12T16:00:00-00:00,2019-12-12T17:00:00-00:00,0,2019-12-12,9,0,ACTUAL,SRP,Total Actual Hourly Integrated Load,SYS_FCST_ACT_MW,3.8,3012,ACTUAL,203
2019-12-13T04:00:00-00:00,2019-12-13T05:00:00-00:00,0,2019-12-12,21,0,ACTUAL,VEA-TAC,Total Actual Hourly Integrated Load,SYS_FCST_ACT_MW,3.5,78,ACTUAL,204
2019-12-12T13:00:00-00:00,2019-12-12T14:00:00-00:00,0,2019-12-12,6,0,ACTUAL,VEA-TAC,Total Actual Hourly Integrated Load,SYS_FCST_ACT_MW,3.5,87,ACTUAL,204
2019-12-13T07:00:00-00:00,2019-12-13T08:00:00-00:00,0,2019-12-12,24,0,ACTUAL,VEA-TAC,Total Actual Hourly Integrated Load,SYS_FCST_ACT_MW,3.5,71,ACTUAL,204
2019-12-12T19:00:00-00:00,2019-12-12T20:00:00-00:00,0,2019-12-12,12,0,ACTUAL,VEA-TAC,Total Actual Hourly Integrated Load,SYS_FCST_ACT_MW,3.5,65,ACTUAL,204
2019-12-12T20:00:00-00:00,2019-12-12T21:00:00-00:00,0,2019-12-12,13,0,ACTUAL,VEA-TAC,Total Actual Hourly Integrated Load,SYS_FCST_ACT_MW,3.5,63,ACTUAL,204
2019-12-12T22:00:00-00:00,2019-12-12T23:00:00-00:00,0,2019-12-12,15,0,ACTUAL,VEA-TAC,Total Actual Hourly Integrated Load,SYS_FCST_ACT_MW,3.5,58,ACTUAL,204
2019-12-12T10:00:00-00:00,2019-12-12T11:00:00-00:00,0,2019-12-12,3,0,ACTUAL,VEA-TAC,Total Actual Hourly Integrated Load,SYS_FCST_ACT_MW,3.5,71,ACTUAL,204
2019-12-12T15:00:00-00:00,2019-12-12T16:00:00-00:00,0,2019-12-12,8,0,ACTUAL,VEA-TAC,Total Actual Hourly Integrated Load,SYS_FCST_ACT_MW,3.5,97,ACTUAL,204
2019-12-12T23:00:00-00:00,2019-12-13T00:00:00-00:00,0,2019-12-12,16,0,ACTUAL,VEA-TAC,Total Actual Hourly Integrated Load,SYS_FCST_ACT_MW,3.5,60,ACTUAL,204
2019-12-12T09:00:00-00:00,2019-12-12T10:00:00-00:00,0,2019-12-12,2,0,ACTUAL,VEA-TAC,Total Actual Hourly Integrated Load,SYS_FCST_ACT_MW,3.5,69,ACTUAL,204
2019-12-12T21:00:00-00:00,2019-12-12T22:00:00-00:00,0,2019-12-12,14,0,ACTUAL,VEA-TAC,Total Actual Hourly Integrated Load,SYS_FCST_ACT_MW,3.5,62,ACTUAL,204
2019-12-13T03:00:00-00:00,2019-12-13T04:00:00-00:00,0,2019-12-12,20,0,ACTUAL,VEA-TAC,Total Actual Hourly Integrated Load,SYS_FCST_ACT_MW,3.5,79,ACTUAL,204
2019-12-12T11:00:00-00:00,2019-12-12T12:00:00-00:00,0,2019-12-12,4,0,ACTUAL,VEA-TAC,Total Actual Hourly Integrated Load,SYS_FCST_ACT_MW,3.5,73,ACTUAL,204
2019-12-12T14:00:00-00:00,2019-12-12T15:00:00-00:00,0,2019-12-12,7,0,ACTUAL,VEA-TAC,Total Actual Hourly Integrated Load,SYS_FCST_ACT_MW,3.5,95,ACTUAL,204
2019-12-12T16:00:00-00:00,2019-12-12T17:00:00-00:00,0,2019-12-12,9,0,ACTUAL,VEA-TAC,Total Actual Hourly Integrated Load,SYS_FCST_ACT_MW,3.5,90,ACTUAL,204
2019-12-12T17:00:00-00:00,2019-12-12T18:00:00-00:00,0,2019-12-12,10,0,ACTUAL,VEA-TAC,Total Actual Hourly Integrated Load,SYS_FCST_ACT_MW,3.5,78,ACTUAL,204
2019-12-13T06:00:00-00:00,2019-12-13T07:00:00-00:00,0,2019-12-12,23,0,ACTUAL,VEA-TAC,Total Actual Hourly Integrated Load,SYS_FCST_ACT_MW,3.5,73,ACTUAL,204
2019-12-12T18:00:00-00:00,2019-12-12T19:00:00-00:00,0,2019-12-12,11,0,ACTUAL,VEA-TAC,Total Actual Hourly Integrated Load,SYS_FCST_ACT_MW,3.5,68,ACTUAL,204
2019-12-13T00:00:00-00:00,2019-12-13T01:00:00-00:00,0,2019-12-12,17,0,ACTUAL,VEA-TAC,Total Actual Hourly Integrated Load,SYS_FCST_ACT_MW,3.5,69,ACTUAL,204
2019-12-13T01:00:00-00:00,2019-12-13T02:00:00-00:00,0,2019-12-12,18,0,ACTUAL,VEA-TAC,Total Actual Hourly Integrated Load,SYS_FCST_ACT_MW,3.5,76,ACTUAL,204
2019-12-13T02:00:00-00:00,2019-12-13T03:00:00-00:00,0,2019-12-12,19,0,ACTUAL,VEA-TAC,Total Actual Hourly Integrated Load,SYS_FCST_ACT_MW,3.5,78,ACTUAL,204
2019-12-12T08:00:00-00:00,2019-12-12T09:00:00-00:00,0,2019-12-12,1,0,ACTUAL,VEA-TAC,Total Actual Hourly Integrated Load,SYS_FCST_ACT_MW,3.5,70,ACTUAL,204
2019-12-12T12:00:00-00:00,2019-12-12T13:00:00-00:00,0,2019-12-12,5,0,ACTUAL,VEA-TAC,Total Actual Hourly Integrated Load,SYS_FCST_ACT_MW,3.5,79,ACTUAL,204
2019-12-13T05:00:00-00:00,2019-12-13T06:00:00-00:00,0,2019-12-12,22,0,ACTUAL,VEA-TAC,Total Actual Hourly Integrated Load,SYS_FCST_ACT_MW,3.5,76,ACTUAL,204
2019-12-14T03:00:00-00:00,2019-12-14T04:00:00-00:00,0,2019-12-13,20,0,ACTUAL,AZPS,Total Actual Hourly Integrated Load,SYS_FCST_ACT_MW,3.8,3063,ACTUAL,205
2019-12-13T18:00:00-00:00,2019-12-13T19:00:00-00:00,0,2019-12-13,11,0,ACTUAL,AZPS,Total Actual Hourly Integrated Load,SYS_FCST_ACT_MW,3.8,2482,ACTUAL,205
2019-12-13T19:00:00-00:00,2019-12-13T20:00:00-00:00,0,2019-12-13,12,0,ACTUAL,AZPS,Total Actual Hourly Integrated Load,SYS_FCST_ACT_MW,3.8,2382,ACTUAL,205
2019-12-13T21:00:00-00:00,2019-12-13T22:00:00-00:00,0,2019-12-13,14,0,ACTUAL,AZPS,Total Actual Hourly Integrated Load,SYS_FCST_ACT_MW,3.8,2389,ACTUAL,205
2019-12-14T01:00:00-00:00,2019-12-14T02:00:00-00:00,0,2019-12-13,18,0,ACTUAL,AZPS,Total Actual Hourly Integrated Load,SYS_FCST_ACT_MW,3.8,3129,ACTUAL,205
2019-12-13T22:00:00-00:00,2019-12-13T23:00:00-00:00,0,2019-12-13,15,0,ACTUAL,AZPS,Total Actual Hourly Integrated Load,SYS_FCST_ACT_MW,3.8,2516,ACTUAL,205
2019-12-13T23:00:00-00:00,2019-12-14T00:00:00-00:00,0,2019-12-13,16,0,ACTUAL,AZPS,Total Actual Hourly Integrated Load,SYS_FCST_ACT_MW,3.8,2714,ACTUAL,205
2019-12-14T00:00:00-00:00,2019-12-14T01:00:00-00:00,0,2019-12-13,17,0,ACTUAL,AZPS,Total Actual Hourly Integrated Load,SYS_FCST_ACT_MW,3.8,3017,ACTUAL,205
2019-12-14T02:00:00-00:00,2019-12-14T03:00:00-00:00,0,2019-12-13,19,0,ACTUAL,AZPS,Total Actual Hourly Integrated Load,SYS_FCST_ACT_MW,3.8,3085,ACTUAL,205
2019-12-13T17:00:00-00:00,2019-12-13T18:00:00-00:00,0,2019-12-13,10,0,ACTUAL,AZPS,Total Actual Hourly Integrated Load,SYS_FCST_ACT_MW,3.8,2648,ACTUAL,205
2019-12-13T20:00:00-00:00,2019-12-13T21:00:00-00:00,0,2019-12-13,13,0,ACTUAL,AZPS,Total Actual Hourly Integrated Load,SYS_FCST_ACT_MW,3.8,2349,ACTUAL,205
2019-12-14T06:00:00-00:00,2019-12-14T07:00:00-00:00,0,2019-12-13,23,0,ACTUAL,AZPS,Total Actual Hourly Integrated Load,SYS_FCST_ACT_MW,3.8,2716,ACTUAL,205
2019-12-13T08:00:00-00:00,2019-12-13T09:00:00-00:00,0,2019-12-13,1,0,ACTUAL,AZPS,Total Actual Hourly Integrated Load,SYS_FCST_ACT_MW,3.8,2602,ACTUAL,205
2019-12-13T12:00:00-00:00,2019-12-13T13:00:00-00:00,0,2019-12-13,5,0,ACTUAL,AZPS,Total Actual Hourly Integrated Load,SYS_FCST_ACT_MW,3.8,3010,ACTUAL,205
2019-12-13T11:00:00-00:00,2019-12-13T12:00:00-00:00,0,2019-12-13,4,0,ACTUAL,AZPS,Total Actual Hourly Integrated Load,SYS_FCST_ACT_MW,3.8,2744,ACTUAL,205
2019-12-13T13:00:00-00:00,2019-12-13T14:00:00-00:00,0,2019-12-13,6,0,ACTUAL,AZPS,Total Actual Hourly Integrated Load,SYS_FCST_ACT_MW,3.8,3340,ACTUAL,205
2019-12-13T15:00:00-00:00,2019-12-13T16:00:00-00:00,0,2019-12-13,8,0,ACTUAL,AZPS,Total Actual Hourly Integrated Load,SYS_FCST_ACT_MW,3.8,3204,ACTUAL,205
2019-12-14T05:00:00-00:00,2019-12-14T06:00:00-00:00,0,2019-12-13,22,0,ACTUAL,AZPS,Total Actual Hourly Integrated Load,SYS_FCST_ACT_MW,3.8,2879,ACTUAL,205
2019-12-13T10:00:00-00:00,2019-12-13T11:00:00-00:00,0,2019-12-13,3,0,ACTUAL,AZPS,Total Actual Hourly Integrated Load,SYS_FCST_ACT_MW,3.8,2620,ACTUAL,205
2019-12-13T16:00:00-00:00,2019-12-13T17:00:00-00:00,0,2019-12-13,9,0,ACTUAL,AZPS,Total Actual Hourly Integrated Load,SYS_FCST_ACT_MW,3.8,2886,ACTUAL,205
2019-12-13T09:00:00-00:00,2019-12-13T10:00:00-00:00,0,2019-12-13,2,0,ACTUAL,AZPS,Total Actual Hourly Integrated Load,SYS_FCST_ACT_MW,3.8,2590,ACTUAL,205
2019-12-14T04:00:00-00:00,2019-12-14T05:00:00-00:00,0,2019-12-13,21,0,ACTUAL,AZPS,Total Actual Hourly Integrated Load,SYS_FCST_ACT_MW,3.8,3008,ACTUAL,205
2019-12-14T07:00:00-00:00,2019-12-14T08:00:00-00:00,0,2019-12-13,24,0,ACTUAL,AZPS,Total Actual Hourly Integrated Load,SYS_FCST_ACT_MW,3.8,2609,ACTUAL,205
2019-12-13T14:00:00-00:00,2019-12-13T15:00:00-00:00,0,2019-12-13,7,0,ACTUAL,AZPS,Total Actual Hourly Integrated Load,SYS_FCST_ACT_MW,3.8,3430,ACTUAL,205
2019-12-13T08:00:00-00:00,2019-12-13T09:00:00-00:00,0,2019-12-13,1,0,ACTUAL,BANCSMUD,Total Actual Hourly Integrated Load,SYS_FCST_ACT_MW,3.8,940,ACTUAL,206
2019-12-13T09:00:00-00:00,2019-12-13T10:00:00-00:00,0,2019-12-13,2,0,ACTUAL,BANCSMUD,Total Actual Hourly Integrated Load,SYS_FCST_ACT_MW,3.8,896,ACTUAL,206
2019-12-14T05:00:00-00:00,2019-12-14T06:00:00-00:00,0,2019-12-13,22,0,ACTUAL,BANCSMUD,Total Actual Hourly Integrated Load,SYS_FCST_ACT_MW,3.8,1195,ACTUAL,206
2019-12-14T06:00:00-00:00,2019-12-14T07:00:00-00:00,0,2019-12-13,23,0,ACTUAL,BANCSMUD,Total Actual Hourly Integrated Load,SYS_FCST_ACT_MW,3.8,1122,ACTUAL,206
2019-12-14T04:00:00-00:00,2019-12-14T05:00:00-00:00,0,2019-12-13,21,0,ACTUAL,BANCSMUD,Total Actual Hourly Integrated Load,SYS_FCST_ACT_MW,3.8,1245,ACTUAL,206
2019-12-13T13:00:00-00:00,2019-12-13T14:00:00-00:00,0,2019-12-13,6,0,ACTUAL,BANCSMUD,Total Actual Hourly Integrated Load,SYS_FCST_ACT_MW,3.8,992,ACTUAL,206
2019-12-13T10:00:00-00:00,2019-12-13T11:00:00-00:00,0,2019-12-13,3,0,ACTUAL,BANCSMUD,Total Actual Hourly Integrated Load,SYS_FCST_ACT_MW,3.8,873,ACTUAL,206
2019-12-14T03:00:00-00:00,2019-12-14T04:00:00-00:00,0,2019-12-13,20,0,ACTUAL,BANCSMUD,Total Actual Hourly Integrated Load,SYS_FCST_ACT_MW,3.8,1275,ACTUAL,206
2019-12-14T01:00:00-00:00,2019-12-14T02:00:00-00:00,0,2019-12-13,18,0,ACTUAL,BANCSMUD,Total Actual Hourly Integrated Load,SYS_FCST_ACT_MW,3.8,1343,ACTUAL,206
2019-12-13T23:00:00-00:00,2019-12-14T00:00:00-00:00,0,2019-12-13,16,0,ACTUAL,BANCSMUD,Total Actual Hourly Integrated Load,SYS_FCST_ACT_MW,3.8,1235,ACTUAL,206
2019-12-13T11:00:00-00:00,2019-12-13T12:00:00-00:00,0,2019-12-13,4,0,ACTUAL,BANCSMUD,Total Actual Hourly Integrated Load,SYS_FCST_ACT_MW,3.8,874,ACTUAL,206
2019-12-14T02:00:00-00:00,2019-12-14T03:00:00-00:00,0,2019-12-13,19,0,ACTUAL,BANCSMUD,Total Actual Hourly Integrated Load,SYS_FCST_ACT_MW,3.8,1314,ACTUAL,206
2019-12-13T22:00:00-00:00,2019-12-13T23:00:00-00:00,0,2019-12-13,15,0,ACTUAL,BANCSMUD,Total Actual Hourly Integrated Load,SYS_FCST_ACT_MW,3.8,1224,ACTUAL,206
2019-12-13T17:00:00-00:00,2019-12-13T18:00:00-00:00,0,2019-12-13,10,0,ACTUAL,BANCSMUD,Total Actual Hourly Integrated Load,SYS_FCST_ACT_MW,3.8,1243,ACTUAL,206
2019-12-13T14:00:00-00:00,2019-12-13T15:00:00-00:00,0,2019-12-13,7,0,ACTUAL,BANCSMUD,Total Actual Hourly Integrated Load,SYS_FCST_ACT_MW,3.8,1124,ACTUAL,206
2019-12-14T07:00:00-00:00,2019-12-14T08:00:00-00:00,0,2019-12-13,24,0,ACTUAL,BANCSMUD,Total Actual Hourly Integrated Load,SYS_FCST_ACT_MW,3.8,1034,ACTUAL,206
2019-12-13T21:00:00-00:00,2019-12-13T22:00:00-00:00,0,2019-12-13,14,0,ACTUAL,BANCSMUD,Total Actual Hourly Integrated Load,SYS_FCST_ACT_MW,3.8,1236,ACTUAL,206
2019-12-13T15:00:00-00:00,2019-12-13T16:00:00-00:00,0,2019-12-13,8,0,ACTUAL,BANCSMUD,Total Actual Hourly Integrated Load,SYS_FCST_ACT_MW,3.8,1206,ACTUAL,206
2019-12-14T00:00:00-00:00,2019-12-14T01:00:00-00:00,0,2019-12-13,17,0,ACTUAL,BANCSMUD,Total Actual Hourly Integrated Load,SYS_FCST_ACT_MW,3.8,1289,ACTUAL,206
2019-12-13T20:00:00-00:00,2019-12-13T21:00:00-00:00,0,2019-12-13,13,0,ACTUAL,BANCSMUD,Total Actual Hourly Integrated Load,SYS_FCST_ACT_MW,3.8,1255,ACTUAL,206
2019-12-13T16:00:00-00:00,2019-12-13T17:00:00-00:00,0,2019-12-13,9,0,ACTUAL,BANCSMUD,Total Actual Hourly Integrated Load,SYS_FCST_ACT_MW,3.8,1222,ACTUAL,206
2019-12-13T19:00:00-00:00,2019-12-13T20:00:00-00:00,0,2019-12-13,12,0,ACTUAL,BANCSMUD,Total Actual Hourly Integrated Load,SYS_FCST_ACT_MW,3.8,1262,ACTUAL,206
2019-12-13T18:00:00-00:00,2019-12-13T19:00:00-00:00,0,2019-12-13,11,0,ACTUAL,BANCSMUD,Total Actual Hourly Integrated Load,SYS_FCST_ACT_MW,3.8,1262,ACTUAL,206
2019-12-13T12:00:00-00:00,2019-12-13T13:00:00-00:00,0,2019-12-13,5,0,ACTUAL,BANCSMUD,Total Actual Hourly Integrated Load,SYS_FCST_ACT_MW,3.8,908,ACTUAL,206
2019-12-13T10:00:00-00:00,2019-12-13T11:00:00-00:00,0,2019-12-13,3,0,ACTUAL,BCHA,Total Actual Hourly Integrated Load,SYS_FCST_ACT_MW,3.8,6844,ACTUAL,207
2019-12-13T08:00:00-00:00,2019-12-13T09:00:00-00:00,0,2019-12-13,1,0,ACTUAL,BCHA,Total Actual Hourly Integrated Load,SYS_FCST_ACT_MW,3.8,7209,ACTUAL,207
2019-12-14T03:00:00-00:00,2019-12-14T04:00:00-00:00,0,2019-12-13,20,0,ACTUAL,BCHA,Total Actual Hourly Integrated Load,SYS_FCST_ACT_MW,3.8,8948,ACTUAL,207
2019-12-14T02:00:00-00:00,2019-12-14T03:00:00-00:00,0,2019-12-13,19,0,ACTUAL,BCHA,Total Actual Hourly Integrated Load,SYS_FCST_ACT_MW,3.8,9171,ACTUAL,207
2019-12-13T20:00:00-00:00,2019-12-13T21:00:00-00:00,0,2019-12-13,13,0,ACTUAL,BCHA,Total Actual Hourly Integrated Load,SYS_FCST_ACT_MW,3.8,8596,ACTUAL,207
2019-12-13T14:00:00-00:00,2019-12-13T15:00:00-00:00,0,2019-12-13,7,0,ACTUAL,BCHA,Total Actual Hourly Integrated Load,SYS_FCST_ACT_MW,3.8,8043,ACTUAL,207
2019-12-13T11:00:00-00:00,2019-12-13T12:00:00-00:00,0,2019-12-13,4,0,ACTUAL,BCHA,Total Actual Hourly Integrated Load,SYS_FCST_ACT_MW,3.8,6829,ACTUAL,207
2019-12-14T07:00:00-00:00,2019-12-14T08:00:00-00:00,0,2019-12-13,24,0,ACTUAL,BCHA,Total Actual Hourly Integrated Load,SYS_FCST_ACT_MW,3.8,7464,ACTUAL,207
2019-12-14T04:00:00-00:00,2019-12-14T05:00:00-00:00,0,2019-12-13,21,0,ACTUAL,BCHA,Total Actual Hourly Integrated Load,SYS_FCST_ACT_MW,3.8,8709,ACTUAL,207
2019-12-14T00:00:00-00:00,2019-12-14T01:00:00-00:00,0,2019-12-13,17,0,ACTUAL,BCHA,Total Actual Hourly Integrated Load,SYS_FCST_ACT_MW,3.8,9196,ACTUAL,207
2019-12-13T22:00:00-00:00,2019-12-13T23:00:00-00:00,0,2019-12-13,15,0,ACTUAL,BCHA,Total Actual Hourly Integrated Load,SYS_FCST_ACT_MW,3.8,8583,ACTUAL,207
2019-12-13T15:00:00-00:00,2019-12-13T16:00:00-00:00,0,2019-12-13,8,0,ACTUAL,BCHA,Total Actual Hourly Integrated Load,SYS_FCST_ACT_MW,3.8,8773,ACTUAL,207
2019-12-13T19:00:00-00:00,2019-12-13T20:00:00-00:00,0,2019-12-13,12,0,ACTUAL,BCHA,Total Actual Hourly Integrated Load,SYS_FCST_ACT_MW,3.8,8684,ACTUAL,207
2019-12-13T18:00:00-00:00,2019-12-13T19:00:00-00:00,0,2019-12-13,11,0,ACTUAL,BCHA,Total Actual Hourly Integrated Load,SYS_FCST_ACT_MW,3.8,8765,ACTUAL,207
2019-12-14T05:00:00-00:00,2019-12-14T06:00:00-00:00,0,2019-12-13,22,0,ACTUAL,BCHA,Total Actual Hourly Integrated Load,SYS_FCST_ACT_MW,3.8,8355,ACTUAL,207
2019-12-13T16:00:00-00:00,2019-12-13T17:00:00-00:00,0,2019-12-13,9,0,ACTUAL,BCHA,Total Actual Hourly Integrated Load,SYS_FCST_ACT_MW,3.8,8903,ACTUAL,207
2019-12-14T01:00:00-00:00,2019-12-14T02:00:00-00:00,0,2019-12-13,18,0,ACTUAL,BCHA,Total Actual Hourly Integrated Load,SYS_FCST_ACT_MW,3.8,9365,ACTUAL,207
2019-12-13T23:00:00-00:00,2019-12-14T00:00:00-00:00,0,2019-12-13,16,0,ACTUAL,BCHA,Total Actual Hourly Integrated Load,SYS_FCST_ACT_MW,3.8,8718,ACTUAL,207
2019-12-14T06:00:00-00:00,2019-12-14T07:00:00-00:00,0,2019-12-13,23,0,ACTUAL,BCHA,Total Actual Hourly Integrated Load,SYS_FCST_ACT_MW,3.8,7913,ACTUAL,207
2019-12-13T13:00:00-00:00,2019-12-13T14:00:00-00:00,0,2019-12-13,6,0,ACTUAL,BCHA,Total Actual Hourly Integrated Load,SYS_FCST_ACT_MW,3.8,7349,ACTUAL,207
2019-12-13T12:00:00-00:00,2019-12-13T13:00:00-00:00,0,2019-12-13,5,0,ACTUAL,BCHA,Total Actual Hourly Integrated Load,SYS_FCST_ACT_MW,3.8,6985,ACTUAL,207
2019-12-13T17:00:00-00:00,2019-12-13T18:00:00-00:00,0,2019-12-13,10,0,ACTUAL,BCHA,Total Actual Hourly Integrated Load,SYS_FCST_ACT_MW,3.8,8854,ACTUAL,207
2019-12-13T21:00:00-00:00,2019-12-13T22:00:00-00:00,0,2019-12-13,14,0,ACTUAL,BCHA,Total Actual Hourly Integrated Load,SYS_FCST_ACT_MW,3.8,8551,ACTUAL,207
2019-12-13T09:00:00-00:00,2019-12-13T10:00:00-00:00,0,2019-12-13,2,0,ACTUAL,BCHA,Total Actual Hourly Integrated Load,SYS_FCST_ACT_MW,3.8,6956,ACTUAL,207
2019-12-13T15:00:00-00:00,2019-12-13T16:00:00-00:00,0,2019-12-13,8,0,ACTUAL,CA ISO-TAC,Total Actual Hourly Integrated Load,SYS_FCST_ACT_MW,3,25497,ACTUAL,208
2019-12-14T01:00:00-00:00,2019-12-14T02:00:00-00:00,0,2019-12-13,18,0,ACTUAL,CA ISO-TAC,Total Actual Hourly Integrated Load,SYS_FCST_ACT_MW,3,28653,ACTUAL,208
2019-12-13T18:00:00-00:00,2019-12-13T19:00:00-00:00,0,2019-12-13,11,0,ACTUAL,CA ISO-TAC,Total Actual Hourly Integrated Load,SYS_FCST_ACT_MW,3,24612,ACTUAL,208
2019-12-13T21:00:00-00:00,2019-12-13T22:00:00-00:00,0,2019-12-13,14,0,ACTUAL,CA ISO-TAC,Total Actual Hourly Integrated Load,SYS_FCST_ACT_MW,3,24668,ACTUAL,208
2019-12-14T00:00:00-00:00,2019-12-14T01:00:00-00:00,0,2019-12-13,17,0,ACTUAL,CA ISO-TAC,Total Actual Hourly Integrated Load,SYS_FCST_ACT_MW,3,26883,ACTUAL,208
2019-12-14T03:00:00-00:00,2019-12-14T04:00:00-00:00,0,2019-12-13,20,0,ACTUAL,CA ISO-TAC,Total Actual Hourly Integrated Load,SYS_FCST_ACT_MW,3,27709,ACTUAL,208
2019-12-13T08:00:00-00:00,2019-12-13T09:00:00-00:00,0,2019-12-13,1,0,ACTUAL,CA ISO-TAC,Total Actual Hourly Integrated Load,SYS_FCST_ACT_MW,3,21515,ACTUAL,208
2019-12-13T20:00:00-00:00,2019-12-13T21:00:00-00:00,0,2019-12-13,13,0,ACTUAL,CA ISO-TAC,Total Actual Hourly Integrated Load,SYS_FCST_ACT_MW,3,24534,ACTUAL,208
2019-12-14T06:00:00-00:00,2019-12-14T07:00:00-00:00,0,2019-12-13,23,0,ACTUAL,CA ISO-TAC,Total Actual Hourly Integrated Load,SYS_FCST_ACT_MW,3,24351,ACTUAL,208
2019-12-13T12:00:00-00:00,2019-12-13T13:00:00-00:00,0,2019-12-13,5,0,ACTUAL,CA ISO-TAC,Total Actual Hourly Integrated Load,SYS_FCST_ACT_MW,3,20658,ACTUAL,208
2019-12-13T14:00:00-00:00,2019-12-13T15:00:00-00:00,0,2019-12-13,7,0,ACTUAL,CA ISO-TAC,Total Actual Hourly Integrated Load,SYS_FCST_ACT_MW,3,24490,ACTUAL,208
2019-12-14T02:00:00-00:00,2019-12-14T03:00:00-00:00,0,2019-12-13,19,0,ACTUAL,CA ISO-TAC,Total Actual Hourly Integrated Load,SYS_FCST_ACT_MW,3,28335,ACTUAL,208
2019-12-14T05:00:00-00:00,2019-12-14T06:00:00-00:00,0,2019-12-13,22,0,ACTUAL,CA ISO-TAC,Total Actual Hourly Integrated Load,SYS_FCST_ACT_MW,3,25957,ACTUAL,208
2019-12-13T10:00:00-00:00,2019-12-13T11:00:00-00:00,0,2019-12-13,3,0,ACTUAL,CA ISO-TAC,Total Actual Hourly Integrated Load,SYS_FCST_ACT_MW,3,20183,ACTUAL,208
2019-12-13T13:00:00-00:00,2019-12-13T14:00:00-00:00,0,2019-12-13,6,0,ACTUAL,CA ISO-TAC,Total Actual Hourly Integrated Load,SYS_FCST_ACT_MW,3,22125,ACTUAL,208
2019-12-13T22:00:00-00:00,2019-12-13T23:00:00-00:00,0,2019-12-13,15,0,ACTUAL,CA ISO-TAC,Total Actual Hourly Integrated Load,SYS_FCST_ACT_MW,3,25025,ACTUAL,208
2019-12-13T23:00:00-00:00,2019-12-14T00:00:00-00:00,0,2019-12-13,16,0,ACTUAL,CA ISO-TAC,Total Actual Hourly Integrated Load,SYS_FCST_ACT_MW,3,25497,ACTUAL,208
2019-12-14T07:00:00-00:00,2019-12-14T08:00:00-00:00,0,2019-12-13,24,0,ACTUAL,CA ISO-TAC,Total Actual Hourly Integrated Load,SYS_FCST_ACT_MW,3,22690,ACTUAL,208
2019-12-13T09:00:00-00:00,2019-12-13T10:00:00-00:00,0,2019-12-13,2,0,ACTUAL,CA ISO-TAC,Total Actual Hourly Integrated Load,SYS_FCST_ACT_MW,3,20716,ACTUAL,208
2019-12-13T11:00:00-00:00,2019-12-13T12:00:00-00:00,0,2019-12-13,4,0,ACTUAL,CA ISO-TAC,Total Actual Hourly Integrated Load,SYS_FCST_ACT_MW,3,20116,ACTUAL,208
2019-12-13T19:00:00-00:00,2019-12-13T20:00:00-00:00,0,2019-12-13,12,0,ACTUAL,CA ISO-TAC,Total Actual Hourly Integrated Load,SYS_FCST_ACT_MW,3,24487,ACTUAL,208
2019-12-14T04:00:00-00:00,2019-12-14T05:00:00-00:00,0,2019-12-13,21,0,ACTUAL,CA ISO-TAC,Total Actual Hourly Integrated Load,SYS_FCST_ACT_MW,3,27008,ACTUAL,208
2019-12-13T17:00:00-00:00,2019-12-13T18:00:00-00:00,0,2019-12-13,10,0,ACTUAL,CA ISO-TAC,Total Actual Hourly Integrated Load,SYS_FCST_ACT_MW,3,24882,ACTUAL,208
2019-12-13T16:00:00-00:00,2019-12-13T17:00:00-00:00,0,2019-12-13,9,0,ACTUAL,CA ISO-TAC,Total Actual Hourly Integrated Load,SYS_FCST_ACT_MW,3,25161,ACTUAL,208
2019-12-14T07:00:00-00:00,2019-12-14T08:00:00-00:00,0,2019-12-13,24,0,ACTUAL,IPCO,Total Actual Hourly Integrated Load,SYS_FCST_ACT_MW,3.8,1716,ACTUAL,209
2019-12-13T11:00:00-00:00,2019-12-13T12:00:00-00:00,0,2019-12-13,4,0,ACTUAL,IPCO,Total Actual Hourly Integrated Load,SYS_FCST_ACT_MW,3.8,1666,ACTUAL,209
2019-12-13T23:00:00-00:00,2019-12-14T00:00:00-00:00,0,2019-12-13,16,0,ACTUAL,IPCO,Total Actual Hourly Integrated Load,SYS_FCST_ACT_MW,3.8,2070,ACTUAL,209
2019-12-14T01:00:00-00:00,2019-12-14T02:00:00-00:00,0,2019-12-13,18,0,ACTUAL,IPCO,Total Actual Hourly Integrated Load,SYS_FCST_ACT_MW,3.8,2146,ACTUAL,209
2019-12-14T03:00:00-00:00,2019-12-14T04:00:00-00:00,0,2019-12-13,20,0,ACTUAL,IPCO,Total Actual Hourly Integrated Load,SYS_FCST_ACT_MW,3.8,2061,ACTUAL,209
2019-12-13T17:00:00-00:00,2019-12-13T18:00:00-00:00,0,2019-12-13,10,0,ACTUAL,IPCO,Total Actual Hourly Integrated Load,SYS_FCST_ACT_MW,3.8,2054,ACTUAL,209
2019-12-13T18:00:00-00:00,2019-12-13T19:00:00-00:00,0,2019-12-13,11,0,ACTUAL,IPCO,Total Actual Hourly Integrated Load,SYS_FCST_ACT_MW,3.8,2034,ACTUAL,209
2019-12-13T20:00:00-00:00,2019-12-13T21:00:00-00:00,0,2019-12-13,13,0,ACTUAL,IPCO,Total Actual Hourly Integrated Load,SYS_FCST_ACT_MW,3.8,1997,ACTUAL,209
2019-12-13T22:00:00-00:00,2019-12-13T23:00:00-00:00,0,2019-12-13,15,0,ACTUAL,IPCO,Total Actual Hourly Integrated Load,SYS_FCST_ACT_MW,3.8,2006,ACTUAL,209
2019-12-13T19:00:00-00:00,2019-12-13T20:00:00-00:00,0,2019-12-13,12,0,ACTUAL,IPCO,Total Actual Hourly Integrated Load,SYS_FCST_ACT_MW,3.8,2017,ACTUAL,209
2019-12-14T04:00:00-00:00,2019-12-14T05:00:00-00:00,0,2019-12-13,21,0,ACTUAL,IPCO,Total Actual Hourly Integrated Load,SYS_FCST_ACT_MW,3.8,1987,ACTUAL,209
2019-12-14T05:00:00-00:00,2019-12-14T06:00:00-00:00,0,2019-12-13,22,0,ACTUAL,IPCO,Total Actual Hourly Integrated Load,SYS_FCST_ACT_MW,3.8,1891,ACTUAL,209
2019-12-13T09:00:00-00:00,2019-12-13T10:00:00-00:00,0,2019-12-13,2,0,ACTUAL,IPCO,Total Actual Hourly Integrated Load,SYS_FCST_ACT_MW,3.8,1594,ACTUAL,209
2019-12-13T10:00:00-00:00,2019-12-13T11:00:00-00:00,0,2019-12-13,3,0,ACTUAL,IPCO,Total Actual Hourly Integrated Load,SYS_FCST_ACT_MW,3.8,1613,ACTUAL,209
2019-12-13T13:00:00-00:00,2019-12-13T14:00:00-00:00,0,2019-12-13,6,0,ACTUAL,IPCO,Total Actual Hourly Integrated Load,SYS_FCST_ACT_MW,3.8,1954,ACTUAL,209
2019-12-13T15:00:00-00:00,2019-12-13T16:00:00-00:00,0,2019-12-13,8,0,ACTUAL,IPCO,Total Actual Hourly Integrated Load,SYS_FCST_ACT_MW,3.8,2112,ACTUAL,209
2019-12-13T21:00:00-00:00,2019-12-13T22:00:00-00:00,0,2019-12-13,14,0,ACTUAL,IPCO,Total Actual Hourly Integrated Load,SYS_FCST_ACT_MW,3.8,1991,ACTUAL,209
2019-12-14T00:00:00-00:00,2019-12-14T01:00:00-00:00,0,2019-12-13,17,0,ACTUAL,IPCO,Total Actual Hourly Integrated Load,SYS_FCST_ACT_MW,3.8,2155,ACTUAL,209
2019-12-13T08:00:00-00:00,2019-12-13T09:00:00-00:00,0,2019-12-13,1,0,ACTUAL,IPCO,Total Actual Hourly Integrated Load,SYS_FCST_ACT_MW,3.8,1603,ACTUAL,209
2019-12-14T02:00:00-00:00,2019-12-14T03:00:00-00:00,0,2019-12-13,19,0,ACTUAL,IPCO,Total Actual Hourly Integrated Load,SYS_FCST_ACT_MW,3.8,2103,ACTUAL,209
2019-12-13T12:00:00-00:00,2019-12-13T13:00:00-00:00,0,2019-12-13,5,0,ACTUAL,IPCO,Total Actual Hourly Integrated Load,SYS_FCST_ACT_MW,3.8,1778,ACTUAL,209
2019-12-13T14:00:00-00:00,2019-12-13T15:00:00-00:00,0,2019-12-13,7,0,ACTUAL,IPCO,Total Actual Hourly Integrated Load,SYS_FCST_ACT_MW,3.8,2091,ACTUAL,209
2019-12-14T06:00:00-00:00,2019-12-14T07:00:00-00:00,0,2019-12-13,23,0,ACTUAL,IPCO,Total Actual Hourly Integrated Load,SYS_FCST_ACT_MW,3.8,1792,ACTUAL,209
2019-12-13T16:00:00-00:00,2019-12-13T17:00:00-00:00,0,2019-12-13,9,0,ACTUAL,IPCO,Total Actual Hourly Integrated Load,SYS_FCST_ACT_MW,3.8,2087,ACTUAL,209
2019-12-14T05:00:00-00:00,2019-12-14T06:00:00-00:00,0,2019-12-13,22,0,ACTUAL,MWD-TAC,Total Actual Hourly Integrated Load,SYS_FCST_ACT_MW,3.3,91,ACTUAL,210
2019-12-13T22:00:00-00:00,2019-12-13T23:00:00-00:00,0,2019-12-13,15,0,ACTUAL,MWD-TAC,Total Actual Hourly Integrated Load,SYS_FCST_ACT_MW,3.3,92,ACTUAL,210
2019-12-13T15:00:00-00:00,2019-12-13T16:00:00-00:00,0,2019-12-13,8,0,ACTUAL,MWD-TAC,Total Actual Hourly Integrated Load,SYS_FCST_ACT_MW,3.3,92,ACTUAL,210
2019-12-14T00:00:00-00:00,2019-12-14T01:00:00-00:00,0,2019-12-13,17,0,ACTUAL,MWD-TAC,Total Actual Hourly Integrated Load,SYS_FCST_ACT_MW,3.3,95,ACTUAL,210
2019-12-13T08:00:00-00:00,2019-12-13T09:00:00-00:00,0,2019-12-13,1,0,ACTUAL,MWD-TAC,Total Actual Hourly Integrated Load,SYS_FCST_ACT_MW,3.3,90,ACTUAL,210
2019-12-13T09:00:00-00:00,2019-12-13T10:00:00-00:00,0,2019-12-13,2,0,ACTUAL,MWD-TAC,Total Actual Hourly Integrated Load,SYS_FCST_ACT_MW,3.3,90,ACTUAL,210
2019-12-13T21:00:00-00:00,2019-12-13T22:00:00-00:00,0,2019-12-13,14,0,ACTUAL,MWD-TAC,Total Actual Hourly Integrated Load,SYS_FCST_ACT_MW,3.3,90,ACTUAL,210
2019-12-13T23:00:00-00:00,2019-12-14T00:00:00-00:00,0,2019-12-13,16,0,ACTUAL,MWD-TAC,Total Actual Hourly Integrated Load,SYS_FCST_ACT_MW,3.3,98,ACTUAL,210
2019-12-14T03:00:00-00:00,2019-12-14T04:00:00-00:00,0,2019-12-13,20,0,ACTUAL,MWD-TAC,Total Actual Hourly Integrated Load,SYS_FCST_ACT_MW,3.3,97,ACTUAL,210
2019-12-13T11:00:00-00:00,2019-12-13T12:00:00-00:00,0,2019-12-13,4,0,ACTUAL,MWD-TAC,Total Actual Hourly Integrated Load,SYS_FCST_ACT_MW,3.3,90,ACTUAL,210
2019-12-13T10:00:00-00:00,2019-12-13T11:00:00-00:00,0,2019-12-13,3,0,ACTUAL,MWD-TAC,Total Actual Hourly Integrated Load,SYS_FCST_ACT_MW,3.3,90,ACTUAL,210
2019-12-13T13:00:00-00:00,2019-12-13T14:00:00-00:00,0,2019-12-13,6,0,ACTUAL,MWD-TAC,Total Actual Hourly Integrated Load,SYS_FCST_ACT_MW,3.3,90,ACTUAL,210
2019-12-13T14:00:00-00:00,2019-12-13T15:00:00-00:00,0,2019-12-13,7,0,ACTUAL,MWD-TAC,Total Actual Hourly Integrated Load,SYS_FCST_ACT_MW,3.3,95,ACTUAL,210
2019-12-13T16:00:00-00:00,2019-12-13T17:00:00-00:00,0,2019-12-13,9,0,ACTUAL,MWD-TAC,Total Actual Hourly Integrated Load,SYS_FCST_ACT_MW,3.3,92,ACTUAL,210
2019-12-13T17:00:00-00:00,2019-12-13T18:00:00-00:00,0,2019-12-13,10,0,ACTUAL,MWD-TAC,Total Actual Hourly Integrated Load,SYS_FCST_ACT_MW,3.3,91,ACTUAL,210
2019-12-13T18:00:00-00:00,2019-12-13T19:00:00-00:00,0,2019-12-13,11,0,ACTUAL,MWD-TAC,Total Actual Hourly Integrated Load,SYS_FCST_ACT_MW,3.3,88,ACTUAL,210
2019-12-13T19:00:00-00:00,2019-12-13T20:00:00-00:00,0,2019-12-13,12,0,ACTUAL,MWD-TAC,Total Actual Hourly Integrated Load,SYS_FCST_ACT_MW,3.3,90,ACTUAL,210
2019-12-14T02:00:00-00:00,2019-12-14T03:00:00-00:00,0,2019-12-13,19,0,ACTUAL,MWD-TAC,Total Actual Hourly Integrated Load,SYS_FCST_ACT_MW,3.3,96,ACTUAL,210
2019-12-14T06:00:00-00:00,2019-12-14T07:00:00-00:00,0,2019-12-13,23,0,ACTUAL,MWD-TAC,Total Actual Hourly Integrated Load,SYS_FCST_ACT_MW,3.3,96,ACTUAL,210
2019-12-14T07:00:00-00:00,2019-12-14T08:00:00-00:00,0,2019-12-13,24,0,ACTUAL,MWD-TAC,Total Actual Hourly Integrated Load,SYS_FCST_ACT_MW,3.3,101,ACTUAL,210
2019-12-13T20:00:00-00:00,2019-12-13T21:00:00-00:00,0,2019-12-13,13,0,ACTUAL,MWD-TAC,Total Actual Hourly Integrated Load,SYS_FCST_ACT_MW,3.3,88,ACTUAL,210
2019-12-14T01:00:00-00:00,2019-12-14T02:00:00-00:00,0,2019-12-13,18,0,ACTUAL,MWD-TAC,Total Actual Hourly Integrated Load,SYS_FCST_ACT_MW,3.3,95,ACTUAL,210
2019-12-14T04:00:00-00:00,2019-12-14T05:00:00-00:00,0,2019-12-13,21,0,ACTUAL,MWD-TAC,Total Actual Hourly Integrated Load,SYS_FCST_ACT_MW,3.3,96,ACTUAL,210
2019-12-13T12:00:00-00:00,2019-12-13T13:00:00-00:00,0,2019-12-13,5,0,ACTUAL,MWD-TAC,Total Actual Hourly Integrated Load,SYS_FCST_ACT_MW,3.3,90,ACTUAL,210
2019-12-13T16:00:00-00:00,2019-12-13T17:00:00-00:00,0,2019-12-13,9,0,ACTUAL,NEVP,Total Actual Hourly Integrated Load,SYS_FCST_ACT_MW,3.8,3900,ACTUAL,211
2019-12-13T18:00:00-00:00,2019-12-13T19:00:00-00:00,0,2019-12-13,11,0,ACTUAL,NEVP,Total Actual Hourly Integrated Load,SYS_FCST_ACT_MW,3.8,3779,ACTUAL,211
2019-12-14T02:00:00-00:00,2019-12-14T03:00:00-00:00,0,2019-12-13,19,0,ACTUAL,NEVP,Total Actual Hourly Integrated Load,SYS_FCST_ACT_MW,3.8,4219,ACTUAL,211
2019-12-14T04:00:00-00:00,2019-12-14T05:00:00-00:00,0,2019-12-13,21,0,ACTUAL,NEVP,Total Actual Hourly Integrated Load,SYS_FCST_ACT_MW,3.8,4104,ACTUAL,211
2019-12-14T06:00:00-00:00,2019-12-14T07:00:00-00:00,0,2019-12-13,23,0,ACTUAL,NEVP,Total Actual Hourly Integrated Load,SYS_FCST_ACT_MW,3.8,3850,ACTUAL,211
2019-12-13T21:00:00-00:00,2019-12-13T22:00:00-00:00,0,2019-12-13,14,0,ACTUAL,NEVP,Total Actual Hourly Integrated Load,SYS_FCST_ACT_MW,3.8,3716,ACTUAL,211
2019-12-14T03:00:00-00:00,2019-12-14T04:00:00-00:00,0,2019-12-13,20,0,ACTUAL,NEVP,Total Actual Hourly Integrated Load,SYS_FCST_ACT_MW,3.8,4159,ACTUAL,211
2019-12-13T08:00:00-00:00,2019-12-13T09:00:00-00:00,0,2019-12-13,1,0,ACTUAL,NEVP,Total Actual Hourly Integrated Load,SYS_FCST_ACT_MW,3.8,3566,ACTUAL,211
2019-12-13T12:00:00-00:00,2019-12-13T13:00:00-00:00,0,2019-12-13,5,0,ACTUAL,NEVP,Total Actual Hourly Integrated Load,SYS_FCST_ACT_MW,3.8,3571,ACTUAL,211
2019-12-13T17:00:00-00:00,2019-12-13T18:00:00-00:00,0,2019-12-13,10,0,ACTUAL,NEVP,Total Actual Hourly Integrated Load,SYS_FCST_ACT_MW,3.8,3839,ACTUAL,211
2019-12-13T09:00:00-00:00,2019-12-13T10:00:00-00:00,0,2019-12-13,2,0,ACTUAL,NEVP,Total Actual Hourly Integrated Load,SYS_FCST_ACT_MW,3.8,3502,ACTUAL,211
2019-12-14T01:00:00-00:00,2019-12-14T02:00:00-00:00,0,2019-12-13,18,0,ACTUAL,NEVP,Total Actual Hourly Integrated Load,SYS_FCST_ACT_MW,3.8,4266,ACTUAL,211
2019-12-13T10:00:00-00:00,2019-12-13T11:00:00-00:00,0,2019-12-13,3,0,ACTUAL,NEVP,Total Actual Hourly Integrated Load,SYS_FCST_ACT_MW,3.8,3477,ACTUAL,211
2019-12-13T13:00:00-00:00,2019-12-13T14:00:00-00:00,0,2019-12-13,6,0,ACTUAL,NEVP,Total Actual Hourly Integrated Load,SYS_FCST_ACT_MW,3.8,3748,ACTUAL,211
2019-12-13T20:00:00-00:00,2019-12-13T21:00:00-00:00,0,2019-12-13,13,0,ACTUAL,NEVP,Total Actual Hourly Integrated Load,SYS_FCST_ACT_MW,3.8,3747,ACTUAL,211
2019-12-14T07:00:00-00:00,2019-12-14T08:00:00-00:00,0,2019-12-13,24,0,ACTUAL,NEVP,Total Actual Hourly Integrated Load,SYS_FCST_ACT_MW,3.8,3689,ACTUAL,211
2019-12-13T14:00:00-00:00,2019-12-13T15:00:00-00:00,0,2019-12-13,7,0,ACTUAL,NEVP,Total Actual Hourly Integrated Load,SYS_FCST_ACT_MW,3.8,3949,ACTUAL,211
2019-12-14T05:00:00-00:00,2019-12-14T06:00:00-00:00,0,2019-12-13,22,0,ACTUAL,NEVP,Total Actual Hourly Integrated Load,SYS_FCST_ACT_MW,3.8,3996,ACTUAL,211
2019-12-13T11:00:00-00:00,2019-12-13T12:00:00-00:00,0,2019-12-13,4,0,ACTUAL,NEVP,Total Actual Hourly Integrated Load,SYS_FCST_ACT_MW,3.8,3494,ACTUAL,211
2019-12-13T19:00:00-00:00,2019-12-13T20:00:00-00:00,0,2019-12-13,12,0,ACTUAL,NEVP,Total Actual Hourly Integrated Load,SYS_FCST_ACT_MW,3.8,3756,ACTUAL,211
2019-12-13T22:00:00-00:00,2019-12-13T23:00:00-00:00,0,2019-12-13,15,0,ACTUAL,NEVP,Total Actual Hourly Integrated Load,SYS_FCST_ACT_MW,3.8,3764,ACTUAL,211
2019-12-13T23:00:00-00:00,2019-12-14T00:00:00-00:00,0,2019-12-13,16,0,ACTUAL,NEVP,Total Actual Hourly Integrated Load,SYS_FCST_ACT_MW,3.8,3869,ACTUAL,211
2019-12-13T15:00:00-00:00,2019-12-13T16:00:00-00:00,0,2019-12-13,8,0,ACTUAL,NEVP,Total Actual Hourly Integrated Load,SYS_FCST_ACT_MW,3.8,3963,ACTUAL,211
2019-12-14T00:00:00-00:00,2019-12-14T01:00:00-00:00,0,2019-12-13,17,0,ACTUAL,NEVP,Total Actual Hourly Integrated Load,SYS_FCST_ACT_MW,3.8,4100,ACTUAL,211
2019-12-14T03:00:00-00:00,2019-12-14T04:00:00-00:00,0,2019-12-13,20,0,ACTUAL,PACE,Total Actual Hourly Integrated Load,SYS_FCST_ACT_MW,3.8,5865,ACTUAL,212
2019-12-13T15:00:00-00:00,2019-12-13T16:00:00-00:00,0,2019-12-13,8,0,ACTUAL,PACE,Total Actual Hourly Integrated Load,SYS_FCST_ACT_MW,3.8,5822,ACTUAL,212
2019-12-13T08:00:00-00:00,2019-12-13T09:00:00-00:00,0,2019-12-13,1,0,ACTUAL,PACE,Total Actual Hourly Integrated Load,SYS_FCST_ACT_MW,3.8,4875,ACTUAL,212
2019-12-13T12:00:00-00:00,2019-12-13T13:00:00-00:00,0,2019-12-13,5,0,ACTUAL,PACE,Total Actual Hourly Integrated Load,SYS_FCST_ACT_MW,3.8,5102,ACTUAL,212
2019-12-13T16:00:00-00:00,2019-12-13T17:00:00-00:00,0,2019-12-13,9,0,ACTUAL,PACE,Total Actual Hourly Integrated Load,SYS_FCST_ACT_MW,3.8,5825,ACTUAL,212
2019-12-13T23:00:00-00:00,2019-12-14T00:00:00-00:00,0,2019-12-13,16,0,ACTUAL,PACE,Total Actual Hourly Integrated Load,SYS_FCST_ACT_MW,3.8,5830,ACTUAL,212
2019-12-14T00:00:00-00:00,2019-12-14T01:00:00-00:00,0,2019-12-13,17,0,ACTUAL,PACE,Total Actual Hourly Integrated Load,SYS_FCST_ACT_MW,3.8,6075,ACTUAL,212
2019-12-14T01:00:00-00:00,2019-12-14T02:00:00-00:00,0,2019-12-13,18,0,ACTUAL,PACE,Total Actual Hourly Integrated Load,SYS_FCST_ACT_MW,3.8,6021,ACTUAL,212
2019-12-13T20:00:00-00:00,2019-12-13T21:00:00-00:00,0,2019-12-13,13,0,ACTUAL,PACE,Total Actual Hourly Integrated Load,SYS_FCST_ACT_MW,3.8,5689,ACTUAL,212
2019-12-13T18:00:00-00:00,2019-12-13T19:00:00-00:00,0,2019-12-13,11,0,ACTUAL,PACE,Total Actual Hourly Integrated Load,SYS_FCST_ACT_MW,3.8,5704,ACTUAL,212
2019-12-14T02:00:00-00:00,2019-12-14T03:00:00-00:00,0,2019-12-13,19,0,ACTUAL,PACE,Total Actual Hourly Integrated Load,SYS_FCST_ACT_MW,3.8,5928,ACTUAL,212
2019-12-13T09:00:00-00:00,2019-12-13T10:00:00-00:00,0,2019-12-13,2,0,ACTUAL,PACE,Total Actual Hourly Integrated Load,SYS_FCST_ACT_MW,3.8,4826,ACTUAL,212
2019-12-13T11:00:00-00:00,2019-12-13T12:00:00-00:00,0,2019-12-13,4,0,ACTUAL,PACE,Total Actual Hourly Integrated Load,SYS_FCST_ACT_MW,3.8,4921,ACTUAL,212
2019-12-13T19:00:00-00:00,2019-12-13T20:00:00-00:00,0,2019-12-13,12,0,ACTUAL,PACE,Total Actual Hourly Integrated Load,SYS_FCST_ACT_MW,3.8,5674,ACTUAL,212
2019-12-14T07:00:00-00:00,2019-12-14T08:00:00-00:00,0,2019-12-13,24,0,ACTUAL,PACE,Total Actual Hourly Integrated Load,SYS_FCST_ACT_MW,3.8,4977,ACTUAL,212
2019-12-13T14:00:00-00:00,2019-12-13T15:00:00-00:00,0,2019-12-13,7,0,ACTUAL,PACE,Total Actual Hourly Integrated Load,SYS_FCST_ACT_MW,3.8,5747,ACTUAL,212
2019-12-13T17:00:00-00:00,2019-12-13T18:00:00-00:00,0,2019-12-13,10,0,ACTUAL,PACE,Total Actual Hourly Integrated Load,SYS_FCST_ACT_MW,3.8,5771,ACTUAL,212
2019-12-13T21:00:00-00:00,2019-12-13T22:00:00-00:00,0,2019-12-13,14,0,ACTUAL,PACE,Total Actual Hourly Integrated Load,SYS_FCST_ACT_MW,3.8,5697,ACTUAL,212
2019-12-13T22:00:00-00:00,2019-12-13T23:00:00-00:00,0,2019-12-13,15,0,ACTUAL,PACE,Total Actual Hourly Integrated Load,SYS_FCST_ACT_MW,3.8,5705,ACTUAL,212
2019-12-14T06:00:00-00:00,2019-12-14T07:00:00-00:00,0,2019-12-13,23,0,ACTUAL,PACE,Total Actual Hourly Integrated Load,SYS_FCST_ACT_MW,3.8,5203,ACTUAL,212
2019-12-13T10:00:00-00:00,2019-12-13T11:00:00-00:00,0,2019-12-13,3,0,ACTUAL,PACE,Total Actual Hourly Integrated Load,SYS_FCST_ACT_MW,3.8,4827,ACTUAL,212
2019-12-14T04:00:00-00:00,2019-12-14T05:00:00-00:00,0,2019-12-13,21,0,ACTUAL,PACE,Total Actual Hourly Integrated Load,SYS_FCST_ACT_MW,3.8,5715,ACTUAL,212
2019-12-13T13:00:00-00:00,2019-12-13T14:00:00-00:00,0,2019-12-13,6,0,ACTUAL,PACE,Total Actual Hourly Integrated Load,SYS_FCST_ACT_MW,3.8,5449,ACTUAL,212
2019-12-14T05:00:00-00:00,2019-12-14T06:00:00-00:00,0,2019-12-13,22,0,ACTUAL,PACE,Total Actual Hourly Integrated Load,SYS_FCST_ACT_MW,3.8,5480,ACTUAL,212
2019-12-14T07:00:00-00:00,2019-12-14T08:00:00-00:00,0,2019-12-13,24,0,ACTUAL,PACW,Total Actual Hourly Integrated Load,SYS_FCST_ACT_MW,3.8,2431,ACTUAL,213
2019-12-14T02:00:00-00:00,2019-12-14T03:00:00-00:00,0,2019-12-13,19,0,ACTUAL,PACW,Total Actual Hourly Integrated Load,SYS_FCST_ACT_MW,3.8,2958,ACTUAL,213
2019-12-14T05:00:00-00:00,2019-12-14T06:00:00-00:00,0,2019-12-13,22,0,ACTUAL,PACW,Total Actual Hourly Integrated Load,SYS_FCST_ACT_MW,3.8,2761,ACTUAL,213
2019-12-13T18:00:00-00:00,2019-12-13T19:00:00-00:00,0,2019-12-13,11,0,ACTUAL,PACW,Total Actual Hourly Integrated Load,SYS_FCST_ACT_MW,3.8,2919,ACTUAL,213
2019-12-13T21:00:00-00:00,2019-12-13T22:00:00-00:00,0,2019-12-13,14,0,ACTUAL,PACW,Total Actual Hourly Integrated Load,SYS_FCST_ACT_MW,3.8,2748,ACTUAL,213
2019-12-14T00:00:00-00:00,2019-12-14T01:00:00-00:00,0,2019-12-13,17,0,ACTUAL,PACW,Total Actual Hourly Integrated Load,SYS_FCST_ACT_MW,3.8,2889,ACTUAL,213
2019-12-13T17:00:00-00:00,2019-12-13T18:00:00-00:00,0,2019-12-13,10,0,ACTUAL,PACW,Total Actual Hourly Integrated Load,SYS_FCST_ACT_MW,3.8,2952,ACTUAL,213
2019-12-13T15:00:00-00:00,2019-12-13T16:00:00-00:00,0,2019-12-13,8,0,ACTUAL,PACW,Total Actual Hourly Integrated Load,SYS_FCST_ACT_MW,3.8,3002,ACTUAL,213
2019-12-13T19:00:00-00:00,2019-12-13T20:00:00-00:00,0,2019-12-13,12,0,ACTUAL,PACW,Total Actual Hourly Integrated Load,SYS_FCST_ACT_MW,3.8,2868,ACTUAL,213
2019-12-13T08:00:00-00:00,2019-12-13T09:00:00-00:00,0,2019-12-13,1,0,ACTUAL,PACW,Total Actual Hourly Integrated Load,SYS_FCST_ACT_MW,3.8,2163,ACTUAL,213
2019-12-13T10:00:00-00:00,2019-12-13T11:00:00-00:00,0,2019-12-13,3,0,ACTUAL,PACW,Total Actual Hourly Integrated Load,SYS_FCST_ACT_MW,3.8,2094,ACTUAL,213
2019-12-13T11:00:00-00:00,2019-12-13T12:00:00-00:00,0,2019-12-13,4,0,ACTUAL,PACW,Total Actual Hourly Integrated Load,SYS_FCST_ACT_MW,3.8,2122,ACTUAL,213
2019-12-13T13:00:00-00:00,2019-12-13T14:00:00-00:00,0,2019-12-13,6,0,ACTUAL,PACW,Total Actual Hourly Integrated Load,SYS_FCST_ACT_MW,3.8,2490,ACTUAL,213
2019-12-13T09:00:00-00:00,2019-12-13T10:00:00-00:00,0,2019-12-13,2,0,ACTUAL,PACW,Total Actual Hourly Integrated Load,SYS_FCST_ACT_MW,3.8,2105,ACTUAL,213
2019-12-13T12:00:00-00:00,2019-12-13T13:00:00-00:00,0,2019-12-13,5,0,ACTUAL,PACW,Total Actual Hourly Integrated Load,SYS_FCST_ACT_MW,3.8,2239,ACTUAL,213
2019-12-13T22:00:00-00:00,2019-12-13T23:00:00-00:00,0,2019-12-13,15,0,ACTUAL,PACW,Total Actual Hourly Integrated Load,SYS_FCST_ACT_MW,3.8,2703,ACTUAL,213
2019-12-14T03:00:00-00:00,2019-12-14T04:00:00-00:00,0,2019-12-13,20,0,ACTUAL,PACW,Total Actual Hourly Integrated Load,SYS_FCST_ACT_MW,3.8,2936,ACTUAL,213
2019-12-13T23:00:00-00:00,2019-12-14T00:00:00-00:00,0,2019-12-13,16,0,ACTUAL,PACW,Total Actual Hourly Integrated Load,SYS_FCST_ACT_MW,3.8,2743,ACTUAL,213
2019-12-14T06:00:00-00:00,2019-12-14T07:00:00-00:00,0,2019-12-13,23,0,ACTUAL,PACW,Total Actual Hourly Integrated Load,SYS_FCST_ACT_MW,3.8,2604,ACTUAL,213
2019-12-13T14:00:00-00:00,2019-12-13T15:00:00-00:00,0,2019-12-13,7,0,ACTUAL,PACW,Total Actual Hourly Integrated Load,SYS_FCST_ACT_MW,3.8,2813,ACTUAL,213
2019-12-13T20:00:00-00:00,2019-12-13T21:00:00-00:00,0,2019-12-13,13,0,ACTUAL,PACW,Total Actual Hourly Integrated Load,SYS_FCST_ACT_MW,3.8,2801,ACTUAL,213
2019-12-14T01:00:00-00:00,2019-12-14T02:00:00-00:00,0,2019-12-13,18,0,ACTUAL,PACW,Total Actual Hourly Integrated Load,SYS_FCST_ACT_MW,3.8,3001,ACTUAL,213
2019-12-14T04:00:00-00:00,2019-12-14T05:00:00-00:00,0,2019-12-13,21,0,ACTUAL,PACW,Total Actual Hourly Integrated Load,SYS_FCST_ACT_MW,3.8,2879,ACTUAL,213
2019-12-13T16:00:00-00:00,2019-12-13T17:00:00-00:00,0,2019-12-13,9,0,ACTUAL,PACW,Total Actual Hourly Integrated Load,SYS_FCST_ACT_MW,3.8,2986,ACTUAL,213
2019-12-13T08:00:00-00:00,2019-12-13T09:00:00-00:00,0,2019-12-13,1,0,ACTUAL,PGE,Total Actual Hourly Integrated Load,SYS_FCST_ACT_MW,3.8,2082,ACTUAL,214
2019-12-13T12:00:00-00:00,2019-12-13T13:00:00-00:00,0,2019-12-13,5,0,ACTUAL,PGE,Total Actual Hourly Integrated Load,SYS_FCST_ACT_MW,3.8,2096,ACTUAL,214
2019-12-14T02:00:00-00:00,2019-12-14T03:00:00-00:00,0,2019-12-13,19,0,ACTUAL,PGE,Total Actual Hourly Integrated Load,SYS_FCST_ACT_MW,3.8,2880,ACTUAL,214
2019-12-13T19:00:00-00:00,2019-12-13T20:00:00-00:00,0,2019-12-13,12,0,ACTUAL,PGE,Total Actual Hourly Integrated Load,SYS_FCST_ACT_MW,3.8,2773,ACTUAL,214
2019-12-13T11:00:00-00:00,2019-12-13T12:00:00-00:00,0,2019-12-13,4,0,ACTUAL,PGE,Total Actual Hourly Integrated Load,SYS_FCST_ACT_MW,3.8,2000,ACTUAL,214
2019-12-14T04:00:00-00:00,2019-12-14T05:00:00-00:00,0,2019-12-13,21,0,ACTUAL,PGE,Total Actual Hourly Integrated Load,SYS_FCST_ACT_MW,3.8,2703,ACTUAL,214
2019-12-14T07:00:00-00:00,2019-12-14T08:00:00-00:00,0,2019-12-13,24,0,ACTUAL,PGE,Total Actual Hourly Integrated Load,SYS_FCST_ACT_MW,3.8,2232,ACTUAL,214
2019-12-13T09:00:00-00:00,2019-12-13T10:00:00-00:00,0,2019-12-13,2,0,ACTUAL,PGE,Total Actual Hourly Integrated Load,SYS_FCST_ACT_MW,3.8,2013,ACTUAL,214
2019-12-13T21:00:00-00:00,2019-12-13T22:00:00-00:00,0,2019-12-13,14,0,ACTUAL,PGE,Total Actual Hourly Integrated Load,SYS_FCST_ACT_MW,3.8,2725,ACTUAL,214
2019-12-13T14:00:00-00:00,2019-12-13T15:00:00-00:00,0,2019-12-13,7,0,ACTUAL,PGE,Total Actual Hourly Integrated Load,SYS_FCST_ACT_MW,3.8,2643,ACTUAL,214
2019-12-13T23:00:00-00:00,2019-12-14T00:00:00-00:00,0,2019-12-13,16,0,ACTUAL,PGE,Total Actual Hourly Integrated Load,SYS_FCST_ACT_MW,3.8,2700,ACTUAL,214
2019-12-13T22:00:00-00:00,2019-12-13T23:00:00-00:00,0,2019-12-13,15,0,ACTUAL,PGE,Total Actual Hourly Integrated Load,SYS_FCST_ACT_MW,3.8,2685,ACTUAL,214
2019-12-13T17:00:00-00:00,2019-12-13T18:00:00-00:00,0,2019-12-13,10,0,ACTUAL,PGE,Total Actual Hourly Integrated Load,SYS_FCST_ACT_MW,3.8,2812,ACTUAL,214
2019-12-13T16:00:00-00:00,2019-12-13T17:00:00-00:00,0,2019-12-13,9,0,ACTUAL,PGE,Total Actual Hourly Integrated Load,SYS_FCST_ACT_MW,3.8,2855,ACTUAL,214
2019-12-13T15:00:00-00:00,2019-12-13T16:00:00-00:00,0,2019-12-13,8,0,ACTUAL,PGE,Total Actual Hourly Integrated Load,SYS_FCST_ACT_MW,3.8,2848,ACTUAL,214
2019-12-14T06:00:00-00:00,2019-12-14T07:00:00-00:00,0,2019-12-13,23,0,ACTUAL,PGE,Total Actual Hourly Integrated Load,SYS_FCST_ACT_MW,3.8,2404,ACTUAL,214
2019-12-14T05:00:00-00:00,2019-12-14T06:00:00-00:00,0,2019-12-13,22,0,ACTUAL,PGE,Total Actual Hourly Integrated Load,SYS_FCST_ACT_MW,3.8,2577,ACTUAL,214
2019-12-14T01:00:00-00:00,2019-12-14T02:00:00-00:00,0,2019-12-13,18,0,ACTUAL,PGE,Total Actual Hourly Integrated Load,SYS_FCST_ACT_MW,3.8,2934,ACTUAL,214
2019-12-14T00:00:00-00:00,2019-12-14T01:00:00-00:00,0,2019-12-13,17,0,ACTUAL,PGE,Total Actual Hourly Integrated Load,SYS_FCST_ACT_MW,3.8,2828,ACTUAL,214
2019-12-13T20:00:00-00:00,2019-12-13T21:00:00-00:00,0,2019-12-13,13,0,ACTUAL,PGE,Total Actual Hourly Integrated Load,SYS_FCST_ACT_MW,3.8,2748,ACTUAL,214
2019-12-14T03:00:00-00:00,2019-12-14T04:00:00-00:00,0,2019-12-13,20,0,ACTUAL,PGE,Total Actual Hourly Integrated Load,SYS_FCST_ACT_MW,3.8,2794,ACTUAL,214
2019-12-13T13:00:00-00:00,2019-12-13T14:00:00-00:00,0,2019-12-13,6,0,ACTUAL,PGE,Total Actual Hourly Integrated Load,SYS_FCST_ACT_MW,3.8,2320,ACTUAL,214
2019-12-13T10:00:00-00:00,2019-12-13T11:00:00-00:00,0,2019-12-13,3,0,ACTUAL,PGE,Total Actual Hourly Integrated Load,SYS_FCST_ACT_MW,3.8,1982,ACTUAL,214
2019-12-13T18:00:00-00:00,2019-12-13T19:00:00-00:00,0,2019-12-13,11,0,ACTUAL,PGE,Total Actual Hourly Integrated Load,SYS_FCST_ACT_MW,3.8,2805,ACTUAL,214
2019-12-13T08:00:00-00:00,2019-12-13T09:00:00-00:00,0,2019-12-13,1,0,ACTUAL,PGE-TAC,Total Actual Hourly Integrated Load,SYS_FCST_ACT_MW,3.1,9732,ACTUAL,215
2019-12-14T00:00:00-00:00,2019-12-14T01:00:00-00:00,0,2019-12-13,17,0,ACTUAL,PGE-TAC,Total Actual Hourly Integrated Load,SYS_FCST_ACT_MW,3.1,12437,ACTUAL,215
2019-12-13T18:00:00-00:00,2019-12-13T19:00:00-00:00,0,2019-12-13,11,0,ACTUAL,PGE-TAC,Total Actual Hourly Integrated Load,SYS_FCST_ACT_MW,3.1,12496,ACTUAL,215
2019-12-13T19:00:00-00:00,2019-12-13T20:00:00-00:00,0,2019-12-13,12,0,ACTUAL,PGE-TAC,Total Actual Hourly Integrated Load,SYS_FCST_ACT_MW,3.1,12119,ACTUAL,215
2019-12-13T17:00:00-00:00,2019-12-13T18:00:00-00:00,0,2019-12-13,10,0,ACTUAL,PGE-TAC,Total Actual Hourly Integrated Load,SYS_FCST_ACT_MW,3.1,11919,ACTUAL,215
2019-12-13T13:00:00-00:00,2019-12-13T14:00:00-00:00,0,2019-12-13,6,0,ACTUAL,PGE-TAC,Total Actual Hourly Integrated Load,SYS_FCST_ACT_MW,3.1,9983,ACTUAL,215
2019-12-13T10:00:00-00:00,2019-12-13T11:00:00-00:00,0,2019-12-13,3,0,ACTUAL,PGE-TAC,Total Actual Hourly Integrated Load,SYS_FCST_ACT_MW,3.1,9121,ACTUAL,215
2019-12-13T09:00:00-00:00,2019-12-13T10:00:00-00:00,0,2019-12-13,2,0,ACTUAL,PGE-TAC,Total Actual Hourly Integrated Load,SYS_FCST_ACT_MW,3.1,9358,ACTUAL,215
2019-12-14T06:00:00-00:00,2019-12-14T07:00:00-00:00,0,2019-12-13,23,0,ACTUAL,PGE-TAC,Total Actual Hourly Integrated Load,SYS_FCST_ACT_MW,3.1,11046,ACTUAL,215
2019-12-14T03:00:00-00:00,2019-12-14T04:00:00-00:00,0,2019-12-13,20,0,ACTUAL,PGE-TAC,Total Actual Hourly Integrated Load,SYS_FCST_ACT_MW,3.1,12610,ACTUAL,215
2019-12-13T16:00:00-00:00,2019-12-13T17:00:00-00:00,0,2019-12-13,9,0,ACTUAL,PGE-TAC,Total Actual Hourly Integrated Load,SYS_FCST_ACT_MW,3.1,11733,ACTUAL,215
2019-12-13T11:00:00-00:00,2019-12-13T12:00:00-00:00,0,2019-12-13,4,0,ACTUAL,PGE-TAC,Total Actual Hourly Integrated Load,SYS_FCST_ACT_MW,3.1,9136,ACTUAL,215
2019-12-13T23:00:00-00:00,2019-12-14T00:00:00-00:00,0,2019-12-13,16,0,ACTUAL,PGE-TAC,Total Actual Hourly Integrated Load,SYS_FCST_ACT_MW,3.1,11950,ACTUAL,215
2019-12-13T22:00:00-00:00,2019-12-13T23:00:00-00:00,0,2019-12-13,15,0,ACTUAL,PGE-TAC,Total Actual Hourly Integrated Load,SYS_FCST_ACT_MW,3.1,11741,ACTUAL,215
2019-12-14T07:00:00-00:00,2019-12-14T08:00:00-00:00,0,2019-12-13,24,0,ACTUAL,PGE-TAC,Total Actual Hourly Integrated Load,SYS_FCST_ACT_MW,3.1,10319,ACTUAL,215
2019-12-14T02:00:00-00:00,2019-12-14T03:00:00-00:00,0,2019-12-13,19,0,ACTUAL,PGE-TAC,Total Actual Hourly Integrated Load,SYS_FCST_ACT_MW,3.1,12930,ACTUAL,215
2019-12-13T21:00:00-00:00,2019-12-13T22:00:00-00:00,0,2019-12-13,14,0,ACTUAL,PGE-TAC,Total Actual Hourly Integrated Load,SYS_FCST_ACT_MW,3.1,11631,ACTUAL,215
2019-12-14T04:00:00-00:00,2019-12-14T05:00:00-00:00,0,2019-12-13,21,0,ACTUAL,PGE-TAC,Total Actual Hourly Integrated Load,SYS_FCST_ACT_MW,3.1,12263,ACTUAL,215
2019-12-13T15:00:00-00:00,2019-12-13T16:00:00-00:00,0,2019-12-13,8,0,ACTUAL,PGE-TAC,Total Actual Hourly Integrated Load,SYS_FCST_ACT_MW,3.1,11745,ACTUAL,215
2019-12-13T12:00:00-00:00,2019-12-13T13:00:00-00:00,0,2019-12-13,5,0,ACTUAL,PGE-TAC,Total Actual Hourly Integrated Load,SYS_FCST_ACT_MW,3.1,9350,ACTUAL,215
2019-12-13T20:00:00-00:00,2019-12-13T21:00:00-00:00,0,2019-12-13,13,0,ACTUAL,PGE-TAC,Total Actual Hourly Integrated Load,SYS_FCST_ACT_MW,3.1,11935,ACTUAL,215
2019-12-13T14:00:00-00:00,2019-12-13T15:00:00-00:00,0,2019-12-13,7,0,ACTUAL,PGE-TAC,Total Actual Hourly Integrated Load,SYS_FCST_ACT_MW,3.1,11108,ACTUAL,215
2019-12-14T01:00:00-00:00,2019-12-14T02:00:00-00:00,0,2019-12-13,18,0,ACTUAL,PGE-TAC,Total Actual Hourly Integrated Load,SYS_FCST_ACT_MW,3.1,13106,ACTUAL,215
2019-12-14T05:00:00-00:00,2019-12-14T06:00:00-00:00,0,2019-12-13,22,0,ACTUAL,PGE-TAC,Total Actual Hourly Integrated Load,SYS_FCST_ACT_MW,3.1,11749,ACTUAL,215
2019-12-13T22:00:00-00:00,2019-12-13T23:00:00-00:00,0,2019-12-13,15,0,ACTUAL,PSEI,Total Actual Hourly Integrated Load,SYS_FCST_ACT_MW,3.8,3267,ACTUAL,216
2019-12-14T05:00:00-00:00,2019-12-14T06:00:00-00:00,0,2019-12-13,22,0,ACTUAL,PSEI,Total Actual Hourly Integrated Load,SYS_FCST_ACT_MW,3.8,3265,ACTUAL,216
2019-12-13T11:00:00-00:00,2019-12-13T12:00:00-00:00,0,2019-12-13,4,0,ACTUAL,PSEI,Total Actual Hourly Integrated Load,SYS_FCST_ACT_MW,3.8,2500,ACTUAL,216
2019-12-13T16:00:00-00:00,2019-12-13T17:00:00-00:00,0,2019-12-13,9,0,ACTUAL,PSEI,Total Actual Hourly Integrated Load,SYS_FCST_ACT_MW,3.8,3528,ACTUAL,216
2019-12-13T14:00:00-00:00,2019-12-13T15:00:00-00:00,0,2019-12-13,7,0,ACTUAL,PSEI,Total Actual Hourly Integrated Load,SYS_FCST_ACT_MW,3.8,3310,ACTUAL,216
2019-12-14T03:00:00-00:00,2019-12-14T04:00:00-00:00,0,2019-12-13,20,0,ACTUAL,PSEI,Total Actual Hourly Integrated Load,SYS_FCST_ACT_MW,3.8,3525,ACTUAL,216
2019-12-14T04:00:00-00:00,2019-12-14T05:00:00-00:00,0,2019-12-13,21,0,ACTUAL,PSEI,Total Actual Hourly Integrated Load,SYS_FCST_ACT_MW,3.8,3423,ACTUAL,216
2019-12-14T07:00:00-00:00,2019-12-14T08:00:00-00:00,0,2019-12-13,24,0,ACTUAL,PSEI,Total Actual Hourly Integrated Load,SYS_FCST_ACT_MW,3.8,2803,ACTUAL,216
2019-12-13T13:00:00-00:00,2019-12-13T14:00:00-00:00,0,2019-12-13,6,0,ACTUAL,PSEI,Total Actual Hourly Integrated Load,SYS_FCST_ACT_MW,3.8,2939,ACTUAL,216
2019-12-13T15:00:00-00:00,2019-12-13T16:00:00-00:00,0,2019-12-13,8,0,ACTUAL,PSEI,Total Actual Hourly Integrated Load,SYS_FCST_ACT_MW,3.8,3542,ACTUAL,216
2019-12-13T23:00:00-00:00,2019-12-14T00:00:00-00:00,0,2019-12-13,16,0,ACTUAL,PSEI,Total Actual Hourly Integrated Load,SYS_FCST_ACT_MW,3.8,3325,ACTUAL,216
2019-12-14T00:00:00-00:00,2019-12-14T01:00:00-00:00,0,2019-12-13,17,0,ACTUAL,PSEI,Total Actual Hourly Integrated Load,SYS_FCST_ACT_MW,3.8,3558,ACTUAL,216
2019-12-14T02:00:00-00:00,2019-12-14T03:00:00-00:00,0,2019-12-13,19,0,ACTUAL,PSEI,Total Actual Hourly Integrated Load,SYS_FCST_ACT_MW,3.8,3625,ACTUAL,216
2019-12-13T12:00:00-00:00,2019-12-13T13:00:00-00:00,0,2019-12-13,5,0,ACTUAL,PSEI,Total Actual Hourly Integrated Load,SYS_FCST_ACT_MW,3.8,2645,ACTUAL,216
2019-12-13T20:00:00-00:00,2019-12-13T21:00:00-00:00,0,2019-12-13,13,0,ACTUAL,PSEI,Total Actual Hourly Integrated Load,SYS_FCST_ACT_MW,3.8,3318,ACTUAL,216
2019-12-13T17:00:00-00:00,2019-12-13T18:00:00-00:00,0,2019-12-13,10,0,ACTUAL,PSEI,Total Actual Hourly Integrated Load,SYS_FCST_ACT_MW,3.8,3478,ACTUAL,216
2019-12-13T08:00:00-00:00,2019-12-13T09:00:00-00:00,0,2019-12-13,1,0,ACTUAL,PSEI,Total Actual Hourly Integrated Load,SYS_FCST_ACT_MW,3.8,2583,ACTUAL,216
2019-12-13T19:00:00-00:00,2019-12-13T20:00:00-00:00,0,2019-12-13,12,0,ACTUAL,PSEI,Total Actual Hourly Integrated Load,SYS_FCST_ACT_MW,3.8,3342,ACTUAL,216
2019-12-13T21:00:00-00:00,2019-12-13T22:00:00-00:00,0,2019-12-13,14,0,ACTUAL,PSEI,Total Actual Hourly Integrated Load,SYS_FCST_ACT_MW,3.8,3281,ACTUAL,216
2019-12-14T06:00:00-00:00,2019-12-14T07:00:00-00:00,0,2019-12-13,23,0,ACTUAL,PSEI,Total Actual Hourly Integrated Load,SYS_FCST_ACT_MW,3.8,3034,ACTUAL,216
2019-12-14T01:00:00-00:00,2019-12-14T02:00:00-00:00,0,2019-12-13,18,0,ACTUAL,PSEI,Total Actual Hourly Integrated Load,SYS_FCST_ACT_MW,3.8,3686,ACTUAL,216
2019-12-13T09:00:00-00:00,2019-12-13T10:00:00-00:00,0,2019-12-13,2,0,ACTUAL,PSEI,Total Actual Hourly Integrated Load,SYS_FCST_ACT_MW,3.8,2492,ACTUAL,216
2019-12-13T10:00:00-00:00,2019-12-13T11:00:00-00:00,0,2019-12-13,3,0,ACTUAL,PSEI,Total Actual Hourly Integrated Load,SYS_FCST_ACT_MW,3.8,2464,ACTUAL,216
2019-12-13T18:00:00-00:00,2019-12-13T19:00:00-00:00,0,2019-12-13,11,0,ACTUAL,PSEI,Total Actual Hourly Integrated Load,SYS_FCST_ACT_MW,3.8,3398,ACTUAL,216
2019-12-14T03:00:00-00:00,2019-12-14T04:00:00-00:00,0,2019-12-13,20,0,ACTUAL,SCE-TAC,Total Actual Hourly Integrated Load,SYS_FCST_ACT_MW,3.2,12327,ACTUAL,217
2019-12-14T04:00:00-00:00,2019-12-14T05:00:00-00:00,0,2019-12-13,21,0,ACTUAL,SCE-TAC,Total Actual Hourly Integrated Load,SYS_FCST_ACT_MW,3.2,12059,ACTUAL,217
2019-12-14T01:00:00-00:00,2019-12-14T02:00:00-00:00,0,2019-12-13,18,0,ACTUAL,SCE-TAC,Total Actual Hourly Integrated Load,SYS_FCST_ACT_MW,3.2,12622,ACTUAL,217
2019-12-13T10:00:00-00:00,2019-12-13T11:00:00-00:00,0,2019-12-13,3,0,ACTUAL,SCE-TAC,Total Actual Hourly Integrated Load,SYS_FCST_ACT_MW,3.2,9054,ACTUAL,217
2019-12-13T21:00:00-00:00,2019-12-13T22:00:00-00:00,0,2019-12-13,14,0,ACTUAL,SCE-TAC,Total Actual Hourly Integrated Load,SYS_FCST_ACT_MW,3.2,10895,ACTUAL,217
2019-12-13T17:00:00-00:00,2019-12-13T18:00:00-00:00,0,2019-12-13,10,0,ACTUAL,SCE-TAC,Total Actual Hourly Integrated Load,SYS_FCST_ACT_MW,3.2,10742,ACTUAL,217
2019-12-13T16:00:00-00:00,2019-12-13T17:00:00-00:00,0,2019-12-13,9,0,ACTUAL,SCE-TAC,Total Actual Hourly Integrated Load,SYS_FCST_ACT_MW,3.2,11070,ACTUAL,217
2019-12-13T09:00:00-00:00,2019-12-13T10:00:00-00:00,0,2019-12-13,2,0,ACTUAL,SCE-TAC,Total Actual Hourly Integrated Load,SYS_FCST_ACT_MW,3.2,9303,ACTUAL,217
2019-12-13T19:00:00-00:00,2019-12-13T20:00:00-00:00,0,2019-12-13,12,0,ACTUAL,SCE-TAC,Total Actual Hourly Integrated Load,SYS_FCST_ACT_MW,3.2,10298,ACTUAL,217
2019-12-14T02:00:00-00:00,2019-12-14T03:00:00-00:00,0,2019-12-13,19,0,ACTUAL,SCE-TAC,Total Actual Hourly Integrated Load,SYS_FCST_ACT_MW,3.2,12541,ACTUAL,217
2019-12-13T11:00:00-00:00,2019-12-13T12:00:00-00:00,0,2019-12-13,4,0,ACTUAL,SCE-TAC,Total Actual Hourly Integrated Load,SYS_FCST_ACT_MW,3.2,8984,ACTUAL,217
2019-12-14T07:00:00-00:00,2019-12-14T08:00:00-00:00,0,2019-12-13,24,0,ACTUAL,SCE-TAC,Total Actual Hourly Integrated Load,SYS_FCST_ACT_MW,3.2,10151,ACTUAL,217
2019-12-13T20:00:00-00:00,2019-12-13T21:00:00-00:00,0,2019-12-13,13,0,ACTUAL,SCE-TAC,Total Actual Hourly Integrated Load,SYS_FCST_ACT_MW,3.2,10487,ACTUAL,217
2019-12-13T18:00:00-00:00,2019-12-13T19:00:00-00:00,0,2019-12-13,11,0,ACTUAL,SCE-TAC,Total Actual Hourly Integrated Load,SYS_FCST_ACT_MW,3.2,10002,ACTUAL,217
2019-12-14T05:00:00-00:00,2019-12-14T06:00:00-00:00,0,2019-12-13,22,0,ACTUAL,SCE-TAC,Total Actual Hourly Integrated Load,SYS_FCST_ACT_MW,3.2,11634,ACTUAL,217
2019-12-13T13:00:00-00:00,2019-12-13T14:00:00-00:00,0,2019-12-13,6,0,ACTUAL,SCE-TAC,Total Actual Hourly Integrated Load,SYS_FCST_ACT_MW,3.2,9966,ACTUAL,217
2019-12-13T12:00:00-00:00,2019-12-13T13:00:00-00:00,0,2019-12-13,5,0,ACTUAL,SCE-TAC,Total Actual Hourly Integrated Load,SYS_FCST_ACT_MW,3.2,9262,ACTUAL,217
2019-12-13T22:00:00-00:00,2019-12-13T23:00:00-00:00,0,2019-12-13,15,0,ACTUAL,SCE-TAC,Total Actual Hourly Integrated Load,SYS_FCST_ACT_MW,3.2,11021,ACTUAL,217
2019-12-13T15:00:00-00:00,2019-12-13T16:00:00-00:00,0,2019-12-13,8,0,ACTUAL,SCE-TAC,Total Actual Hourly Integrated Load,SYS_FCST_ACT_MW,3.2,11251,ACTUAL,217
2019-12-13T08:00:00-00:00,2019-12-13T09:00:00-00:00,0,2019-12-13,1,0,ACTUAL,SCE-TAC,Total Actual Hourly Integrated Load,SYS_FCST_ACT_MW,3.2,9648,ACTUAL,217
2019-12-14T06:00:00-00:00,2019-12-14T07:00:00-00:00,0,2019-12-13,23,0,ACTUAL,SCE-TAC,Total Actual Hourly Integrated Load,SYS_FCST_ACT_MW,3.2,10907,ACTUAL,217
2019-12-14T00:00:00-00:00,2019-12-14T01:00:00-00:00,0,2019-12-13,17,0,ACTUAL,SCE-TAC,Total Actual Hourly Integrated Load,SYS_FCST_ACT_MW,3.2,11761,ACTUAL,217
2019-12-13T23:00:00-00:00,2019-12-14T00:00:00-00:00,0,2019-12-13,16,0,ACTUAL,SCE-TAC,Total Actual Hourly Integrated Load,SYS_FCST_ACT_MW,3.2,11109,ACTUAL,217
2019-12-13T14:00:00-00:00,2019-12-13T15:00:00-00:00,0,2019-12-13,7,0,ACTUAL,SCE-TAC,Total Actual Hourly Integrated Load,SYS_FCST_ACT_MW,3.2,10940,ACTUAL,217
2019-12-14T02:00:00-00:00,2019-12-14T03:00:00-00:00,0,2019-12-13,19,0,ACTUAL,SCL,Total Actual Hourly Integrated Load,SYS_FCST_ACT_MW,3.8,1338,ACTUAL,218
2019-12-13T20:00:00-00:00,2019-12-13T21:00:00-00:00,0,2019-12-13,13,0,ACTUAL,SCL,Total Actual Hourly Integrated Load,SYS_FCST_ACT_MW,3.8,1307,ACTUAL,218
2019-12-13T19:00:00-00:00,2019-12-13T20:00:00-00:00,0,2019-12-13,12,0,ACTUAL,SCL,Total Actual Hourly Integrated Load,SYS_FCST_ACT_MW,3.8,1313,ACTUAL,218
2019-12-13T16:00:00-00:00,2019-12-13T17:00:00-00:00,0,2019-12-13,9,0,ACTUAL,SCL,Total Actual Hourly Integrated Load,SYS_FCST_ACT_MW,3.8,1368,ACTUAL,218
2019-12-13T15:00:00-00:00,2019-12-13T16:00:00-00:00,0,2019-12-13,8,0,ACTUAL,SCL,Total Actual Hourly Integrated Load,SYS_FCST_ACT_MW,3.8,1364,ACTUAL,218
2019-12-13T14:00:00-00:00,2019-12-13T15:00:00-00:00,0,2019-12-13,7,0,ACTUAL,SCL,Total Actual Hourly Integrated Load,SYS_FCST_ACT_MW,3.8,1249,ACTUAL,218
2019-12-14T04:00:00-00:00,2019-12-14T05:00:00-00:00,0,2019-12-13,21,0,ACTUAL,SCL,Total Actual Hourly Integrated Load,SYS_FCST_ACT_MW,3.8,1245,ACTUAL,218
2019-12-14T00:00:00-00:00,2019-12-14T01:00:00-00:00,0,2019-12-13,17,0,ACTUAL,SCL,Total Actual Hourly Integrated Load,SYS_FCST_ACT_MW,3.8,1351,ACTUAL,218
2019-12-13T23:00:00-00:00,2019-12-14T00:00:00-00:00,0,2019-12-13,16,0,ACTUAL,SCL,Total Actual Hourly Integrated Load,SYS_FCST_ACT_MW,3.8,1283,ACTUAL,218
2019-12-13T17:00:00-00:00,2019-12-13T18:00:00-00:00,0,2019-12-13,10,0,ACTUAL,SCL,Total Actual Hourly Integrated Load,SYS_FCST_ACT_MW,3.8,1346,ACTUAL,218
2019-12-13T18:00:00-00:00,2019-12-13T19:00:00-00:00,0,2019-12-13,11,0,ACTUAL,SCL,Total Actual Hourly Integrated Load,SYS_FCST_ACT_MW,3.8,1320,ACTUAL,218
2019-12-13T13:00:00-00:00,2019-12-13T14:00:00-00:00,0,2019-12-13,6,0,ACTUAL,SCL,Total Actual Hourly Integrated Load,SYS_FCST_ACT_MW,3.8,1086,ACTUAL,218
2019-12-13T10:00:00-00:00,2019-12-13T11:00:00-00:00,0,2019-12-13,3,0,ACTUAL,SCL,Total Actual Hourly Integrated Load,SYS_FCST_ACT_MW,3.8,906,ACTUAL,218
2019-12-13T08:00:00-00:00,2019-12-13T09:00:00-00:00,0,2019-12-13,1,0,ACTUAL,SCL,Total Actual Hourly Integrated Load,SYS_FCST_ACT_MW,3.8,962,ACTUAL,218
2019-12-14T07:00:00-00:00,2019-12-14T08:00:00-00:00,0,2019-12-13,24,0,ACTUAL,SCL,Total Actual Hourly Integrated Load,SYS_FCST_ACT_MW,3.8,1047,ACTUAL,218
2019-12-13T22:00:00-00:00,2019-12-13T23:00:00-00:00,0,2019-12-13,15,0,ACTUAL,SCL,Total Actual Hourly Integrated Load,SYS_FCST_ACT_MW,3.8,1269,ACTUAL,218
2019-12-13T21:00:00-00:00,2019-12-13T22:00:00-00:00,0,2019-12-13,14,0,ACTUAL,SCL,Total Actual Hourly Integrated Load,SYS_FCST_ACT_MW,3.8,1293,ACTUAL,218
2019-12-13T12:00:00-00:00,2019-12-13T13:00:00-00:00,0,2019-12-13,5,0,ACTUAL,SCL,Total Actual Hourly Integrated Load,SYS_FCST_ACT_MW,3.8,964,ACTUAL,218
2019-12-14T01:00:00-00:00,2019-12-14T02:00:00-00:00,0,2019-12-13,18,0,ACTUAL,SCL,Total Actual Hourly Integrated Load,SYS_FCST_ACT_MW,3.8,1383,ACTUAL,218
2019-12-13T11:00:00-00:00,2019-12-13T12:00:00-00:00,0,2019-12-13,4,0,ACTUAL,SCL,Total Actual Hourly Integrated Load,SYS_FCST_ACT_MW,3.8,910,ACTUAL,218
2019-12-14T03:00:00-00:00,2019-12-14T04:00:00-00:00,0,2019-12-13,20,0,ACTUAL,SCL,Total Actual Hourly Integrated Load,SYS_FCST_ACT_MW,3.8,1290,ACTUAL,218
2019-12-14T06:00:00-00:00,2019-12-14T07:00:00-00:00,0,2019-12-13,23,0,ACTUAL,SCL,Total Actual Hourly Integrated Load,SYS_FCST_ACT_MW,3.8,1122,ACTUAL,218
2019-12-14T05:00:00-00:00,2019-12-14T06:00:00-00:00,0,2019-12-13,22,0,ACTUAL,SCL,Total Actual Hourly Integrated Load,SYS_FCST_ACT_MW,3.8,1190,ACTUAL,218
2019-12-13T09:00:00-00:00,2019-12-13T10:00:00-00:00,0,2019-12-13,2,0,ACTUAL,SCL,Total Actual Hourly Integrated Load,SYS_FCST_ACT_MW,3.8,923,ACTUAL,218
2019-12-14T04:00:00-00:00,2019-12-14T05:00:00-00:00,0,2019-12-13,21,0,ACTUAL,SDGE-TAC,Total Actual Hourly Integrated Load,SYS_FCST_ACT_MW,3.4,2521,ACTUAL,219
2019-12-13T23:00:00-00:00,2019-12-14T00:00:00-00:00,0,2019-12-13,16,0,ACTUAL,SDGE-TAC,Total Actual Hourly Integrated Load,SYS_FCST_ACT_MW,3.4,2286,ACTUAL,219
2019-12-13T15:00:00-00:00,2019-12-13T16:00:00-00:00,0,2019-12-13,8,0,ACTUAL,SDGE-TAC,Total Actual Hourly Integrated Load,SYS_FCST_ACT_MW,3.4,2313,ACTUAL,219
2019-12-13T19:00:00-00:00,2019-12-13T20:00:00-00:00,0,2019-12-13,12,0,ACTUAL,SDGE-TAC,Total Actual Hourly Integrated Load,SYS_FCST_ACT_MW,3.4,1921,ACTUAL,219
2019-12-14T01:00:00-00:00,2019-12-14T02:00:00-00:00,0,2019-12-13,18,0,ACTUAL,SDGE-TAC,Total Actual Hourly Integrated Load,SYS_FCST_ACT_MW,3.4,2763,ACTUAL,219
2019-12-14T03:00:00-00:00,2019-12-14T04:00:00-00:00,0,2019-12-13,20,0,ACTUAL,SDGE-TAC,Total Actual Hourly Integrated Load,SYS_FCST_ACT_MW,3.4,2606,ACTUAL,219
2019-12-14T06:00:00-00:00,2019-12-14T07:00:00-00:00,0,2019-12-13,23,0,ACTUAL,SDGE-TAC,Total Actual Hourly Integrated Load,SYS_FCST_ACT_MW,3.4,2237,ACTUAL,219
2019-12-13T11:00:00-00:00,2019-12-13T12:00:00-00:00,0,2019-12-13,4,0,ACTUAL,SDGE-TAC,Total Actual Hourly Integrated Load,SYS_FCST_ACT_MW,3.4,1829,ACTUAL,219
2019-12-13T12:00:00-00:00,2019-12-13T13:00:00-00:00,0,2019-12-13,5,0,ACTUAL,SDGE-TAC,Total Actual Hourly Integrated Load,SYS_FCST_ACT_MW,3.4,1873,ACTUAL,219
2019-12-13T14:00:00-00:00,2019-12-13T15:00:00-00:00,0,2019-12-13,7,0,ACTUAL,SDGE-TAC,Total Actual Hourly Integrated Load,SYS_FCST_ACT_MW,3.4,2248,ACTUAL,219
2019-12-13T08:00:00-00:00,2019-12-13T09:00:00-00:00,0,2019-12-13,1,0,ACTUAL,SDGE-TAC,Total Actual Hourly Integrated Load,SYS_FCST_ACT_MW,3.4,1974,ACTUAL,219
2019-12-13T16:00:00-00:00,2019-12-13T17:00:00-00:00,0,2019-12-13,9,0,ACTUAL,SDGE-TAC,Total Actual Hourly Integrated Load,SYS_FCST_ACT_MW,3.4,2182,ACTUAL,219
2019-12-13T17:00:00-00:00,2019-12-13T18:00:00-00:00,0,2019-12-13,10,0,ACTUAL,SDGE-TAC,Total Actual Hourly Integrated Load,SYS_FCST_ACT_MW,3.4,2056,ACTUAL,219
2019-12-13T21:00:00-00:00,2019-12-13T22:00:00-00:00,0,2019-12-13,14,0,ACTUAL,SDGE-TAC,Total Actual Hourly Integrated Load,SYS_FCST_ACT_MW,3.4,2001,ACTUAL,219
2019-12-14T00:00:00-00:00,2019-12-14T01:00:00-00:00,0,2019-12-13,17,0,ACTUAL,SDGE-TAC,Total Actual Hourly Integrated Load,SYS_FCST_ACT_MW,3.4,2528,ACTUAL,219
2019-12-14T07:00:00-00:00,2019-12-14T08:00:00-00:00,0,2019-12-13,24,0,ACTUAL,SDGE-TAC,Total Actual Hourly Integrated Load,SYS_FCST_ACT_MW,3.4,2056,ACTUAL,219
2019-12-13T09:00:00-00:00,2019-12-13T10:00:00-00:00,0,2019-12-13,2,0,ACTUAL,SDGE-TAC,Total Actual Hourly Integrated Load,SYS_FCST_ACT_MW,3.4,1893,ACTUAL,219
2019-12-13T10:00:00-00:00,2019-12-13T11:00:00-00:00,0,2019-12-13,3,0,ACTUAL,SDGE-TAC,Total Actual Hourly Integrated Load,SYS_FCST_ACT_MW,3.4,1844,ACTUAL,219
2019-12-13T22:00:00-00:00,2019-12-13T23:00:00-00:00,0,2019-12-13,15,0,ACTUAL,SDGE-TAC,Total Actual Hourly Integrated Load,SYS_FCST_ACT_MW,3.4,2120,ACTUAL,219
2019-12-13T18:00:00-00:00,2019-12-13T19:00:00-00:00,0,2019-12-13,11,0,ACTUAL,SDGE-TAC,Total Actual Hourly Integrated Load,SYS_FCST_ACT_MW,3.4,1960,ACTUAL,219
2019-12-14T02:00:00-00:00,2019-12-14T03:00:00-00:00,0,2019-12-13,19,0,ACTUAL,SDGE-TAC,Total Actual Hourly Integrated Load,SYS_FCST_ACT_MW,3.4,2701,ACTUAL,219
2019-12-14T05:00:00-00:00,2019-12-14T06:00:00-00:00,0,2019-12-13,22,0,ACTUAL,SDGE-TAC,Total Actual Hourly Integrated Load,SYS_FCST_ACT_MW,3.4,2416,ACTUAL,219
2019-12-13T20:00:00-00:00,2019-12-13T21:00:00-00:00,0,2019-12-13,13,0,ACTUAL,SDGE-TAC,Total Actual Hourly Integrated Load,SYS_FCST_ACT_MW,3.4,1970,ACTUAL,219
2019-12-13T13:00:00-00:00,2019-12-13T14:00:00-00:00,0,2019-12-13,6,0,ACTUAL,SDGE-TAC,Total Actual Hourly Integrated Load,SYS_FCST_ACT_MW,3.4,1995,ACTUAL,219
2019-12-13T21:00:00-00:00,2019-12-13T22:00:00-00:00,0,2019-12-13,14,0,ACTUAL,SRP,Total Actual Hourly Integrated Load,SYS_FCST_ACT_MW,3.8,2680,ACTUAL,220
2019-12-13T14:00:00-00:00,2019-12-13T15:00:00-00:00,0,2019-12-13,7,0,ACTUAL,SRP,Total Actual Hourly Integrated Load,SYS_FCST_ACT_MW,3.8,3346,ACTUAL,220
2019-12-13T18:00:00-00:00,2019-12-13T19:00:00-00:00,0,2019-12-13,11,0,ACTUAL,SRP,Total Actual Hourly Integrated Load,SYS_FCST_ACT_MW,3.8,2798,ACTUAL,220
2019-12-14T04:00:00-00:00,2019-12-14T05:00:00-00:00,0,2019-12-13,21,0,ACTUAL,SRP,Total Actual Hourly Integrated Load,SYS_FCST_ACT_MW,3.8,2961,ACTUAL,220
2019-12-14T01:00:00-00:00,2019-12-14T02:00:00-00:00,0,2019-12-13,18,0,ACTUAL,SRP,Total Actual Hourly Integrated Load,SYS_FCST_ACT_MW,3.8,3050,ACTUAL,220
2019-12-13T17:00:00-00:00,2019-12-13T18:00:00-00:00,0,2019-12-13,10,0,ACTUAL,SRP,Total Actual Hourly Integrated Load,SYS_FCST_ACT_MW,3.8,2902,ACTUAL,220
2019-12-13T20:00:00-00:00,2019-12-13T21:00:00-00:00,0,2019-12-13,13,0,ACTUAL,SRP,Total Actual Hourly Integrated Load,SYS_FCST_ACT_MW,3.8,2706,ACTUAL,220
2019-12-14T02:00:00-00:00,2019-12-14T03:00:00-00:00,0,2019-12-13,19,0,ACTUAL,SRP,Total Actual Hourly Integrated Load,SYS_FCST_ACT_MW,3.8,3025,ACTUAL,220
2019-12-14T07:00:00-00:00,2019-12-14T08:00:00-00:00,0,2019-12-13,24,0,ACTUAL,SRP,Total Actual Hourly Integrated Load,SYS_FCST_ACT_MW,3.8,2586,ACTUAL,220
2019-12-13T12:00:00-00:00,2019-12-13T13:00:00-00:00,0,2019-12-13,5,0,ACTUAL,SRP,Total Actual Hourly Integrated Load,SYS_FCST_ACT_MW,3.8,2954,ACTUAL,220
2019-12-13T15:00:00-00:00,2019-12-13T16:00:00-00:00,0,2019-12-13,8,0,ACTUAL,SRP,Total Actual Hourly Integrated Load,SYS_FCST_ACT_MW,3.8,3175,ACTUAL,220
2019-12-13T16:00:00-00:00,2019-12-13T17:00:00-00:00,0,2019-12-13,9,0,ACTUAL,SRP,Total Actual Hourly Integrated Load,SYS_FCST_ACT_MW,3.8,3012,ACTUAL,220
2019-12-13T22:00:00-00:00,2019-12-13T23:00:00-00:00,0,2019-12-13,15,0,ACTUAL,SRP,Total Actual Hourly Integrated Load,SYS_FCST_ACT_MW,3.8,2693,ACTUAL,220
2019-12-13T23:00:00-00:00,2019-12-14T00:00:00-00:00,0,2019-12-13,16,0,ACTUAL,SRP,Total Actual Hourly Integrated Load,SYS_FCST_ACT_MW,3.8,2765,ACTUAL,220
2019-12-14T00:00:00-00:00,2019-12-14T01:00:00-00:00,0,2019-12-13,17,0,ACTUAL,SRP,Total Actual Hourly Integrated Load,SYS_FCST_ACT_MW,3.8,2943,ACTUAL,220
2019-12-14T06:00:00-00:00,2019-12-14T07:00:00-00:00,0,2019-12-13,23,0,ACTUAL,SRP,Total Actual Hourly Integrated Load,SYS_FCST_ACT_MW,3.8,2693,ACTUAL,220
2019-12-13T11:00:00-00:00,2019-12-13T12:00:00-00:00,0,2019-12-13,4,0,ACTUAL,SRP,Total Actual Hourly Integrated Load,SYS_FCST_ACT_MW,3.8,2708,ACTUAL,220
2019-12-13T08:00:00-00:00,2019-12-13T09:00:00-00:00,0,2019-12-13,1,0,ACTUAL,SRP,Total Actual Hourly Integrated Load,SYS_FCST_ACT_MW,3.8,2544,ACTUAL,220
2019-12-13T10:00:00-00:00,2019-12-13T11:00:00-00:00,0,2019-12-13,3,0,ACTUAL,SRP,Total Actual Hourly Integrated Load,SYS_FCST_ACT_MW,3.8,2582,ACTUAL,220
2019-12-13T13:00:00-00:00,2019-12-13T14:00:00-00:00,0,2019-12-13,6,0,ACTUAL,SRP,Total Actual Hourly Integrated Load,SYS_FCST_ACT_MW,3.8,3263,ACTUAL,220
2019-12-14T03:00:00-00:00,2019-12-14T04:00:00-00:00,0,2019-12-13,20,0,ACTUAL,SRP,Total Actual Hourly Integrated Load,SYS_FCST_ACT_MW,3.8,3016,ACTUAL,220
2019-12-14T05:00:00-00:00,2019-12-14T06:00:00-00:00,0,2019-12-13,22,0,ACTUAL,SRP,Total Actual Hourly Integrated Load,SYS_FCST_ACT_MW,3.8,2848,ACTUAL,220
2019-12-13T09:00:00-00:00,2019-12-13T10:00:00-00:00,0,2019-12-13,2,0,ACTUAL,SRP,Total Actual Hourly Integrated Load,SYS_FCST_ACT_MW,3.8,2529,ACTUAL,220
2019-12-13T19:00:00-00:00,2019-12-13T20:00:00-00:00,0,2019-12-13,12,0,ACTUAL,SRP,Total Actual Hourly Integrated Load,SYS_FCST_ACT_MW,3.8,2751,ACTUAL,220
2019-12-14T02:00:00-00:00,2019-12-14T03:00:00-00:00,0,2019-12-13,19,0,ACTUAL,VEA-TAC,Total Actual Hourly Integrated Load,SYS_FCST_ACT_MW,3.5,67,ACTUAL,221
2019-12-13T18:00:00-00:00,2019-12-13T19:00:00-00:00,0,2019-12-13,11,0,ACTUAL,VEA-TAC,Total Actual Hourly Integrated Load,SYS_FCST_ACT_MW,3.5,66,ACTUAL,221
2019-12-13T09:00:00-00:00,2019-12-13T10:00:00-00:00,0,2019-12-13,2,0,ACTUAL,VEA-TAC,Total Actual Hourly Integrated Load,SYS_FCST_ACT_MW,3.5,72,ACTUAL,221
2019-12-13T20:00:00-00:00,2019-12-13T21:00:00-00:00,0,2019-12-13,13,0,ACTUAL,VEA-TAC,Total Actual Hourly Integrated Load,SYS_FCST_ACT_MW,3.5,54,ACTUAL,221
2019-12-14T00:00:00-00:00,2019-12-14T01:00:00-00:00,0,2019-12-13,17,0,ACTUAL,VEA-TAC,Total Actual Hourly Integrated Load,SYS_FCST_ACT_MW,3.5,62,ACTUAL,221
2019-12-14T01:00:00-00:00,2019-12-14T02:00:00-00:00,0,2019-12-13,18,0,ACTUAL,VEA-TAC,Total Actual Hourly Integrated Load,SYS_FCST_ACT_MW,3.5,67,ACTUAL,221
2019-12-14T05:00:00-00:00,2019-12-14T06:00:00-00:00,0,2019-12-13,22,0,ACTUAL,VEA-TAC,Total Actual Hourly Integrated Load,SYS_FCST_ACT_MW,3.5,67,ACTUAL,221
2019-12-14T07:00:00-00:00,2019-12-14T08:00:00-00:00,0,2019-12-13,24,0,ACTUAL,VEA-TAC,Total Actual Hourly Integrated Load,SYS_FCST_ACT_MW,3.5,63,ACTUAL,221
2019-12-13T13:00:00-00:00,2019-12-13T14:00:00-00:00,0,2019-12-13,6,0,ACTUAL,VEA-TAC,Total Actual Hourly Integrated Load,SYS_FCST_ACT_MW,3.5,91,ACTUAL,221
2019-12-13T17:00:00-00:00,2019-12-13T18:00:00-00:00,0,2019-12-13,10,0,ACTUAL,VEA-TAC,Total Actual Hourly Integrated Load,SYS_FCST_ACT_MW,3.5,74,ACTUAL,221
2019-12-13T22:00:00-00:00,2019-12-13T23:00:00-00:00,0,2019-12-13,15,0,ACTUAL,VEA-TAC,Total Actual Hourly Integrated Load,SYS_FCST_ACT_MW,3.5,51,ACTUAL,221
2019-12-14T03:00:00-00:00,2019-12-14T04:00:00-00:00,0,2019-12-13,20,0,ACTUAL,VEA-TAC,Total Actual Hourly Integrated Load,SYS_FCST_ACT_MW,3.5,69,ACTUAL,221
2019-12-13T14:00:00-00:00,2019-12-13T15:00:00-00:00,0,2019-12-13,7,0,ACTUAL,VEA-TAC,Total Actual Hourly Integrated Load,SYS_FCST_ACT_MW,3.5,99,ACTUAL,221
2019-12-13T15:00:00-00:00,2019-12-13T16:00:00-00:00,0,2019-12-13,8,0,ACTUAL,VEA-TAC,Total Actual Hourly Integrated Load,SYS_FCST_ACT_MW,3.5,96,ACTUAL,221
2019-12-13T16:00:00-00:00,2019-12-13T17:00:00-00:00,0,2019-12-13,9,0,ACTUAL,VEA-TAC,Total Actual Hourly Integrated Load,SYS_FCST_ACT_MW,3.5,84,ACTUAL,221
2019-12-13T19:00:00-00:00,2019-12-13T20:00:00-00:00,0,2019-12-13,12,0,ACTUAL,VEA-TAC,Total Actual Hourly Integrated Load,SYS_FCST_ACT_MW,3.5,59,ACTUAL,221
2019-12-13T11:00:00-00:00,2019-12-13T12:00:00-00:00,0,2019-12-13,4,0,ACTUAL,VEA-TAC,Total Actual Hourly Integrated Load,SYS_FCST_ACT_MW,3.5,77,ACTUAL,221
2019-12-13T21:00:00-00:00,2019-12-13T22:00:00-00:00,0,2019-12-13,14,0,ACTUAL,VEA-TAC,Total Actual Hourly Integrated Load,SYS_FCST_ACT_MW,3.5,51,ACTUAL,221
2019-12-13T23:00:00-00:00,2019-12-14T00:00:00-00:00,0,2019-12-13,16,0,ACTUAL,VEA-TAC,Total Actual Hourly Integrated Load,SYS_FCST_ACT_MW,3.5,54,ACTUAL,221
2019-12-13T08:00:00-00:00,2019-12-13T09:00:00-00:00,0,2019-12-13,1,0,ACTUAL,VEA-TAC,Total Actual Hourly Integrated Load,SYS_FCST_ACT_MW,3.5,71,ACTUAL,221
2019-12-14T04:00:00-00:00,2019-12-14T05:00:00-00:00,0,2019-12-13,21,0,ACTUAL,VEA-TAC,Total Actual Hourly Integrated Load,SYS_FCST_ACT_MW,3.5,69,ACTUAL,221
2019-12-13T10:00:00-00:00,2019-12-13T11:00:00-00:00,0,2019-12-13,3,0,ACTUAL,VEA-TAC,Total Actual Hourly Integrated Load,SYS_FCST_ACT_MW,3.5,74,ACTUAL,221
2019-12-13T12:00:00-00:00,2019-12-13T13:00:00-00:00,0,2019-12-13,5,0,ACTUAL,VEA-TAC,Total Actual Hourly Integrated Load,SYS_FCST_ACT_MW,3.5,83,ACTUAL,221
2019-12-14T06:00:00-00:00,2019-12-14T07:00:00-00:00,0,2019-12-13,23,0,ACTUAL,VEA-TAC,Total Actual Hourly Integrated Load,SYS_FCST_ACT_MW,3.5,65,ACTUAL,221
2019-12-15T07:00:00-00:00,2019-12-15T08:00:00-00:00,0,2019-12-14,24,0,ACTUAL,AZPS,Total Actual Hourly Integrated Load,SYS_FCST_ACT_MW,3.8,2528,ACTUAL,222
2019-12-14T14:00:00-00:00,2019-12-14T15:00:00-00:00,0,2019-12-14,7,0,ACTUAL,AZPS,Total Actual Hourly Integrated Load,SYS_FCST_ACT_MW,3.8,2997,ACTUAL,222
2019-12-14T18:00:00-00:00,2019-12-14T19:00:00-00:00,0,2019-12-14,11,0,ACTUAL,AZPS,Total Actual Hourly Integrated Load,SYS_FCST_ACT_MW,3.8,2371,ACTUAL,222
2019-12-14T23:00:00-00:00,2019-12-15T00:00:00-00:00,0,2019-12-14,16,0,ACTUAL,AZPS,Total Actual Hourly Integrated Load,SYS_FCST_ACT_MW,3.8,2683,ACTUAL,222
2019-12-15T00:00:00-00:00,2019-12-15T01:00:00-00:00,0,2019-12-14,17,0,ACTUAL,AZPS,Total Actual Hourly Integrated Load,SYS_FCST_ACT_MW,3.8,2942,ACTUAL,222
2019-12-15T06:00:00-00:00,2019-12-15T07:00:00-00:00,0,2019-12-14,23,0,ACTUAL,AZPS,Total Actual Hourly Integrated Load,SYS_FCST_ACT_MW,3.8,2626,ACTUAL,222
2019-12-14T11:00:00-00:00,2019-12-14T12:00:00-00:00,0,2019-12-14,4,0,ACTUAL,AZPS,Total Actual Hourly Integrated Load,SYS_FCST_ACT_MW,3.8,2590,ACTUAL,222
2019-12-14T16:00:00-00:00,2019-12-14T17:00:00-00:00,0,2019-12-14,9,0,ACTUAL,AZPS,Total Actual Hourly Integrated Load,SYS_FCST_ACT_MW,3.8,2726,ACTUAL,222
2019-12-14T20:00:00-00:00,2019-12-14T21:00:00-00:00,0,2019-12-14,13,0,ACTUAL,AZPS,Total Actual Hourly Integrated Load,SYS_FCST_ACT_MW,3.8,2273,ACTUAL,222
2019-12-14T19:00:00-00:00,2019-12-14T20:00:00-00:00,0,2019-12-14,12,0,ACTUAL,AZPS,Total Actual Hourly Integrated Load,SYS_FCST_ACT_MW,3.8,2273,ACTUAL,222
2019-12-14T21:00:00-00:00,2019-12-14T22:00:00-00:00,0,2019-12-14,14,0,ACTUAL,AZPS,Total Actual Hourly Integrated Load,SYS_FCST_ACT_MW,3.8,2351,ACTUAL,222
2019-12-15T03:00:00-00:00,2019-12-15T04:00:00-00:00,0,2019-12-14,20,0,ACTUAL,AZPS,Total Actual Hourly Integrated Load,SYS_FCST_ACT_MW,3.8,2945,ACTUAL,222
2019-12-14T09:00:00-00:00,2019-12-14T10:00:00-00:00,0,2019-12-14,2,0,ACTUAL,AZPS,Total Actual Hourly Integrated Load,SYS_FCST_ACT_MW,3.8,2530,ACTUAL,222
2019-12-15T05:00:00-00:00,2019-12-15T06:00:00-00:00,0,2019-12-14,22,0,ACTUAL,AZPS,Total Actual Hourly Integrated Load,SYS_FCST_ACT_MW,3.8,2767,ACTUAL,222
2019-12-14T10:00:00-00:00,2019-12-14T11:00:00-00:00,0,2019-12-14,3,0,ACTUAL,AZPS,Total Actual Hourly Integrated Load,SYS_FCST_ACT_MW,3.8,2539,ACTUAL,222
2019-12-14T12:00:00-00:00,2019-12-14T13:00:00-00:00,0,2019-12-14,5,0,ACTUAL,AZPS,Total Actual Hourly Integrated Load,SYS_FCST_ACT_MW,3.8,2711,ACTUAL,222
2019-12-14T15:00:00-00:00,2019-12-14T16:00:00-00:00,0,2019-12-14,8,0,ACTUAL,AZPS,Total Actual Hourly Integrated Load,SYS_FCST_ACT_MW,3.8,2938,ACTUAL,222
2019-12-14T22:00:00-00:00,2019-12-14T23:00:00-00:00,0,2019-12-14,15,0,ACTUAL,AZPS,Total Actual Hourly Integrated Load,SYS_FCST_ACT_MW,3.8,2492,ACTUAL,222
2019-12-15T01:00:00-00:00,2019-12-15T02:00:00-00:00,0,2019-12-14,18,0,ACTUAL,AZPS,Total Actual Hourly Integrated Load,SYS_FCST_ACT_MW,3.8,3033,ACTUAL,222
2019-12-15T04:00:00-00:00,2019-12-15T05:00:00-00:00,0,2019-12-14,21,0,ACTUAL,AZPS,Total Actual Hourly Integrated Load,SYS_FCST_ACT_MW,3.8,2886,ACTUAL,222
2019-12-15T02:00:00-00:00,2019-12-15T03:00:00-00:00,0,2019-12-14,19,0,ACTUAL,AZPS,Total Actual Hourly Integrated Load,SYS_FCST_ACT_MW,3.8,2977,ACTUAL,222
2019-12-14T13:00:00-00:00,2019-12-14T14:00:00-00:00,0,2019-12-14,6,0,ACTUAL,AZPS,Total Actual Hourly Integrated Load,SYS_FCST_ACT_MW,3.8,2877,ACTUAL,222
2019-12-14T17:00:00-00:00,2019-12-14T18:00:00-00:00,0,2019-12-14,10,0,ACTUAL,AZPS,Total Actual Hourly Integrated Load,SYS_FCST_ACT_MW,3.8,2527,ACTUAL,222
2019-12-14T08:00:00-00:00,2019-12-14T09:00:00-00:00,0,2019-12-14,1,0,ACTUAL,AZPS,Total Actual Hourly Integrated Load,SYS_FCST_ACT_MW,3.8,2555,ACTUAL,222
2019-12-14T18:00:00-00:00,2019-12-14T19:00:00-00:00,0,2019-12-14,11,0,ACTUAL,BANCSMUD,Total Actual Hourly Integrated Load,SYS_FCST_ACT_MW,3.8,1196,ACTUAL,223
2019-12-15T02:00:00-00:00,2019-12-15T03:00:00-00:00,0,2019-12-14,19,0,ACTUAL,BANCSMUD,Total Actual Hourly Integrated Load,SYS_FCST_ACT_MW,3.8,1324,ACTUAL,223
2019-12-15T04:00:00-00:00,2019-12-15T05:00:00-00:00,0,2019-12-14,21,0,ACTUAL,BANCSMUD,Total Actual Hourly Integrated Load,SYS_FCST_ACT_MW,3.8,1269,ACTUAL,223
2019-12-14T10:00:00-00:00,2019-12-14T11:00:00-00:00,0,2019-12-14,3,0,ACTUAL,BANCSMUD,Total Actual Hourly Integrated Load,SYS_FCST_ACT_MW,3.8,926,ACTUAL,223
2019-12-14T08:00:00-00:00,2019-12-14T09:00:00-00:00,0,2019-12-14,1,0,ACTUAL,BANCSMUD,Total Actual Hourly Integrated Load,SYS_FCST_ACT_MW,3.8,967,ACTUAL,223
2019-12-15T00:00:00-00:00,2019-12-15T01:00:00-00:00,0,2019-12-14,17,0,ACTUAL,BANCSMUD,Total Actual Hourly Integrated Load,SYS_FCST_ACT_MW,3.8,1227,ACTUAL,223
2019-12-14T23:00:00-00:00,2019-12-15T00:00:00-00:00,0,2019-12-14,16,0,ACTUAL,BANCSMUD,Total Actual Hourly Integrated Load,SYS_FCST_ACT_MW,3.8,1153,ACTUAL,223
2019-12-15T05:00:00-00:00,2019-12-15T06:00:00-00:00,0,2019-12-14,22,0,ACTUAL,BANCSMUD,Total Actual Hourly Integrated Load,SYS_FCST_ACT_MW,3.8,1231,ACTUAL,223
2019-12-14T20:00:00-00:00,2019-12-14T21:00:00-00:00,0,2019-12-14,13,0,ACTUAL,BANCSMUD,Total Actual Hourly Integrated Load,SYS_FCST_ACT_MW,3.8,1151,ACTUAL,223
2019-12-14T13:00:00-00:00,2019-12-14T14:00:00-00:00,0,2019-12-14,6,0,ACTUAL,BANCSMUD,Total Actual Hourly Integrated Load,SYS_FCST_ACT_MW,3.8,982,ACTUAL,223
2019-12-14T12:00:00-00:00,2019-12-14T13:00:00-00:00,0,2019-12-14,5,0,ACTUAL,BANCSMUD,Total Actual Hourly Integrated Load,SYS_FCST_ACT_MW,3.8,939,ACTUAL,223
2019-12-15T07:00:00-00:00,2019-12-15T08:00:00-00:00,0,2019-12-14,24,0,ACTUAL,BANCSMUD,Total Actual Hourly Integrated Load,SYS_FCST_ACT_MW,3.8,1097,ACTUAL,223
2019-12-14T09:00:00-00:00,2019-12-14T10:00:00-00:00,0,2019-12-14,2,0,ACTUAL,BANCSMUD,Total Actual Hourly Integrated Load,SYS_FCST_ACT_MW,3.8,918,ACTUAL,223
2019-12-15T03:00:00-00:00,2019-12-15T04:00:00-00:00,0,2019-12-14,20,0,ACTUAL,BANCSMUD,Total Actual Hourly Integrated Load,SYS_FCST_ACT_MW,3.8,1288,ACTUAL,223
2019-12-14T11:00:00-00:00,2019-12-14T12:00:00-00:00,0,2019-12-14,4,0,ACTUAL,BANCSMUD,Total Actual Hourly Integrated Load,SYS_FCST_ACT_MW,3.8,924,ACTUAL,223
2019-12-15T01:00:00-00:00,2019-12-15T02:00:00-00:00,0,2019-12-14,18,0,ACTUAL,BANCSMUD,Total Actual Hourly Integrated Load,SYS_FCST_ACT_MW,3.8,1328,ACTUAL,223
2019-12-15T06:00:00-00:00,2019-12-15T07:00:00-00:00,0,2019-12-14,23,0,ACTUAL,BANCSMUD,Total Actual Hourly Integrated Load,SYS_FCST_ACT_MW,3.8,1173,ACTUAL,223
2019-12-14T22:00:00-00:00,2019-12-14T23:00:00-00:00,0,2019-12-14,15,0,ACTUAL,BANCSMUD,Total Actual Hourly Integrated Load,SYS_FCST_ACT_MW,3.8,1124,ACTUAL,223
2019-12-14T21:00:00-00:00,2019-12-14T22:00:00-00:00,0,2019-12-14,14,0,ACTUAL,BANCSMUD,Total Actual Hourly Integrated Load,SYS_FCST_ACT_MW,3.8,1127,ACTUAL,223
2019-12-14T15:00:00-00:00,2019-12-14T16:00:00-00:00,0,2019-12-14,8,0,ACTUAL,BANCSMUD,Total Actual Hourly Integrated Load,SYS_FCST_ACT_MW,3.8,1118,ACTUAL,223
2019-12-14T14:00:00-00:00,2019-12-14T15:00:00-00:00,0,2019-12-14,7,0,ACTUAL,BANCSMUD,Total Actual Hourly Integrated Load,SYS_FCST_ACT_MW,3.8,1052,ACTUAL,223
2019-12-14T19:00:00-00:00,2019-12-14T20:00:00-00:00,0,2019-12-14,12,0,ACTUAL,BANCSMUD,Total Actual Hourly Integrated Load,SYS_FCST_ACT_MW,3.8,1181,ACTUAL,223
2019-12-14T16:00:00-00:00,2019-12-14T17:00:00-00:00,0,2019-12-14,9,0,ACTUAL,BANCSMUD,Total Actual Hourly Integrated Load,SYS_FCST_ACT_MW,3.8,1166,ACTUAL,223
2019-12-14T17:00:00-00:00,2019-12-14T18:00:00-00:00,0,2019-12-14,10,0,ACTUAL,BANCSMUD,Total Actual Hourly Integrated Load,SYS_FCST_ACT_MW,3.8,1188,ACTUAL,223
2019-12-14T18:00:00-00:00,2019-12-14T19:00:00-00:00,0,2019-12-14,11,0,ACTUAL,BCHA,Total Actual Hourly Integrated Load,SYS_FCST_ACT_MW,3.8,8542,ACTUAL,224
2019-12-14T13:00:00-00:00,2019-12-14T14:00:00-00:00,0,2019-12-14,6,0,ACTUAL,BCHA,Total Actual Hourly Integrated Load,SYS_FCST_ACT_MW,3.8,6957,ACTUAL,224
2019-12-15T07:00:00-00:00,2019-12-15T08:00:00-00:00,0,2019-12-14,24,0,ACTUAL,BCHA,Total Actual Hourly Integrated Load,SYS_FCST_ACT_MW,3.8,7401,ACTUAL,224
2019-12-14T20:00:00-00:00,2019-12-14T21:00:00-00:00,0,2019-12-14,13,0,ACTUAL,BCHA,Total Actual Hourly Integrated Load,SYS_FCST_ACT_MW,3.8,8479,ACTUAL,224
2019-12-14T09:00:00-00:00,2019-12-14T10:00:00-00:00,0,2019-12-14,2,0,ACTUAL,BCHA,Total Actual Hourly Integrated Load,SYS_FCST_ACT_MW,3.8,6860,ACTUAL,224
2019-12-14T08:00:00-00:00,2019-12-14T09:00:00-00:00,0,2019-12-14,1,0,ACTUAL,BCHA,Total Actual Hourly Integrated Load,SYS_FCST_ACT_MW,3.8,7088,ACTUAL,224
2019-12-15T02:00:00-00:00,2019-12-15T03:00:00-00:00,0,2019-12-14,19,0,ACTUAL,BCHA,Total Actual Hourly Integrated Load,SYS_FCST_ACT_MW,3.8,8806,ACTUAL,224
2019-12-14T23:00:00-00:00,2019-12-15T00:00:00-00:00,0,2019-12-14,16,0,ACTUAL,BCHA,Total Actual Hourly Integrated Load,SYS_FCST_ACT_MW,3.8,8474,ACTUAL,224
2019-12-14T15:00:00-00:00,2019-12-14T16:00:00-00:00,0,2019-12-14,8,0,ACTUAL,BCHA,Total Actual Hourly Integrated Load,SYS_FCST_ACT_MW,3.8,7803,ACTUAL,224
2019-12-14T12:00:00-00:00,2019-12-14T13:00:00-00:00,0,2019-12-14,5,0,ACTUAL,BCHA,Total Actual Hourly Integrated Load,SYS_FCST_ACT_MW,3.8,6785,ACTUAL,224
2019-12-15T05:00:00-00:00,2019-12-15T06:00:00-00:00,0,2019-12-14,22,0,ACTUAL,BCHA,Total Actual Hourly Integrated Load,SYS_FCST_ACT_MW,3.8,8137,ACTUAL,224
2019-12-15T00:00:00-00:00,2019-12-15T01:00:00-00:00,0,2019-12-14,17,0,ACTUAL,BCHA,Total Actual Hourly Integrated Load,SYS_FCST_ACT_MW,3.8,8843,ACTUAL,224
2019-12-14T11:00:00-00:00,2019-12-14T12:00:00-00:00,0,2019-12-14,4,0,ACTUAL,BCHA,Total Actual Hourly Integrated Load,SYS_FCST_ACT_MW,3.8,6732,ACTUAL,224
2019-12-14T22:00:00-00:00,2019-12-14T23:00:00-00:00,0,2019-12-14,15,0,ACTUAL,BCHA,Total Actual Hourly Integrated Load,SYS_FCST_ACT_MW,3.8,8349,ACTUAL,224
2019-12-15T06:00:00-00:00,2019-12-15T07:00:00-00:00,0,2019-12-14,23,0,ACTUAL,BCHA,Total Actual Hourly Integrated Load,SYS_FCST_ACT_MW,3.8,7761,ACTUAL,224
2019-12-14T19:00:00-00:00,2019-12-14T20:00:00-00:00,0,2019-12-14,12,0,ACTUAL,BCHA,Total Actual Hourly Integrated Load,SYS_FCST_ACT_MW,3.8,8557,ACTUAL,224
2019-12-14T17:00:00-00:00,2019-12-14T18:00:00-00:00,0,2019-12-14,10,0,ACTUAL,BCHA,Total Actual Hourly Integrated Load,SYS_FCST_ACT_MW,3.8,8491,ACTUAL,224
2019-12-15T01:00:00-00:00,2019-12-15T02:00:00-00:00,0,2019-12-14,18,0,ACTUAL,BCHA,Total Actual Hourly Integrated Load,SYS_FCST_ACT_MW,3.8,9005,ACTUAL,224
2019-12-14T14:00:00-00:00,2019-12-14T15:00:00-00:00,0,2019-12-14,7,0,ACTUAL,BCHA,Total Actual Hourly Integrated Load,SYS_FCST_ACT_MW,3.8,7325,ACTUAL,224
2019-12-14T21:00:00-00:00,2019-12-14T22:00:00-00:00,0,2019-12-14,14,0,ACTUAL,BCHA,Total Actual Hourly Integrated Load,SYS_FCST_ACT_MW,3.8,8385,ACTUAL,224
2019-12-15T03:00:00-00:00,2019-12-15T04:00:00-00:00,0,2019-12-14,20,0,ACTUAL,BCHA,Total Actual Hourly Integrated Load,SYS_FCST_ACT_MW,3.8,8590,ACTUAL,224
2019-12-14T16:00:00-00:00,2019-12-14T17:00:00-00:00,0,2019-12-14,9,0,ACTUAL,BCHA,Total Actual Hourly Integrated Load,SYS_FCST_ACT_MW,3.8,8252,ACTUAL,224
2019-12-14T10:00:00-00:00,2019-12-14T11:00:00-00:00,0,2019-12-14,3,0,ACTUAL,BCHA,Total Actual Hourly Integrated Load,SYS_FCST_ACT_MW,3.8,6784,ACTUAL,224
2019-12-15T04:00:00-00:00,2019-12-15T05:00:00-00:00,0,2019-12-14,21,0,ACTUAL,BCHA,Total Actual Hourly Integrated Load,SYS_FCST_ACT_MW,3.8,8384,ACTUAL,224
2019-12-14T18:00:00-00:00,2019-12-14T19:00:00-00:00,0,2019-12-14,11,0,ACTUAL,CA ISO-TAC,Total Actual Hourly Integrated Load,SYS_FCST_ACT_MW,3,22646,ACTUAL,225
2019-12-15T04:00:00-00:00,2019-12-15T05:00:00-00:00,0,2019-12-14,21,0,ACTUAL,CA ISO-TAC,Total Actual Hourly Integrated Load,SYS_FCST_ACT_MW,3,25792,ACTUAL,225
2019-12-15T07:00:00-00:00,2019-12-15T08:00:00-00:00,0,2019-12-14,24,0,ACTUAL,CA ISO-TAC,Total Actual Hourly Integrated Load,SYS_FCST_ACT_MW,3,22235,ACTUAL,225
2019-12-14T11:00:00-00:00,2019-12-14T12:00:00-00:00,0,2019-12-14,4,0,ACTUAL,CA ISO-TAC,Total Actual Hourly Integrated Load,SYS_FCST_ACT_MW,3,20017,ACTUAL,225
2019-12-14T13:00:00-00:00,2019-12-14T14:00:00-00:00,0,2019-12-14,6,0,ACTUAL,CA ISO-TAC,Total Actual Hourly Integrated Load,SYS_FCST_ACT_MW,3,20835,ACTUAL,225
2019-12-14T19:00:00-00:00,2019-12-14T20:00:00-00:00,0,2019-12-14,12,0,ACTUAL,CA ISO-TAC,Total Actual Hourly Integrated Load,SYS_FCST_ACT_MW,3,22138,ACTUAL,225
2019-12-15T00:00:00-00:00,2019-12-15T01:00:00-00:00,0,2019-12-14,17,0,ACTUAL,CA ISO-TAC,Total Actual Hourly Integrated Load,SYS_FCST_ACT_MW,3,24701,ACTUAL,225
2019-12-15T01:00:00-00:00,2019-12-15T02:00:00-00:00,0,2019-12-14,18,0,ACTUAL,CA ISO-TAC,Total Actual Hourly Integrated Load,SYS_FCST_ACT_MW,3,26824,ACTUAL,225
2019-12-14T10:00:00-00:00,2019-12-14T11:00:00-00:00,0,2019-12-14,3,0,ACTUAL,CA ISO-TAC,Total Actual Hourly Integrated Load,SYS_FCST_ACT_MW,3,19959,ACTUAL,225
2019-12-14T20:00:00-00:00,2019-12-14T21:00:00-00:00,0,2019-12-14,13,0,ACTUAL,CA ISO-TAC,Total Actual Hourly Integrated Load,SYS_FCST_ACT_MW,3,21874,ACTUAL,225
2019-12-15T02:00:00-00:00,2019-12-15T03:00:00-00:00,0,2019-12-14,19,0,ACTUAL,CA ISO-TAC,Total Actual Hourly Integrated Load,SYS_FCST_ACT_MW,3,26713,ACTUAL,225
2019-12-15T05:00:00-00:00,2019-12-15T06:00:00-00:00,0,2019-12-14,22,0,ACTUAL,CA ISO-TAC,Total Actual Hourly Integrated Load,SYS_FCST_ACT_MW,3,25025,ACTUAL,225
2019-12-14T17:00:00-00:00,2019-12-14T18:00:00-00:00,0,2019-12-14,10,0,ACTUAL,CA ISO-TAC,Total Actual Hourly Integrated Load,SYS_FCST_ACT_MW,3,22918,ACTUAL,225
2019-12-14T15:00:00-00:00,2019-12-14T16:00:00-00:00,0,2019-12-14,8,0,ACTUAL,CA ISO-TAC,Total Actual Hourly Integrated Load,SYS_FCST_ACT_MW,3,22585,ACTUAL,225
2019-12-14T21:00:00-00:00,2019-12-14T22:00:00-00:00,0,2019-12-14,14,0,ACTUAL,CA ISO-TAC,Total Actual Hourly Integrated Load,SYS_FCST_ACT_MW,3,21907,ACTUAL,225
2019-12-14T12:00:00-00:00,2019-12-14T13:00:00-00:00,0,2019-12-14,5,0,ACTUAL,CA ISO-TAC,Total Actual Hourly Integrated Load,SYS_FCST_ACT_MW,3,20195,ACTUAL,225
2019-12-14T14:00:00-00:00,2019-12-14T15:00:00-00:00,0,2019-12-14,7,0,ACTUAL,CA ISO-TAC,Total Actual Hourly Integrated Load,SYS_FCST_ACT_MW,3,21822,ACTUAL,225
2019-12-14T16:00:00-00:00,2019-12-14T17:00:00-00:00,0,2019-12-14,9,0,ACTUAL,CA ISO-TAC,Total Actual Hourly Integrated Load,SYS_FCST_ACT_MW,3,23030,ACTUAL,225
2019-12-14T23:00:00-00:00,2019-12-15T00:00:00-00:00,0,2019-12-14,16,0,ACTUAL,CA ISO-TAC,Total Actual Hourly Integrated Load,SYS_FCST_ACT_MW,3,23254,ACTUAL,225
2019-12-14T08:00:00-00:00,2019-12-14T09:00:00-00:00,0,2019-12-14,1,0,ACTUAL,CA ISO-TAC,Total Actual Hourly Integrated Load,SYS_FCST_ACT_MW,3,21479,ACTUAL,225
2019-12-14T22:00:00-00:00,2019-12-14T23:00:00-00:00,0,2019-12-14,15,0,ACTUAL,CA ISO-TAC,Total Actual Hourly Integrated Load,SYS_FCST_ACT_MW,3,22712,ACTUAL,225
2019-12-15T03:00:00-00:00,2019-12-15T04:00:00-00:00,0,2019-12-14,20,0,ACTUAL,CA ISO-TAC,Total Actual Hourly Integrated Load,SYS_FCST_ACT_MW,3,26282,ACTUAL,225
2019-12-14T09:00:00-00:00,2019-12-14T10:00:00-00:00,0,2019-12-14,2,0,ACTUAL,CA ISO-TAC,Total Actual Hourly Integrated Load,SYS_FCST_ACT_MW,3,20594,ACTUAL,225
2019-12-15T06:00:00-00:00,2019-12-15T07:00:00-00:00,0,2019-12-14,23,0,ACTUAL,CA ISO-TAC,Total Actual Hourly Integrated Load,SYS_FCST_ACT_MW,3,23688,ACTUAL,225
2019-12-15T04:00:00-00:00,2019-12-15T05:00:00-00:00,0,2019-12-14,21,0,ACTUAL,IPCO,Total Actual Hourly Integrated Load,SYS_FCST_ACT_MW,3.8,1987,ACTUAL,226
2019-12-14T10:00:00-00:00,2019-12-14T11:00:00-00:00,0,2019-12-14,3,0,ACTUAL,IPCO,Total Actual Hourly Integrated Load,SYS_FCST_ACT_MW,3.8,1676,ACTUAL,226
2019-12-14T13:00:00-00:00,2019-12-14T14:00:00-00:00,0,2019-12-14,6,0,ACTUAL,IPCO,Total Actual Hourly Integrated Load,SYS_FCST_ACT_MW,3.8,1839,ACTUAL,226
2019-12-15T00:00:00-00:00,2019-12-15T01:00:00-00:00,0,2019-12-14,17,0,ACTUAL,IPCO,Total Actual Hourly Integrated Load,SYS_FCST_ACT_MW,3.8,2054,ACTUAL,226
2019-12-15T02:00:00-00:00,2019-12-15T03:00:00-00:00,0,2019-12-14,19,0,ACTUAL,IPCO,Total Actual Hourly Integrated Load,SYS_FCST_ACT_MW,3.8,2054,ACTUAL,226
2019-12-14T15:00:00-00:00,2019-12-14T16:00:00-00:00,0,2019-12-14,8,0,ACTUAL,IPCO,Total Actual Hourly Integrated Load,SYS_FCST_ACT_MW,3.8,2021,ACTUAL,226
2019-12-14T16:00:00-00:00,2019-12-14T17:00:00-00:00,0,2019-12-14,9,0,ACTUAL,IPCO,Total Actual Hourly Integrated Load,SYS_FCST_ACT_MW,3.8,2046,ACTUAL,226
2019-12-14T23:00:00-00:00,2019-12-15T00:00:00-00:00,0,2019-12-14,16,0,ACTUAL,IPCO,Total Actual Hourly Integrated Load,SYS_FCST_ACT_MW,3.8,1923,ACTUAL,226
2019-12-14T21:00:00-00:00,2019-12-14T22:00:00-00:00,0,2019-12-14,14,0,ACTUAL,IPCO,Total Actual Hourly Integrated Load,SYS_FCST_ACT_MW,3.8,1824,ACTUAL,226
2019-12-15T05:00:00-00:00,2019-12-15T06:00:00-00:00,0,2019-12-14,22,0,ACTUAL,IPCO,Total Actual Hourly Integrated Load,SYS_FCST_ACT_MW,3.8,1921,ACTUAL,226
2019-12-15T06:00:00-00:00,2019-12-15T07:00:00-00:00,0,2019-12-14,23,0,ACTUAL,IPCO,Total Actual Hourly Integrated Load,SYS_FCST_ACT_MW,3.8,1844,ACTUAL,226
2019-12-15T07:00:00-00:00,2019-12-15T08:00:00-00:00,0,2019-12-14,24,0,ACTUAL,IPCO,Total Actual Hourly Integrated Load,SYS_FCST_ACT_MW,3.8,1788,ACTUAL,226
2019-12-14T11:00:00-00:00,2019-12-14T12:00:00-00:00,0,2019-12-14,4,0,ACTUAL,IPCO,Total Actual Hourly Integrated Load,SYS_FCST_ACT_MW,3.8,1688,ACTUAL,226
2019-12-14T14:00:00-00:00,2019-12-14T15:00:00-00:00,0,2019-12-14,7,0,ACTUAL,IPCO,Total Actual Hourly Integrated Load,SYS_FCST_ACT_MW,3.8,1933,ACTUAL,226
2019-12-14T22:00:00-00:00,2019-12-14T23:00:00-00:00,0,2019-12-14,15,0,ACTUAL,IPCO,Total Actual Hourly Integrated Load,SYS_FCST_ACT_MW,3.8,1847,ACTUAL,226
2019-12-14T12:00:00-00:00,2019-12-14T13:00:00-00:00,0,2019-12-14,5,0,ACTUAL,IPCO,Total Actual Hourly Integrated Load,SYS_FCST_ACT_MW,3.8,1756,ACTUAL,226
2019-12-15T03:00:00-00:00,2019-12-15T04:00:00-00:00,0,2019-12-14,20,0,ACTUAL,IPCO,Total Actual Hourly Integrated Load,SYS_FCST_ACT_MW,3.8,2031,ACTUAL,226
2019-12-14T08:00:00-00:00,2019-12-14T09:00:00-00:00,0,2019-12-14,1,0,ACTUAL,IPCO,Total Actual Hourly Integrated Load,SYS_FCST_ACT_MW,3.8,1668,ACTUAL,226
2019-12-14T17:00:00-00:00,2019-12-14T18:00:00-00:00,0,2019-12-14,10,0,ACTUAL,IPCO,Total Actual Hourly Integrated Load,SYS_FCST_ACT_MW,3.8,2017,ACTUAL,226
2019-12-14T18:00:00-00:00,2019-12-14T19:00:00-00:00,0,2019-12-14,11,0,ACTUAL,IPCO,Total Actual Hourly Integrated Load,SYS_FCST_ACT_MW,3.8,1962,ACTUAL,226
2019-12-14T20:00:00-00:00,2019-12-14T21:00:00-00:00,0,2019-12-14,13,0,ACTUAL,IPCO,Total Actual Hourly Integrated Load,SYS_FCST_ACT_MW,3.8,1846,ACTUAL,226
2019-12-14T19:00:00-00:00,2019-12-14T20:00:00-00:00,0,2019-12-14,12,0,ACTUAL,IPCO,Total Actual Hourly Integrated Load,SYS_FCST_ACT_MW,3.8,1893,ACTUAL,226
2019-12-15T01:00:00-00:00,2019-12-15T02:00:00-00:00,0,2019-12-14,18,0,ACTUAL,IPCO,Total Actual Hourly Integrated Load,SYS_FCST_ACT_MW,3.8,2069,ACTUAL,226
2019-12-14T09:00:00-00:00,2019-12-14T10:00:00-00:00,0,2019-12-14,2,0,ACTUAL,IPCO,Total Actual Hourly Integrated Load,SYS_FCST_ACT_MW,3.8,1660,ACTUAL,226
2019-12-14T08:00:00-00:00,2019-12-14T09:00:00-00:00,0,2019-12-14,1,0,ACTUAL,MWD-TAC,Total Actual Hourly Integrated Load,SYS_FCST_ACT_MW,3.3,113,ACTUAL,227
2019-12-14T16:00:00-00:00,2019-12-14T17:00:00-00:00,0,2019-12-14,9,0,ACTUAL,MWD-TAC,Total Actual Hourly Integrated Load,SYS_FCST_ACT_MW,3.3,92,ACTUAL,227
2019-12-14T18:00:00-00:00,2019-12-14T19:00:00-00:00,0,2019-12-14,11,0,ACTUAL,MWD-TAC,Total Actual Hourly Integrated Load,SYS_FCST_ACT_MW,3.3,90,ACTUAL,227
2019-12-14T20:00:00-00:00,2019-12-14T21:00:00-00:00,0,2019-12-14,13,0,ACTUAL,MWD-TAC,Total Actual Hourly Integrated Load,SYS_FCST_ACT_MW,3.3,98,ACTUAL,227
2019-12-14T21:00:00-00:00,2019-12-14T22:00:00-00:00,0,2019-12-14,14,0,ACTUAL,MWD-TAC,Total Actual Hourly Integrated Load,SYS_FCST_ACT_MW,3.3,98,ACTUAL,227
2019-12-15T02:00:00-00:00,2019-12-15T03:00:00-00:00,0,2019-12-14,19,0,ACTUAL,MWD-TAC,Total Actual Hourly Integrated Load,SYS_FCST_ACT_MW,3.3,90,ACTUAL,227
2019-12-15T05:00:00-00:00,2019-12-15T06:00:00-00:00,0,2019-12-14,22,0,ACTUAL,MWD-TAC,Total Actual Hourly Integrated Load,SYS_FCST_ACT_MW,3.3,97,ACTUAL,227
2019-12-15T07:00:00-00:00,2019-12-15T08:00:00-00:00,0,2019-12-14,24,0,ACTUAL,MWD-TAC,Total Actual Hourly Integrated Load,SYS_FCST_ACT_MW,3.3,96,ACTUAL,227
2019-12-15T03:00:00-00:00,2019-12-15T04:00:00-00:00,0,2019-12-14,20,0,ACTUAL,MWD-TAC,Total Actual Hourly Integrated Load,SYS_FCST_ACT_MW,3.3,93,ACTUAL,227
2019-12-15T01:00:00-00:00,2019-12-15T02:00:00-00:00,0,2019-12-14,18,0,ACTUAL,MWD-TAC,Total Actual Hourly Integrated Load,SYS_FCST_ACT_MW,3.3,89,ACTUAL,227
2019-12-15T04:00:00-00:00,2019-12-15T05:00:00-00:00,0,2019-12-14,21,0,ACTUAL,MWD-TAC,Total Actual Hourly Integrated Load,SYS_FCST_ACT_MW,3.3,93,ACTUAL,227
2019-12-14T13:00:00-00:00,2019-12-14T14:00:00-00:00,0,2019-12-14,6,0,ACTUAL,MWD-TAC,Total Actual Hourly Integrated Load,SYS_FCST_ACT_MW,3.3,102,ACTUAL,227
2019-12-14T19:00:00-00:00,2019-12-14T20:00:00-00:00,0,2019-12-14,12,0,ACTUAL,MWD-TAC,Total Actual Hourly Integrated Load,SYS_FCST_ACT_MW,3.3,97,ACTUAL,227
2019-12-14T22:00:00-00:00,2019-12-14T23:00:00-00:00,0,2019-12-14,15,0,ACTUAL,MWD-TAC,Total Actual Hourly Integrated Load,SYS_FCST_ACT_MW,3.3,93,ACTUAL,227
2019-12-15T06:00:00-00:00,2019-12-15T07:00:00-00:00,0,2019-12-14,23,0,ACTUAL,MWD-TAC,Total Actual Hourly Integrated Load,SYS_FCST_ACT_MW,3.3,99,ACTUAL,227
2019-12-14T09:00:00-00:00,2019-12-14T10:00:00-00:00,0,2019-12-14,2,0,ACTUAL,MWD-TAC,Total Actual Hourly Integrated Load,SYS_FCST_ACT_MW,3.3,111,ACTUAL,227
2019-12-14T10:00:00-00:00,2019-12-14T11:00:00-00:00,0,2019-12-14,3,0,ACTUAL,MWD-TAC,Total Actual Hourly Integrated Load,SYS_FCST_ACT_MW,3.3,109,ACTUAL,227
2019-12-14T17:00:00-00:00,2019-12-14T18:00:00-00:00,0,2019-12-14,10,0,ACTUAL,MWD-TAC,Total Actual Hourly Integrated Load,SYS_FCST_ACT_MW,3.3,92,ACTUAL,227
2019-12-14T23:00:00-00:00,2019-12-15T00:00:00-00:00,0,2019-12-14,16,0,ACTUAL,MWD-TAC,Total Actual Hourly Integrated Load,SYS_FCST_ACT_MW,3.3,97,ACTUAL,227
2019-12-15T00:00:00-00:00,2019-12-15T01:00:00-00:00,0,2019-12-14,17,0,ACTUAL,MWD-TAC,Total Actual Hourly Integrated Load,SYS_FCST_ACT_MW,3.3,91,ACTUAL,227
2019-12-14T11:00:00-00:00,2019-12-14T12:00:00-00:00,0,2019-12-14,4,0,ACTUAL,MWD-TAC,Total Actual Hourly Integrated Load,SYS_FCST_ACT_MW,3.3,95,ACTUAL,227
2019-12-14T12:00:00-00:00,2019-12-14T13:00:00-00:00,0,2019-12-14,5,0,ACTUAL,MWD-TAC,Total Actual Hourly Integrated Load,SYS_FCST_ACT_MW,3.3,111,ACTUAL,227
2019-12-14T14:00:00-00:00,2019-12-14T15:00:00-00:00,0,2019-12-14,7,0,ACTUAL,MWD-TAC,Total Actual Hourly Integrated Load,SYS_FCST_ACT_MW,3.3,96,ACTUAL,227
2019-12-14T15:00:00-00:00,2019-12-14T16:00:00-00:00,0,2019-12-14,8,0,ACTUAL,MWD-TAC,Total Actual Hourly Integrated Load,SYS_FCST_ACT_MW,3.3,108,ACTUAL,227
2019-12-15T05:00:00-00:00,2019-12-15T06:00:00-00:00,0,2019-12-14,22,0,ACTUAL,NEVP,Total Actual Hourly Integrated Load,SYS_FCST_ACT_MW,3.8,3955,ACTUAL,228
2019-12-14T16:00:00-00:00,2019-12-14T17:00:00-00:00,0,2019-12-14,9,0,ACTUAL,NEVP,Total Actual Hourly Integrated Load,SYS_FCST_ACT_MW,3.8,3639,ACTUAL,228
2019-12-15T02:00:00-00:00,2019-12-15T03:00:00-00:00,0,2019-12-14,19,0,ACTUAL,NEVP,Total Actual Hourly Integrated Load,SYS_FCST_ACT_MW,3.8,4121,ACTUAL,228
2019-12-15T03:00:00-00:00,2019-12-15T04:00:00-00:00,0,2019-12-14,20,0,ACTUAL,NEVP,Total Actual Hourly Integrated Load,SYS_FCST_ACT_MW,3.8,4085,ACTUAL,228
2019-12-15T04:00:00-00:00,2019-12-15T05:00:00-00:00,0,2019-12-14,21,0,ACTUAL,NEVP,Total Actual Hourly Integrated Load,SYS_FCST_ACT_MW,3.8,4039,ACTUAL,228
2019-12-15T06:00:00-00:00,2019-12-15T07:00:00-00:00,0,2019-12-14,23,0,ACTUAL,NEVP,Total Actual Hourly Integrated Load,SYS_FCST_ACT_MW,3.8,3833,ACTUAL,228
2019-12-14T15:00:00-00:00,2019-12-14T16:00:00-00:00,0,2019-12-14,8,0,ACTUAL,NEVP,Total Actual Hourly Integrated Load,SYS_FCST_ACT_MW,3.8,3649,ACTUAL,228
2019-12-14T20:00:00-00:00,2019-12-14T21:00:00-00:00,0,2019-12-14,13,0,ACTUAL,NEVP,Total Actual Hourly Integrated Load,SYS_FCST_ACT_MW,3.8,3551,ACTUAL,228
2019-12-14T10:00:00-00:00,2019-12-14T11:00:00-00:00,0,2019-12-14,3,0,ACTUAL,NEVP,Total Actual Hourly Integrated Load,SYS_FCST_ACT_MW,3.8,3445,ACTUAL,228
2019-12-14T14:00:00-00:00,2019-12-14T15:00:00-00:00,0,2019-12-14,7,0,ACTUAL,NEVP,Total Actual Hourly Integrated Load,SYS_FCST_ACT_MW,3.8,3641,ACTUAL,228
2019-12-14T17:00:00-00:00,2019-12-14T18:00:00-00:00,0,2019-12-14,10,0,ACTUAL,NEVP,Total Actual Hourly Integrated Load,SYS_FCST_ACT_MW,3.8,3611,ACTUAL,228
2019-12-14T09:00:00-00:00,2019-12-14T10:00:00-00:00,0,2019-12-14,2,0,ACTUAL,NEVP,Total Actual Hourly Integrated Load,SYS_FCST_ACT_MW,3.8,3494,ACTUAL,228
2019-12-14T12:00:00-00:00,2019-12-14T13:00:00-00:00,0,2019-12-14,5,0,ACTUAL,NEVP,Total Actual Hourly Integrated Load,SYS_FCST_ACT_MW,3.8,3477,ACTUAL,228
2019-12-14T18:00:00-00:00,2019-12-14T19:00:00-00:00,0,2019-12-14,11,0,ACTUAL,NEVP,Total Actual Hourly Integrated Load,SYS_FCST_ACT_MW,3.8,3571,ACTUAL,228
2019-12-15T01:00:00-00:00,2019-12-15T02:00:00-00:00,0,2019-12-14,18,0,ACTUAL,NEVP,Total Actual Hourly Integrated Load,SYS_FCST_ACT_MW,3.8,4152,ACTUAL,228
2019-12-15T07:00:00-00:00,2019-12-15T08:00:00-00:00,0,2019-12-14,24,0,ACTUAL,NEVP,Total Actual Hourly Integrated Load,SYS_FCST_ACT_MW,3.8,3693,ACTUAL,228
2019-12-14T08:00:00-00:00,2019-12-14T09:00:00-00:00,0,2019-12-14,1,0,ACTUAL,NEVP,Total Actual Hourly Integrated Load,SYS_FCST_ACT_MW,3.8,3564,ACTUAL,228
2019-12-14T23:00:00-00:00,2019-12-15T00:00:00-00:00,0,2019-12-14,16,0,ACTUAL,NEVP,Total Actual Hourly Integrated Load,SYS_FCST_ACT_MW,3.8,3736,ACTUAL,228
2019-12-15T00:00:00-00:00,2019-12-15T01:00:00-00:00,0,2019-12-14,17,0,ACTUAL,NEVP,Total Actual Hourly Integrated Load,SYS_FCST_ACT_MW,3.8,3981,ACTUAL,228
2019-12-14T11:00:00-00:00,2019-12-14T12:00:00-00:00,0,2019-12-14,4,0,ACTUAL,NEVP,Total Actual Hourly Integrated Load,SYS_FCST_ACT_MW,3.8,3442,ACTUAL,228
2019-12-14T13:00:00-00:00,2019-12-14T14:00:00-00:00,0,2019-12-14,6,0,ACTUAL,NEVP,Total Actual Hourly Integrated Load,SYS_FCST_ACT_MW,3.8,3546,ACTUAL,228
2019-12-14T19:00:00-00:00,2019-12-14T20:00:00-00:00,0,2019-12-14,12,0,ACTUAL,NEVP,Total Actual Hourly Integrated Load,SYS_FCST_ACT_MW,3.8,3560,ACTUAL,228
2019-12-14T21:00:00-00:00,2019-12-14T22:00:00-00:00,0,2019-12-14,14,0,ACTUAL,NEVP,Total Actual Hourly Integrated Load,SYS_FCST_ACT_MW,3.8,3589,ACTUAL,228
2019-12-14T22:00:00-00:00,2019-12-14T23:00:00-00:00,0,2019-12-14,15,0,ACTUAL,NEVP,Total Actual Hourly Integrated Load,SYS_FCST_ACT_MW,3.8,3624,ACTUAL,228
2019-12-14T19:00:00-00:00,2019-12-14T20:00:00-00:00,0,2019-12-14,12,0,ACTUAL,PACE,Total Actual Hourly Integrated Load,SYS_FCST_ACT_MW,3.8,5561,ACTUAL,229
2019-12-14T20:00:00-00:00,2019-12-14T21:00:00-00:00,0,2019-12-14,13,0,ACTUAL,PACE,Total Actual Hourly Integrated Load,SYS_FCST_ACT_MW,3.8,5488,ACTUAL,229
2019-12-14T14:00:00-00:00,2019-12-14T15:00:00-00:00,0,2019-12-14,7,0,ACTUAL,PACE,Total Actual Hourly Integrated Load,SYS_FCST_ACT_MW,3.8,5249,ACTUAL,229
2019-12-14T21:00:00-00:00,2019-12-14T22:00:00-00:00,0,2019-12-14,14,0,ACTUAL,PACE,Total Actual Hourly Integrated Load,SYS_FCST_ACT_MW,3.8,5470,ACTUAL,229
2019-12-14T12:00:00-00:00,2019-12-14T13:00:00-00:00,0,2019-12-14,5,0,ACTUAL,PACE,Total Actual Hourly Integrated Load,SYS_FCST_ACT_MW,3.8,4863,ACTUAL,229
2019-12-14T23:00:00-00:00,2019-12-15T00:00:00-00:00,0,2019-12-14,16,0,ACTUAL,PACE,Total Actual Hourly Integrated Load,SYS_FCST_ACT_MW,3.8,5646,ACTUAL,229
2019-12-15T02:00:00-00:00,2019-12-15T03:00:00-00:00,0,2019-12-14,19,0,ACTUAL,PACE,Total Actual Hourly Integrated Load,SYS_FCST_ACT_MW,3.8,5906,ACTUAL,229
2019-12-14T18:00:00-00:00,2019-12-14T19:00:00-00:00,0,2019-12-14,11,0,ACTUAL,PACE,Total Actual Hourly Integrated Load,SYS_FCST_ACT_MW,3.8,5621,ACTUAL,229
2019-12-14T08:00:00-00:00,2019-12-14T09:00:00-00:00,0,2019-12-14,1,0,ACTUAL,PACE,Total Actual Hourly Integrated Load,SYS_FCST_ACT_MW,3.8,4843,ACTUAL,229
2019-12-14T09:00:00-00:00,2019-12-14T10:00:00-00:00,0,2019-12-14,2,0,ACTUAL,PACE,Total Actual Hourly Integrated Load,SYS_FCST_ACT_MW,3.8,4767,ACTUAL,229
2019-12-15T01:00:00-00:00,2019-12-15T02:00:00-00:00,0,2019-12-14,18,0,ACTUAL,PACE,Total Actual Hourly Integrated Load,SYS_FCST_ACT_MW,3.8,5962,ACTUAL,229
2019-12-14T10:00:00-00:00,2019-12-14T11:00:00-00:00,0,2019-12-14,3,0,ACTUAL,PACE,Total Actual Hourly Integrated Load,SYS_FCST_ACT_MW,3.8,4745,ACTUAL,229
2019-12-14T13:00:00-00:00,2019-12-14T14:00:00-00:00,0,2019-12-14,6,0,ACTUAL,PACE,Total Actual Hourly Integrated Load,SYS_FCST_ACT_MW,3.8,5049,ACTUAL,229
2019-12-14T11:00:00-00:00,2019-12-14T12:00:00-00:00,0,2019-12-14,4,0,ACTUAL,PACE,Total Actual Hourly Integrated Load,SYS_FCST_ACT_MW,3.8,4763,ACTUAL,229
2019-12-15T05:00:00-00:00,2019-12-15T06:00:00-00:00,0,2019-12-14,22,0,ACTUAL,PACE,Total Actual Hourly Integrated Load,SYS_FCST_ACT_MW,3.8,5522,ACTUAL,229
2019-12-15T07:00:00-00:00,2019-12-15T08:00:00-00:00,0,2019-12-14,24,0,ACTUAL,PACE,Total Actual Hourly Integrated Load,SYS_FCST_ACT_MW,3.8,5072,ACTUAL,229
2019-12-15T04:00:00-00:00,2019-12-15T05:00:00-00:00,0,2019-12-14,21,0,ACTUAL,PACE,Total Actual Hourly Integrated Load,SYS_FCST_ACT_MW,3.8,5730,ACTUAL,229
2019-12-14T16:00:00-00:00,2019-12-14T17:00:00-00:00,0,2019-12-14,9,0,ACTUAL,PACE,Total Actual Hourly Integrated Load,SYS_FCST_ACT_MW,3.8,5538,ACTUAL,229
2019-12-15T00:00:00-00:00,2019-12-15T01:00:00-00:00,0,2019-12-14,17,0,ACTUAL,PACE,Total Actual Hourly Integrated Load,SYS_FCST_ACT_MW,3.8,5940,ACTUAL,229
2019-12-14T15:00:00-00:00,2019-12-14T16:00:00-00:00,0,2019-12-14,8,0,ACTUAL,PACE,Total Actual Hourly Integrated Load,SYS_FCST_ACT_MW,3.8,5403,ACTUAL,229
2019-12-15T06:00:00-00:00,2019-12-15T07:00:00-00:00,0,2019-12-14,23,0,ACTUAL,PACE,Total Actual Hourly Integrated Load,SYS_FCST_ACT_MW,3.8,5261,ACTUAL,229
2019-12-15T03:00:00-00:00,2019-12-15T04:00:00-00:00,0,2019-12-14,20,0,ACTUAL,PACE,Total Actual Hourly Integrated Load,SYS_FCST_ACT_MW,3.8,5858,ACTUAL,229
2019-12-14T22:00:00-00:00,2019-12-14T23:00:00-00:00,0,2019-12-14,15,0,ACTUAL,PACE,Total Actual Hourly Integrated Load,SYS_FCST_ACT_MW,3.8,5505,ACTUAL,229
2019-12-14T17:00:00-00:00,2019-12-14T18:00:00-00:00,0,2019-12-14,10,0,ACTUAL,PACE,Total Actual Hourly Integrated Load,SYS_FCST_ACT_MW,3.8,5610,ACTUAL,229
2019-12-14T10:00:00-00:00,2019-12-14T11:00:00-00:00,0,2019-12-14,3,0,ACTUAL,PACW,Total Actual Hourly Integrated Load,SYS_FCST_ACT_MW,3.8,2244,ACTUAL,230
2019-12-15T05:00:00-00:00,2019-12-15T06:00:00-00:00,0,2019-12-14,22,0,ACTUAL,PACW,Total Actual Hourly Integrated Load,SYS_FCST_ACT_MW,3.8,2622,ACTUAL,230
2019-12-15T03:00:00-00:00,2019-12-15T04:00:00-00:00,0,2019-12-14,20,0,ACTUAL,PACW,Total Actual Hourly Integrated Load,SYS_FCST_ACT_MW,3.8,2806,ACTUAL,230
2019-12-15T02:00:00-00:00,2019-12-15T03:00:00-00:00,0,2019-12-14,19,0,ACTUAL,PACW,Total Actual Hourly Integrated Load,SYS_FCST_ACT_MW,3.8,2864,ACTUAL,230
2019-12-14T19:00:00-00:00,2019-12-14T20:00:00-00:00,0,2019-12-14,12,0,ACTUAL,PACW,Total Actual Hourly Integrated Load,SYS_FCST_ACT_MW,3.8,2747,ACTUAL,230
2019-12-14T14:00:00-00:00,2019-12-14T15:00:00-00:00,0,2019-12-14,7,0,ACTUAL,PACW,Total Actual Hourly Integrated Load,SYS_FCST_ACT_MW,3.8,2588,ACTUAL,230
2019-12-14T18:00:00-00:00,2019-12-14T19:00:00-00:00,0,2019-12-14,11,0,ACTUAL,PACW,Total Actual Hourly Integrated Load,SYS_FCST_ACT_MW,3.8,2830,ACTUAL,230
2019-12-15T04:00:00-00:00,2019-12-15T05:00:00-00:00,0,2019-12-14,21,0,ACTUAL,PACW,Total Actual Hourly Integrated Load,SYS_FCST_ACT_MW,3.8,2735,ACTUAL,230
2019-12-14T15:00:00-00:00,2019-12-14T16:00:00-00:00,0,2019-12-14,8,0,ACTUAL,PACW,Total Actual Hourly Integrated Load,SYS_FCST_ACT_MW,3.8,2749,ACTUAL,230
2019-12-15T00:00:00-00:00,2019-12-15T01:00:00-00:00,0,2019-12-14,17,0,ACTUAL,PACW,Total Actual Hourly Integrated Load,SYS_FCST_ACT_MW,3.8,2833,ACTUAL,230
2019-12-14T22:00:00-00:00,2019-12-14T23:00:00-00:00,0,2019-12-14,15,0,ACTUAL,PACW,Total Actual Hourly Integrated Load,SYS_FCST_ACT_MW,3.8,2628,ACTUAL,230
2019-12-14T16:00:00-00:00,2019-12-14T17:00:00-00:00,0,2019-12-14,9,0,ACTUAL,PACW,Total Actual Hourly Integrated Load,SYS_FCST_ACT_MW,3.8,2883,ACTUAL,230
2019-12-14T13:00:00-00:00,2019-12-14T14:00:00-00:00,0,2019-12-14,6,0,ACTUAL,PACW,Total Actual Hourly Integrated Load,SYS_FCST_ACT_MW,3.8,2417,ACTUAL,230
2019-12-14T09:00:00-00:00,2019-12-14T10:00:00-00:00,0,2019-12-14,2,0,ACTUAL,PACW,Total Actual Hourly Integrated Load,SYS_FCST_ACT_MW,3.8,2243,ACTUAL,230
2019-12-14T08:00:00-00:00,2019-12-14T09:00:00-00:00,0,2019-12-14,1,0,ACTUAL,PACW,Total Actual Hourly Integrated Load,SYS_FCST_ACT_MW,3.8,2305,ACTUAL,230
2019-12-15T07:00:00-00:00,2019-12-15T08:00:00-00:00,0,2019-12-14,24,0,ACTUAL,PACW,Total Actual Hourly Integrated Load,SYS_FCST_ACT_MW,3.8,2358,ACTUAL,230
2019-12-14T23:00:00-00:00,2019-12-15T00:00:00-00:00,0,2019-12-14,16,0,ACTUAL,PACW,Total Actual Hourly Integrated Load,SYS_FCST_ACT_MW,3.8,2687,ACTUAL,230
2019-12-14T17:00:00-00:00,2019-12-14T18:00:00-00:00,0,2019-12-14,10,0,ACTUAL,PACW,Total Actual Hourly Integrated Load,SYS_FCST_ACT_MW,3.8,2888,ACTUAL,230
2019-12-14T12:00:00-00:00,2019-12-14T13:00:00-00:00,0,2019-12-14,5,0,ACTUAL,PACW,Total Actual Hourly Integrated Load,SYS_FCST_ACT_MW,3.8,2298,ACTUAL,230
2019-12-14T11:00:00-00:00,2019-12-14T12:00:00-00:00,0,2019-12-14,4,0,ACTUAL,PACW,Total Actual Hourly Integrated Load,SYS_FCST_ACT_MW,3.8,2250,ACTUAL,230
2019-12-15T01:00:00-00:00,2019-12-15T02:00:00-00:00,0,2019-12-14,18,0,ACTUAL,PACW,Total Actual Hourly Integrated Load,SYS_FCST_ACT_MW,3.8,2908,ACTUAL,230
2019-12-14T21:00:00-00:00,2019-12-14T22:00:00-00:00,0,2019-12-14,14,0,ACTUAL,PACW,Total Actual Hourly Integrated Load,SYS_FCST_ACT_MW,3.8,2635,ACTUAL,230
2019-12-14T20:00:00-00:00,2019-12-14T21:00:00-00:00,0,2019-12-14,13,0,ACTUAL,PACW,Total Actual Hourly Integrated Load,SYS_FCST_ACT_MW,3.8,2672,ACTUAL,230
2019-12-15T06:00:00-00:00,2019-12-15T07:00:00-00:00,0,2019-12-14,23,0,ACTUAL,PACW,Total Actual Hourly Integrated Load,SYS_FCST_ACT_MW,3.8,2485,ACTUAL,230
2019-12-14T12:00:00-00:00,2019-12-14T13:00:00-00:00,0,2019-12-14,5,0,ACTUAL,PGE,Total Actual Hourly Integrated Load,SYS_FCST_ACT_MW,3.8,1988,ACTUAL,231
2019-12-14T13:00:00-00:00,2019-12-14T14:00:00-00:00,0,2019-12-14,6,0,ACTUAL,PGE,Total Actual Hourly Integrated Load,SYS_FCST_ACT_MW,3.8,2093,ACTUAL,231
2019-12-14T22:00:00-00:00,2019-12-14T23:00:00-00:00,0,2019-12-14,15,0,ACTUAL,PGE,Total Actual Hourly Integrated Load,SYS_FCST_ACT_MW,3.8,2621,ACTUAL,231
2019-12-15T00:00:00-00:00,2019-12-15T01:00:00-00:00,0,2019-12-14,17,0,ACTUAL,PGE,Total Actual Hourly Integrated Load,SYS_FCST_ACT_MW,3.8,2745,ACTUAL,231
2019-12-14T09:00:00-00:00,2019-12-14T10:00:00-00:00,0,2019-12-14,2,0,ACTUAL,PGE,Total Actual Hourly Integrated Load,SYS_FCST_ACT_MW,3.8,2004,ACTUAL,231
2019-12-14T15:00:00-00:00,2019-12-14T16:00:00-00:00,0,2019-12-14,8,0,ACTUAL,PGE,Total Actual Hourly Integrated Load,SYS_FCST_ACT_MW,3.8,2425,ACTUAL,231
2019-12-14T20:00:00-00:00,2019-12-14T21:00:00-00:00,0,2019-12-14,13,0,ACTUAL,PGE,Total Actual Hourly Integrated Load,SYS_FCST_ACT_MW,3.8,2685,ACTUAL,231
2019-12-14T23:00:00-00:00,2019-12-15T00:00:00-00:00,0,2019-12-14,16,0,ACTUAL,PGE,Total Actual Hourly Integrated Load,SYS_FCST_ACT_MW,3.8,2636,ACTUAL,231
2019-12-15T07:00:00-00:00,2019-12-15T08:00:00-00:00,0,2019-12-14,24,0,ACTUAL,PGE,Total Actual Hourly Integrated Load,SYS_FCST_ACT_MW,3.8,2296,ACTUAL,231
2019-12-14T16:00:00-00:00,2019-12-14T17:00:00-00:00,0,2019-12-14,9,0,ACTUAL,PGE,Total Actual Hourly Integrated Load,SYS_FCST_ACT_MW,3.8,2581,ACTUAL,231
2019-12-14T18:00:00-00:00,2019-12-14T19:00:00-00:00,0,2019-12-14,11,0,ACTUAL,PGE,Total Actual Hourly Integrated Load,SYS_FCST_ACT_MW,3.8,2711,ACTUAL,231
2019-12-14T19:00:00-00:00,2019-12-14T20:00:00-00:00,0,2019-12-14,12,0,ACTUAL,PGE,Total Actual Hourly Integrated Load,SYS_FCST_ACT_MW,3.8,2712,ACTUAL,231
2019-12-15T01:00:00-00:00,2019-12-15T02:00:00-00:00,0,2019-12-14,18,0,ACTUAL,PGE,Total Actual Hourly Integrated Load,SYS_FCST_ACT_MW,3.8,2838,ACTUAL,231
2019-12-15T03:00:00-00:00,2019-12-15T04:00:00-00:00,0,2019-12-14,20,0,ACTUAL,PGE,Total Actual Hourly Integrated Load,SYS_FCST_ACT_MW,3.8,2741,ACTUAL,231
2019-12-15T06:00:00-00:00,2019-12-15T07:00:00-00:00,0,2019-12-14,23,0,ACTUAL,PGE,Total Actual Hourly Integrated Load,SYS_FCST_ACT_MW,3.8,2447,ACTUAL,231
2019-12-14T08:00:00-00:00,2019-12-14T09:00:00-00:00,0,2019-12-14,1,0,ACTUAL,PGE,Total Actual Hourly Integrated Load,SYS_FCST_ACT_MW,3.8,2090,ACTUAL,231
2019-12-14T11:00:00-00:00,2019-12-14T12:00:00-00:00,0,2019-12-14,4,0,ACTUAL,PGE,Total Actual Hourly Integrated Load,SYS_FCST_ACT_MW,3.8,1953,ACTUAL,231
2019-12-14T21:00:00-00:00,2019-12-14T22:00:00-00:00,0,2019-12-14,14,0,ACTUAL,PGE,Total Actual Hourly Integrated Load,SYS_FCST_ACT_MW,3.8,2648,ACTUAL,231
2019-12-15T02:00:00-00:00,2019-12-15T03:00:00-00:00,0,2019-12-14,19,0,ACTUAL,PGE,Total Actual Hourly Integrated Load,SYS_FCST_ACT_MW,3.8,2795,ACTUAL,231
2019-12-14T14:00:00-00:00,2019-12-14T15:00:00-00:00,0,2019-12-14,7,0,ACTUAL,PGE,Total Actual Hourly Integrated Load,SYS_FCST_ACT_MW,3.8,2250,ACTUAL,231
2019-12-14T17:00:00-00:00,2019-12-14T18:00:00-00:00,0,2019-12-14,10,0,ACTUAL,PGE,Total Actual Hourly Integrated Load,SYS_FCST_ACT_MW,3.8,2677,ACTUAL,231
2019-12-15T04:00:00-00:00,2019-12-15T05:00:00-00:00,0,2019-12-14,21,0,ACTUAL,PGE,Total Actual Hourly Integrated Load,SYS_FCST_ACT_MW,3.8,2682,ACTUAL,231
2019-12-15T05:00:00-00:00,2019-12-15T06:00:00-00:00,0,2019-12-14,22,0,ACTUAL,PGE,Total Actual Hourly Integrated Load,SYS_FCST_ACT_MW,3.8,2595,ACTUAL,231
2019-12-14T10:00:00-00:00,2019-12-14T11:00:00-00:00,0,2019-12-14,3,0,ACTUAL,PGE,Total Actual Hourly Integrated Load,SYS_FCST_ACT_MW,3.8,1959,ACTUAL,231
2019-12-15T04:00:00-00:00,2019-12-15T05:00:00-00:00,0,2019-12-14,21,0,ACTUAL,PGE-TAC,Total Actual Hourly Integrated Load,SYS_FCST_ACT_MW,3.1,11808,ACTUAL,232
2019-12-14T14:00:00-00:00,2019-12-14T15:00:00-00:00,0,2019-12-14,7,0,ACTUAL,PGE-TAC,Total Actual Hourly Integrated Load,SYS_FCST_ACT_MW,3.1,10127,ACTUAL,232
2019-12-14T12:00:00-00:00,2019-12-14T13:00:00-00:00,0,2019-12-14,5,0,ACTUAL,PGE-TAC,Total Actual Hourly Integrated Load,SYS_FCST_ACT_MW,3.1,9365,ACTUAL,232
2019-12-14T13:00:00-00:00,2019-12-14T14:00:00-00:00,0,2019-12-14,6,0,ACTUAL,PGE-TAC,Total Actual Hourly Integrated Load,SYS_FCST_ACT_MW,3.1,9643,ACTUAL,232
2019-12-14T23:00:00-00:00,2019-12-15T00:00:00-00:00,0,2019-12-14,16,0,ACTUAL,PGE-TAC,Total Actual Hourly Integrated Load,SYS_FCST_ACT_MW,3.1,10618,ACTUAL,232
2019-12-14T21:00:00-00:00,2019-12-14T22:00:00-00:00,0,2019-12-14,14,0,ACTUAL,PGE-TAC,Total Actual Hourly Integrated Load,SYS_FCST_ACT_MW,3.1,9829,ACTUAL,232
2019-12-14T19:00:00-00:00,2019-12-14T20:00:00-00:00,0,2019-12-14,12,0,ACTUAL,PGE-TAC,Total Actual Hourly Integrated Load,SYS_FCST_ACT_MW,3.1,9718,ACTUAL,232
2019-12-14T09:00:00-00:00,2019-12-14T10:00:00-00:00,0,2019-12-14,2,0,ACTUAL,PGE-TAC,Total Actual Hourly Integrated Load,SYS_FCST_ACT_MW,3.1,9405,ACTUAL,232
2019-12-14T08:00:00-00:00,2019-12-14T09:00:00-00:00,0,2019-12-14,1,0,ACTUAL,PGE-TAC,Total Actual Hourly Integrated Load,SYS_FCST_ACT_MW,3.1,9807,ACTUAL,232
2019-12-15T07:00:00-00:00,2019-12-15T08:00:00-00:00,0,2019-12-14,24,0,ACTUAL,PGE-TAC,Total Actual Hourly Integrated Load,SYS_FCST_ACT_MW,3.1,10223,ACTUAL,232
2019-12-14T18:00:00-00:00,2019-12-14T19:00:00-00:00,0,2019-12-14,11,0,ACTUAL,PGE-TAC,Total Actual Hourly Integrated Load,SYS_FCST_ACT_MW,3.1,10039,ACTUAL,232
2019-12-15T05:00:00-00:00,2019-12-15T06:00:00-00:00,0,2019-12-14,22,0,ACTUAL,PGE-TAC,Total Actual Hourly Integrated Load,SYS_FCST_ACT_MW,3.1,11451,ACTUAL,232
2019-12-14T15:00:00-00:00,2019-12-14T16:00:00-00:00,0,2019-12-14,8,0,ACTUAL,PGE-TAC,Total Actual Hourly Integrated Load,SYS_FCST_ACT_MW,3.1,10554,ACTUAL,232
2019-12-15T03:00:00-00:00,2019-12-15T04:00:00-00:00,0,2019-12-14,20,0,ACTUAL,PGE-TAC,Total Actual Hourly Integrated Load,SYS_FCST_ACT_MW,3.1,12043,ACTUAL,232
2019-12-14T20:00:00-00:00,2019-12-14T21:00:00-00:00,0,2019-12-14,13,0,ACTUAL,PGE-TAC,Total Actual Hourly Integrated Load,SYS_FCST_ACT_MW,3.1,9592,ACTUAL,232
2019-12-15T00:00:00-00:00,2019-12-15T01:00:00-00:00,0,2019-12-14,17,0,ACTUAL,PGE-TAC,Total Actual Hourly Integrated Load,SYS_FCST_ACT_MW,3.1,11310,ACTUAL,232
2019-12-14T22:00:00-00:00,2019-12-14T23:00:00-00:00,0,2019-12-14,15,0,ACTUAL,PGE-TAC,Total Actual Hourly Integrated Load,SYS_FCST_ACT_MW,3.1,10415,ACTUAL,232
2019-12-14T16:00:00-00:00,2019-12-14T17:00:00-00:00,0,2019-12-14,9,0,ACTUAL,PGE-TAC,Total Actual Hourly Integrated Load,SYS_FCST_ACT_MW,3.1,10567,ACTUAL,232
2019-12-15T02:00:00-00:00,2019-12-15T03:00:00-00:00,0,2019-12-14,19,0,ACTUAL,PGE-TAC,Total Actual Hourly Integrated Load,SYS_FCST_ACT_MW,3.1,12242,ACTUAL,232
2019-12-15T01:00:00-00:00,2019-12-15T02:00:00-00:00,0,2019-12-14,18,0,ACTUAL,PGE-TAC,Total Actual Hourly Integrated Load,SYS_FCST_ACT_MW,3.1,12280,ACTUAL,232
2019-12-14T17:00:00-00:00,2019-12-14T18:00:00-00:00,0,2019-12-14,10,0,ACTUAL,PGE-TAC,Total Actual Hourly Integrated Load,SYS_FCST_ACT_MW,3.1,10317,ACTUAL,232
2019-12-14T11:00:00-00:00,2019-12-14T12:00:00-00:00,0,2019-12-14,4,0,ACTUAL,PGE-TAC,Total Actual Hourly Integrated Load,SYS_FCST_ACT_MW,3.1,9258,ACTUAL,232
2019-12-14T10:00:00-00:00,2019-12-14T11:00:00-00:00,0,2019-12-14,3,0,ACTUAL,PGE-TAC,Total Actual Hourly Integrated Load,SYS_FCST_ACT_MW,3.1,9104,ACTUAL,232
2019-12-15T06:00:00-00:00,2019-12-15T07:00:00-00:00,0,2019-12-14,23,0,ACTUAL,PGE-TAC,Total Actual Hourly Integrated Load,SYS_FCST_ACT_MW,3.1,10847,ACTUAL,232
2019-12-15T07:00:00-00:00,2019-12-15T08:00:00-00:00,0,2019-12-14,24,0,ACTUAL,PSEI,Total Actual Hourly Integrated Load,SYS_FCST_ACT_MW,3.8,2810,ACTUAL,233
2019-12-15T02:00:00-00:00,2019-12-15T03:00:00-00:00,0,2019-12-14,19,0,ACTUAL,PSEI,Total Actual Hourly Integrated Load,SYS_FCST_ACT_MW,3.8,3538,ACTUAL,233
2019-12-15T03:00:00-00:00,2019-12-15T04:00:00-00:00,0,2019-12-14,20,0,ACTUAL,PSEI,Total Actual Hourly Integrated Load,SYS_FCST_ACT_MW,3.8,3447,ACTUAL,233
2019-12-14T19:00:00-00:00,2019-12-14T20:00:00-00:00,0,2019-12-14,12,0,ACTUAL,PSEI,Total Actual Hourly Integrated Load,SYS_FCST_ACT_MW,3.8,3439,ACTUAL,233
2019-12-14T23:00:00-00:00,2019-12-15T00:00:00-00:00,0,2019-12-14,16,0,ACTUAL,PSEI,Total Actual Hourly Integrated Load,SYS_FCST_ACT_MW,3.8,3371,ACTUAL,233
2019-12-14T21:00:00-00:00,2019-12-14T22:00:00-00:00,0,2019-12-14,14,0,ACTUAL,PSEI,Total Actual Hourly Integrated Load,SYS_FCST_ACT_MW,3.8,3352,ACTUAL,233
2019-12-14T17:00:00-00:00,2019-12-14T18:00:00-00:00,0,2019-12-14,10,0,ACTUAL,PSEI,Total Actual Hourly Integrated Load,SYS_FCST_ACT_MW,3.8,3425,ACTUAL,233
2019-12-14T20:00:00-00:00,2019-12-14T21:00:00-00:00,0,2019-12-14,13,0,ACTUAL,PSEI,Total Actual Hourly Integrated Load,SYS_FCST_ACT_MW,3.8,3401,ACTUAL,233
2019-12-14T12:00:00-00:00,2019-12-14T13:00:00-00:00,0,2019-12-14,5,0,ACTUAL,PSEI,Total Actual Hourly Integrated Load,SYS_FCST_ACT_MW,3.8,2541,ACTUAL,233
2019-12-15T06:00:00-00:00,2019-12-15T07:00:00-00:00,0,2019-12-14,23,0,ACTUAL,PSEI,Total Actual Hourly Integrated Load,SYS_FCST_ACT_MW,3.8,3021,ACTUAL,233
2019-12-14T09:00:00-00:00,2019-12-14T10:00:00-00:00,0,2019-12-14,2,0,ACTUAL,PSEI,Total Actual Hourly Integrated Load,SYS_FCST_ACT_MW,3.8,2524,ACTUAL,233
2019-12-15T01:00:00-00:00,2019-12-15T02:00:00-00:00,0,2019-12-14,18,0,ACTUAL,PSEI,Total Actual Hourly Integrated Load,SYS_FCST_ACT_MW,3.8,3609,ACTUAL,233
2019-12-15T05:00:00-00:00,2019-12-15T06:00:00-00:00,0,2019-12-14,22,0,ACTUAL,PSEI,Total Actual Hourly Integrated Load,SYS_FCST_ACT_MW,3.8,3224,ACTUAL,233
2019-12-14T15:00:00-00:00,2019-12-14T16:00:00-00:00,0,2019-12-14,8,0,ACTUAL,PSEI,Total Actual Hourly Integrated Load,SYS_FCST_ACT_MW,3.8,3129,ACTUAL,233
2019-12-15T00:00:00-00:00,2019-12-15T01:00:00-00:00,0,2019-12-14,17,0,ACTUAL,PSEI,Total Actual Hourly Integrated Load,SYS_FCST_ACT_MW,3.8,3543,ACTUAL,233
2019-12-14T11:00:00-00:00,2019-12-14T12:00:00-00:00,0,2019-12-14,4,0,ACTUAL,PSEI,Total Actual Hourly Integrated Load,SYS_FCST_ACT_MW,3.8,2476,ACTUAL,233
2019-12-14T16:00:00-00:00,2019-12-14T17:00:00-00:00,0,2019-12-14,9,0,ACTUAL,PSEI,Total Actual Hourly Integrated Load,SYS_FCST_ACT_MW,3.8,3313,ACTUAL,233
2019-12-14T18:00:00-00:00,2019-12-14T19:00:00-00:00,0,2019-12-14,11,0,ACTUAL,PSEI,Total Actual Hourly Integrated Load,SYS_FCST_ACT_MW,3.8,3454,ACTUAL,233
2019-12-14T13:00:00-00:00,2019-12-14T14:00:00-00:00,0,2019-12-14,6,0,ACTUAL,PSEI,Total Actual Hourly Integrated Load,SYS_FCST_ACT_MW,3.8,2684,ACTUAL,233
2019-12-14T08:00:00-00:00,2019-12-14T09:00:00-00:00,0,2019-12-14,1,0,ACTUAL,PSEI,Total Actual Hourly Integrated Load,SYS_FCST_ACT_MW,3.8,2629,ACTUAL,233
2019-12-14T10:00:00-00:00,2019-12-14T11:00:00-00:00,0,2019-12-14,3,0,ACTUAL,PSEI,Total Actual Hourly Integrated Load,SYS_FCST_ACT_MW,3.8,2475,ACTUAL,233
2019-12-15T04:00:00-00:00,2019-12-15T05:00:00-00:00,0,2019-12-14,21,0,ACTUAL,PSEI,Total Actual Hourly Integrated Load,SYS_FCST_ACT_MW,3.8,3358,ACTUAL,233
2019-12-14T14:00:00-00:00,2019-12-14T15:00:00-00:00,0,2019-12-14,7,0,ACTUAL,PSEI,Total Actual Hourly Integrated Load,SYS_FCST_ACT_MW,3.8,2894,ACTUAL,233
2019-12-14T22:00:00-00:00,2019-12-14T23:00:00-00:00,0,2019-12-14,15,0,ACTUAL,PSEI,Total Actual Hourly Integrated Load,SYS_FCST_ACT_MW,3.8,3327,ACTUAL,233
2019-12-14T23:00:00-00:00,2019-12-15T00:00:00-00:00,0,2019-12-14,16,0,ACTUAL,SCE-TAC,Total Actual Hourly Integrated Load,SYS_FCST_ACT_MW,3.2,10295,ACTUAL,234
2019-12-14T20:00:00-00:00,2019-12-14T21:00:00-00:00,0,2019-12-14,13,0,ACTUAL,SCE-TAC,Total Actual Hourly Integrated Load,SYS_FCST_ACT_MW,3.2,10192,ACTUAL,234
2019-12-14T13:00:00-00:00,2019-12-14T14:00:00-00:00,0,2019-12-14,6,0,ACTUAL,SCE-TAC,Total Actual Hourly Integrated Load,SYS_FCST_ACT_MW,3.2,9164,ACTUAL,234
2019-12-14T12:00:00-00:00,2019-12-14T13:00:00-00:00,0,2019-12-14,5,0,ACTUAL,SCE-TAC,Total Actual Hourly Integrated Load,SYS_FCST_ACT_MW,3.2,8868,ACTUAL,234
2019-12-14T15:00:00-00:00,2019-12-14T16:00:00-00:00,0,2019-12-14,8,0,ACTUAL,SCE-TAC,Total Actual Hourly Integrated Load,SYS_FCST_ACT_MW,3.2,9825,ACTUAL,234
2019-12-14T17:00:00-00:00,2019-12-14T18:00:00-00:00,0,2019-12-14,10,0,ACTUAL,SCE-TAC,Total Actual Hourly Integrated Load,SYS_FCST_ACT_MW,3.2,10315,ACTUAL,234
2019-12-14T22:00:00-00:00,2019-12-14T23:00:00-00:00,0,2019-12-14,15,0,ACTUAL,SCE-TAC,Total Actual Hourly Integrated Load,SYS_FCST_ACT_MW,3.2,10118,ACTUAL,234
2019-12-15T01:00:00-00:00,2019-12-15T02:00:00-00:00,0,2019-12-14,18,0,ACTUAL,SCE-TAC,Total Actual Hourly Integrated Load,SYS_FCST_ACT_MW,3.2,11757,ACTUAL,234
2019-12-14T11:00:00-00:00,2019-12-14T12:00:00-00:00,0,2019-12-14,4,0,ACTUAL,SCE-TAC,Total Actual Hourly Integrated Load,SYS_FCST_ACT_MW,3.2,8823,ACTUAL,234
2019-12-14T19:00:00-00:00,2019-12-14T20:00:00-00:00,0,2019-12-14,12,0,ACTUAL,SCE-TAC,Total Actual Hourly Integrated Load,SYS_FCST_ACT_MW,3.2,10285,ACTUAL,234
2019-12-15T07:00:00-00:00,2019-12-15T08:00:00-00:00,0,2019-12-14,24,0,ACTUAL,SCE-TAC,Total Actual Hourly Integrated Load,SYS_FCST_ACT_MW,3.2,9805,ACTUAL,234
2019-12-15T02:00:00-00:00,2019-12-15T03:00:00-00:00,0,2019-12-14,19,0,ACTUAL,SCE-TAC,Total Actual Hourly Integrated Load,SYS_FCST_ACT_MW,3.2,11711,ACTUAL,234
2019-12-14T10:00:00-00:00,2019-12-14T11:00:00-00:00,0,2019-12-14,3,0,ACTUAL,SCE-TAC,Total Actual Hourly Integrated Load,SYS_FCST_ACT_MW,3.2,8866,ACTUAL,234
2019-12-14T16:00:00-00:00,2019-12-14T17:00:00-00:00,0,2019-12-14,9,0,ACTUAL,SCE-TAC,Total Actual Hourly Integrated Load,SYS_FCST_ACT_MW,3.2,10171,ACTUAL,234
2019-12-14T21:00:00-00:00,2019-12-14T22:00:00-00:00,0,2019-12-14,14,0,ACTUAL,SCE-TAC,Total Actual Hourly Integrated Load,SYS_FCST_ACT_MW,3.2,10081,ACTUAL,234
2019-12-15T06:00:00-00:00,2019-12-15T07:00:00-00:00,0,2019-12-14,23,0,ACTUAL,SCE-TAC,Total Actual Hourly Integrated Load,SYS_FCST_ACT_MW,3.2,10466,ACTUAL,234
2019-12-15T00:00:00-00:00,2019-12-15T01:00:00-00:00,0,2019-12-14,17,0,ACTUAL,SCE-TAC,Total Actual Hourly Integrated Load,SYS_FCST_ACT_MW,3.2,10841,ACTUAL,234
2019-12-15T03:00:00-00:00,2019-12-15T04:00:00-00:00,0,2019-12-14,20,0,ACTUAL,SCE-TAC,Total Actual Hourly Integrated Load,SYS_FCST_ACT_MW,3.2,11534,ACTUAL,234
2019-12-14T08:00:00-00:00,2019-12-14T09:00:00-00:00,0,2019-12-14,1,0,ACTUAL,SCE-TAC,Total Actual Hourly Integrated Load,SYS_FCST_ACT_MW,3.2,9532,ACTUAL,234
2019-12-14T18:00:00-00:00,2019-12-14T19:00:00-00:00,0,2019-12-14,11,0,ACTUAL,SCE-TAC,Total Actual Hourly Integrated Load,SYS_FCST_ACT_MW,3.2,10391,ACTUAL,234
2019-12-15T04:00:00-00:00,2019-12-15T05:00:00-00:00,0,2019-12-14,21,0,ACTUAL,SCE-TAC,Total Actual Hourly Integrated Load,SYS_FCST_ACT_MW,3.2,11352,ACTUAL,234
2019-12-14T09:00:00-00:00,2019-12-14T10:00:00-00:00,0,2019-12-14,2,0,ACTUAL,SCE-TAC,Total Actual Hourly Integrated Load,SYS_FCST_ACT_MW,3.2,9136,ACTUAL,234
2019-12-14T14:00:00-00:00,2019-12-14T15:00:00-00:00,0,2019-12-14,7,0,ACTUAL,SCE-TAC,Total Actual Hourly Integrated Load,SYS_FCST_ACT_MW,3.2,9593,ACTUAL,234
2019-12-15T05:00:00-00:00,2019-12-15T06:00:00-00:00,0,2019-12-14,22,0,ACTUAL,SCE-TAC,Total Actual Hourly Integrated Load,SYS_FCST_ACT_MW,3.2,11038,ACTUAL,234
2019-12-15T06:00:00-00:00,2019-12-15T07:00:00-00:00,0,2019-12-14,23,0,ACTUAL,SCL,Total Actual Hourly Integrated Load,SYS_FCST_ACT_MW,3.8,1123,ACTUAL,235
2019-12-15T05:00:00-00:00,2019-12-15T06:00:00-00:00,0,2019-12-14,22,0,ACTUAL,SCL,Total Actual Hourly Integrated Load,SYS_FCST_ACT_MW,3.8,1184,ACTUAL,235
2019-12-15T07:00:00-00:00,2019-12-15T08:00:00-00:00,0,2019-12-14,24,0,ACTUAL,SCL,Total Actual Hourly Integrated Load,SYS_FCST_ACT_MW,3.8,1059,ACTUAL,235
2019-12-14T09:00:00-00:00,2019-12-14T10:00:00-00:00,0,2019-12-14,2,0,ACTUAL,SCL,Total Actual Hourly Integrated Load,SYS_FCST_ACT_MW,3.8,937,ACTUAL,235
2019-12-14T10:00:00-00:00,2019-12-14T11:00:00-00:00,0,2019-12-14,3,0,ACTUAL,SCL,Total Actual Hourly Integrated Load,SYS_FCST_ACT_MW,3.8,910,ACTUAL,235
2019-12-14T23:00:00-00:00,2019-12-15T00:00:00-00:00,0,2019-12-14,16,0,ACTUAL,SCL,Total Actual Hourly Integrated Load,SYS_FCST_ACT_MW,3.8,1263,ACTUAL,235
2019-12-15T01:00:00-00:00,2019-12-15T02:00:00-00:00,0,2019-12-14,18,0,ACTUAL,SCL,Total Actual Hourly Integrated Load,SYS_FCST_ACT_MW,3.8,1321,ACTUAL,235
2019-12-14T12:00:00-00:00,2019-12-14T13:00:00-00:00,0,2019-12-14,5,0,ACTUAL,SCL,Total Actual Hourly Integrated Load,SYS_FCST_ACT_MW,3.8,913,ACTUAL,235
2019-12-14T21:00:00-00:00,2019-12-14T22:00:00-00:00,0,2019-12-14,14,0,ACTUAL,SCL,Total Actual Hourly Integrated Load,SYS_FCST_ACT_MW,3.8,1263,ACTUAL,235
2019-12-14T16:00:00-00:00,2019-12-14T17:00:00-00:00,0,2019-12-14,9,0,ACTUAL,SCL,Total Actual Hourly Integrated Load,SYS_FCST_ACT_MW,3.8,1190,ACTUAL,235
2019-12-15T02:00:00-00:00,2019-12-15T03:00:00-00:00,0,2019-12-14,19,0,ACTUAL,SCL,Total Actual Hourly Integrated Load,SYS_FCST_ACT_MW,3.8,1298,ACTUAL,235
2019-12-14T11:00:00-00:00,2019-12-14T12:00:00-00:00,0,2019-12-14,4,0,ACTUAL,SCL,Total Actual Hourly Integrated Load,SYS_FCST_ACT_MW,3.8,904,ACTUAL,235
2019-12-14T17:00:00-00:00,2019-12-14T18:00:00-00:00,0,2019-12-14,10,0,ACTUAL,SCL,Total Actual Hourly Integrated Load,SYS_FCST_ACT_MW,3.8,1252,ACTUAL,235
2019-12-14T19:00:00-00:00,2019-12-14T20:00:00-00:00,0,2019-12-14,12,0,ACTUAL,SCL,Total Actual Hourly Integrated Load,SYS_FCST_ACT_MW,3.8,1282,ACTUAL,235
2019-12-14T22:00:00-00:00,2019-12-14T23:00:00-00:00,0,2019-12-14,15,0,ACTUAL,SCL,Total Actual Hourly Integrated Load,SYS_FCST_ACT_MW,3.8,1255,ACTUAL,235
2019-12-15T00:00:00-00:00,2019-12-15T01:00:00-00:00,0,2019-12-14,17,0,ACTUAL,SCL,Total Actual Hourly Integrated Load,SYS_FCST_ACT_MW,3.8,1308,ACTUAL,235
2019-12-14T15:00:00-00:00,2019-12-14T16:00:00-00:00,0,2019-12-14,8,0,ACTUAL,SCL,Total Actual Hourly Integrated Load,SYS_FCST_ACT_MW,3.8,1110,ACTUAL,235
2019-12-14T18:00:00-00:00,2019-12-14T19:00:00-00:00,0,2019-12-14,11,0,ACTUAL,SCL,Total Actual Hourly Integrated Load,SYS_FCST_ACT_MW,3.8,1272,ACTUAL,235
2019-12-15T04:00:00-00:00,2019-12-15T05:00:00-00:00,0,2019-12-14,21,0,ACTUAL,SCL,Total Actual Hourly Integrated Load,SYS_FCST_ACT_MW,3.8,1228,ACTUAL,235
2019-12-14T08:00:00-00:00,2019-12-14T09:00:00-00:00,0,2019-12-14,1,0,ACTUAL,SCL,Total Actual Hourly Integrated Load,SYS_FCST_ACT_MW,3.8,983,ACTUAL,235
2019-12-14T13:00:00-00:00,2019-12-14T14:00:00-00:00,0,2019-12-14,6,0,ACTUAL,SCL,Total Actual Hourly Integrated Load,SYS_FCST_ACT_MW,3.8,960,ACTUAL,235
2019-12-14T14:00:00-00:00,2019-12-14T15:00:00-00:00,0,2019-12-14,7,0,ACTUAL,SCL,Total Actual Hourly Integrated Load,SYS_FCST_ACT_MW,3.8,1032,ACTUAL,235
2019-12-15T03:00:00-00:00,2019-12-15T04:00:00-00:00,0,2019-12-14,20,0,ACTUAL,SCL,Total Actual Hourly Integrated Load,SYS_FCST_ACT_MW,3.8,1265,ACTUAL,235
2019-12-14T20:00:00-00:00,2019-12-14T21:00:00-00:00,0,2019-12-14,13,0,ACTUAL,SCL,Total Actual Hourly Integrated Load,SYS_FCST_ACT_MW,3.8,1283,ACTUAL,235
2019-12-15T03:00:00-00:00,2019-12-15T04:00:00-00:00,0,2019-12-14,20,0,ACTUAL,SDGE-TAC,Total Actual Hourly Integrated Load,SYS_FCST_ACT_MW,3.4,2544,ACTUAL,236
2019-12-14T19:00:00-00:00,2019-12-14T20:00:00-00:00,0,2019-12-14,12,0,ACTUAL,SDGE-TAC,Total Actual Hourly Integrated Load,SYS_FCST_ACT_MW,3.4,1983,ACTUAL,236
2019-12-15T00:00:00-00:00,2019-12-15T01:00:00-00:00,0,2019-12-14,17,0,ACTUAL,SDGE-TAC,Total Actual Hourly Integrated Load,SYS_FCST_ACT_MW,3.4,2397,ACTUAL,236
2019-12-15T07:00:00-00:00,2019-12-15T08:00:00-00:00,0,2019-12-14,24,0,ACTUAL,SDGE-TAC,Total Actual Hourly Integrated Load,SYS_FCST_ACT_MW,3.4,2049,ACTUAL,236
2019-12-14T15:00:00-00:00,2019-12-14T16:00:00-00:00,0,2019-12-14,8,0,ACTUAL,SDGE-TAC,Total Actual Hourly Integrated Load,SYS_FCST_ACT_MW,3.4,2018,ACTUAL,236
2019-12-14T14:00:00-00:00,2019-12-14T15:00:00-00:00,0,2019-12-14,7,0,ACTUAL,SDGE-TAC,Total Actual Hourly Integrated Load,SYS_FCST_ACT_MW,3.4,1926,ACTUAL,236
2019-12-14T13:00:00-00:00,2019-12-14T14:00:00-00:00,0,2019-12-14,6,0,ACTUAL,SDGE-TAC,Total Actual Hourly Integrated Load,SYS_FCST_ACT_MW,3.4,1852,ACTUAL,236
2019-12-14T12:00:00-00:00,2019-12-14T13:00:00-00:00,0,2019-12-14,5,0,ACTUAL,SDGE-TAC,Total Actual Hourly Integrated Load,SYS_FCST_ACT_MW,3.4,1782,ACTUAL,236
2019-12-14T10:00:00-00:00,2019-12-14T11:00:00-00:00,0,2019-12-14,3,0,ACTUAL,SDGE-TAC,Total Actual Hourly Integrated Load,SYS_FCST_ACT_MW,3.4,1815,ACTUAL,236
2019-12-14T09:00:00-00:00,2019-12-14T10:00:00-00:00,0,2019-12-14,2,0,ACTUAL,SDGE-TAC,Total Actual Hourly Integrated Load,SYS_FCST_ACT_MW,3.4,1878,ACTUAL,236
2019-12-14T08:00:00-00:00,2019-12-14T09:00:00-00:00,0,2019-12-14,1,0,ACTUAL,SDGE-TAC,Total Actual Hourly Integrated Load,SYS_FCST_ACT_MW,3.4,1964,ACTUAL,236
2019-12-14T22:00:00-00:00,2019-12-14T23:00:00-00:00,0,2019-12-14,15,0,ACTUAL,SDGE-TAC,Total Actual Hourly Integrated Load,SYS_FCST_ACT_MW,3.4,2032,ACTUAL,236
2019-12-14T20:00:00-00:00,2019-12-14T21:00:00-00:00,0,2019-12-14,13,0,ACTUAL,SDGE-TAC,Total Actual Hourly Integrated Load,SYS_FCST_ACT_MW,3.4,1938,ACTUAL,236
2019-12-15T01:00:00-00:00,2019-12-15T02:00:00-00:00,0,2019-12-14,18,0,ACTUAL,SDGE-TAC,Total Actual Hourly Integrated Load,SYS_FCST_ACT_MW,3.4,2631,ACTUAL,236
2019-12-14T17:00:00-00:00,2019-12-14T18:00:00-00:00,0,2019-12-14,10,0,ACTUAL,SDGE-TAC,Total Actual Hourly Integrated Load,SYS_FCST_ACT_MW,3.4,2130,ACTUAL,236
2019-12-14T16:00:00-00:00,2019-12-14T17:00:00-00:00,0,2019-12-14,9,0,ACTUAL,SDGE-TAC,Total Actual Hourly Integrated Load,SYS_FCST_ACT_MW,3.4,2129,ACTUAL,236
2019-12-15T04:00:00-00:00,2019-12-15T05:00:00-00:00,0,2019-12-14,21,0,ACTUAL,SDGE-TAC,Total Actual Hourly Integrated Load,SYS_FCST_ACT_MW,3.4,2471,ACTUAL,236
2019-12-15T02:00:00-00:00,2019-12-15T03:00:00-00:00,0,2019-12-14,19,0,ACTUAL,SDGE-TAC,Total Actual Hourly Integrated Load,SYS_FCST_ACT_MW,3.4,2603,ACTUAL,236
2019-12-14T23:00:00-00:00,2019-12-15T00:00:00-00:00,0,2019-12-14,16,0,ACTUAL,SDGE-TAC,Total Actual Hourly Integrated Load,SYS_FCST_ACT_MW,3.4,2188,ACTUAL,236
2019-12-14T21:00:00-00:00,2019-12-14T22:00:00-00:00,0,2019-12-14,14,0,ACTUAL,SDGE-TAC,Total Actual Hourly Integrated Load,SYS_FCST_ACT_MW,3.4,1846,ACTUAL,236
2019-12-15T06:00:00-00:00,2019-12-15T07:00:00-00:00,0,2019-12-14,23,0,ACTUAL,SDGE-TAC,Total Actual Hourly Integrated Load,SYS_FCST_ACT_MW,3.4,2212,ACTUAL,236
2019-12-15T05:00:00-00:00,2019-12-15T06:00:00-00:00,0,2019-12-14,22,0,ACTUAL,SDGE-TAC,Total Actual Hourly Integrated Load,SYS_FCST_ACT_MW,3.4,2373,ACTUAL,236
2019-12-14T18:00:00-00:00,2019-12-14T19:00:00-00:00,0,2019-12-14,11,0,ACTUAL,SDGE-TAC,Total Actual Hourly Integrated Load,SYS_FCST_ACT_MW,3.4,2068,ACTUAL,236
2019-12-14T11:00:00-00:00,2019-12-14T12:00:00-00:00,0,2019-12-14,4,0,ACTUAL,SDGE-TAC,Total Actual Hourly Integrated Load,SYS_FCST_ACT_MW,3.4,1774,ACTUAL,236
2019-12-15T00:00:00-00:00,2019-12-15T01:00:00-00:00,0,2019-12-14,17,0,ACTUAL,SRP,Total Actual Hourly Integrated Load,SYS_FCST_ACT_MW,3.8,2886,ACTUAL,237
2019-12-15T07:00:00-00:00,2019-12-15T08:00:00-00:00,0,2019-12-14,24,0,ACTUAL,SRP,Total Actual Hourly Integrated Load,SYS_FCST_ACT_MW,3.8,2486,ACTUAL,237
2019-12-14T15:00:00-00:00,2019-12-14T16:00:00-00:00,0,2019-12-14,8,0,ACTUAL,SRP,Total Actual Hourly Integrated Load,SYS_FCST_ACT_MW,3.8,2975,ACTUAL,237
2019-12-14T09:00:00-00:00,2019-12-14T10:00:00-00:00,0,2019-12-14,2,0,ACTUAL,SRP,Total Actual Hourly Integrated Load,SYS_FCST_ACT_MW,3.8,2476,ACTUAL,237
2019-12-14T23:00:00-00:00,2019-12-15T00:00:00-00:00,0,2019-12-14,16,0,ACTUAL,SRP,Total Actual Hourly Integrated Load,SYS_FCST_ACT_MW,3.8,2700,ACTUAL,237
2019-12-14T22:00:00-00:00,2019-12-14T23:00:00-00:00,0,2019-12-14,15,0,ACTUAL,SRP,Total Actual Hourly Integrated Load,SYS_FCST_ACT_MW,3.8,2653,ACTUAL,237
2019-12-14T21:00:00-00:00,2019-12-14T22:00:00-00:00,0,2019-12-14,14,0,ACTUAL,SRP,Total Actual Hourly Integrated Load,SYS_FCST_ACT_MW,3.8,2648,ACTUAL,237
2019-12-15T04:00:00-00:00,2019-12-15T05:00:00-00:00,0,2019-12-14,21,0,ACTUAL,SRP,Total Actual Hourly Integrated Load,SYS_FCST_ACT_MW,3.8,2830,ACTUAL,237
2019-12-15T06:00:00-00:00,2019-12-15T07:00:00-00:00,0,2019-12-14,23,0,ACTUAL,SRP,Total Actual Hourly Integrated Load,SYS_FCST_ACT_MW,3.8,2596,ACTUAL,237
2019-12-14T19:00:00-00:00,2019-12-14T20:00:00-00:00,0,2019-12-14,12,0,ACTUAL,SRP,Total Actual Hourly Integrated Load,SYS_FCST_ACT_MW,3.8,2693,ACTUAL,237
2019-12-14T14:00:00-00:00,2019-12-14T15:00:00-00:00,0,2019-12-14,7,0,ACTUAL,SRP,Total Actual Hourly Integrated Load,SYS_FCST_ACT_MW,3.8,2950,ACTUAL,237
2019-12-14T17:00:00-00:00,2019-12-14T18:00:00-00:00,0,2019-12-14,10,0,ACTUAL,SRP,Total Actual Hourly Integrated Load,SYS_FCST_ACT_MW,3.8,2875,ACTUAL,237
2019-12-14T16:00:00-00:00,2019-12-14T17:00:00-00:00,0,2019-12-14,9,0,ACTUAL,SRP,Total Actual Hourly Integrated Load,SYS_FCST_ACT_MW,3.8,2947,ACTUAL,237
2019-12-14T12:00:00-00:00,2019-12-14T13:00:00-00:00,0,2019-12-14,5,0,ACTUAL,SRP,Total Actual Hourly Integrated Load,SYS_FCST_ACT_MW,3.8,2662,ACTUAL,237
2019-12-14T08:00:00-00:00,2019-12-14T09:00:00-00:00,0,2019-12-14,1,0,ACTUAL,SRP,Total Actual Hourly Integrated Load,SYS_FCST_ACT_MW,3.8,2540,ACTUAL,237
2019-12-15T05:00:00-00:00,2019-12-15T06:00:00-00:00,0,2019-12-14,22,0,ACTUAL,SRP,Total Actual Hourly Integrated Load,SYS_FCST_ACT_MW,3.8,2728,ACTUAL,237
2019-12-15T02:00:00-00:00,2019-12-15T03:00:00-00:00,0,2019-12-14,19,0,ACTUAL,SRP,Total Actual Hourly Integrated Load,SYS_FCST_ACT_MW,3.8,2936,ACTUAL,237
2019-12-14T18:00:00-00:00,2019-12-14T19:00:00-00:00,0,2019-12-14,11,0,ACTUAL,SRP,Total Actual Hourly Integrated Load,SYS_FCST_ACT_MW,3.8,2759,ACTUAL,237
2019-12-15T01:00:00-00:00,2019-12-15T02:00:00-00:00,0,2019-12-14,18,0,ACTUAL,SRP,Total Actual Hourly Integrated Load,SYS_FCST_ACT_MW,3.8,2991,ACTUAL,237
2019-12-15T03:00:00-00:00,2019-12-15T04:00:00-00:00,0,2019-12-14,20,0,ACTUAL,SRP,Total Actual Hourly Integrated Load,SYS_FCST_ACT_MW,3.8,2905,ACTUAL,237
2019-12-14T20:00:00-00:00,2019-12-14T21:00:00-00:00,0,2019-12-14,13,0,ACTUAL,SRP,Total Actual Hourly Integrated Load,SYS_FCST_ACT_MW,3.8,2660,ACTUAL,237
2019-12-14T13:00:00-00:00,2019-12-14T14:00:00-00:00,0,2019-12-14,6,0,ACTUAL,SRP,Total Actual Hourly Integrated Load,SYS_FCST_ACT_MW,3.8,2819,ACTUAL,237
2019-12-14T11:00:00-00:00,2019-12-14T12:00:00-00:00,0,2019-12-14,4,0,ACTUAL,SRP,Total Actual Hourly Integrated Load,SYS_FCST_ACT_MW,3.8,2558,ACTUAL,237
2019-12-14T10:00:00-00:00,2019-12-14T11:00:00-00:00,0,2019-12-14,3,0,ACTUAL,SRP,Total Actual Hourly Integrated Load,SYS_FCST_ACT_MW,3.8,2492,ACTUAL,237
2019-12-14T17:00:00-00:00,2019-12-14T18:00:00-00:00,0,2019-12-14,10,0,ACTUAL,VEA-TAC,Total Actual Hourly Integrated Load,SYS_FCST_ACT_MW,3.5,64,ACTUAL,238
2019-12-14T16:00:00-00:00,2019-12-14T17:00:00-00:00,0,2019-12-14,9,0,ACTUAL,VEA-TAC,Total Actual Hourly Integrated Load,SYS_FCST_ACT_MW,3.5,71,ACTUAL,238
2019-12-15T05:00:00-00:00,2019-12-15T06:00:00-00:00,0,2019-12-14,22,0,ACTUAL,VEA-TAC,Total Actual Hourly Integrated Load,SYS_FCST_ACT_MW,3.5,66,ACTUAL,238
2019-12-15T06:00:00-00:00,2019-12-15T07:00:00-00:00,0,2019-12-14,23,0,ACTUAL,VEA-TAC,Total Actual Hourly Integrated Load,SYS_FCST_ACT_MW,3.5,64,ACTUAL,238
2019-12-14T08:00:00-00:00,2019-12-14T09:00:00-00:00,0,2019-12-14,1,0,ACTUAL,VEA-TAC,Total Actual Hourly Integrated Load,SYS_FCST_ACT_MW,3.5,63,ACTUAL,238
2019-12-14T11:00:00-00:00,2019-12-14T12:00:00-00:00,0,2019-12-14,4,0,ACTUAL,VEA-TAC,Total Actual Hourly Integrated Load,SYS_FCST_ACT_MW,3.5,67,ACTUAL,238
2019-12-14T12:00:00-00:00,2019-12-14T13:00:00-00:00,0,2019-12-14,5,0,ACTUAL,VEA-TAC,Total Actual Hourly Integrated Load,SYS_FCST_ACT_MW,3.5,69,ACTUAL,238
2019-12-14T19:00:00-00:00,2019-12-14T20:00:00-00:00,0,2019-12-14,12,0,ACTUAL,VEA-TAC,Total Actual Hourly Integrated Load,SYS_FCST_ACT_MW,3.5,55,ACTUAL,238
2019-12-14T21:00:00-00:00,2019-12-14T22:00:00-00:00,0,2019-12-14,14,0,ACTUAL,VEA-TAC,Total Actual Hourly Integrated Load,SYS_FCST_ACT_MW,3.5,53,ACTUAL,238
2019-12-14T22:00:00-00:00,2019-12-14T23:00:00-00:00,0,2019-12-14,15,0,ACTUAL,VEA-TAC,Total Actual Hourly Integrated Load,SYS_FCST_ACT_MW,3.5,54,ACTUAL,238
2019-12-15T01:00:00-00:00,2019-12-15T02:00:00-00:00,0,2019-12-14,18,0,ACTUAL,VEA-TAC,Total Actual Hourly Integrated Load,SYS_FCST_ACT_MW,3.5,67,ACTUAL,238
2019-12-15T02:00:00-00:00,2019-12-15T03:00:00-00:00,0,2019-12-14,19,0,ACTUAL,VEA-TAC,Total Actual Hourly Integrated Load,SYS_FCST_ACT_MW,3.5,67,ACTUAL,238
2019-12-15T07:00:00-00:00,2019-12-15T08:00:00-00:00,0,2019-12-14,24,0,ACTUAL,VEA-TAC,Total Actual Hourly Integrated Load,SYS_FCST_ACT_MW,3.5,62,ACTUAL,238
2019-12-14T15:00:00-00:00,2019-12-14T16:00:00-00:00,0,2019-12-14,8,0,ACTUAL,VEA-TAC,Total Actual Hourly Integrated Load,SYS_FCST_ACT_MW,3.5,80,ACTUAL,238
2019-12-14T20:00:00-00:00,2019-12-14T21:00:00-00:00,0,2019-12-14,13,0,ACTUAL,VEA-TAC,Total Actual Hourly Integrated Load,SYS_FCST_ACT_MW,3.5,54,ACTUAL,238
2019-12-15T04:00:00-00:00,2019-12-15T05:00:00-00:00,0,2019-12-14,21,0,ACTUAL,VEA-TAC,Total Actual Hourly Integrated Load,SYS_FCST_ACT_MW,3.5,68,ACTUAL,238
2019-12-14T10:00:00-00:00,2019-12-14T11:00:00-00:00,0,2019-12-14,3,0,ACTUAL,VEA-TAC,Total Actual Hourly Integrated Load,SYS_FCST_ACT_MW,3.5,65,ACTUAL,238
2019-12-14T09:00:00-00:00,2019-12-14T10:00:00-00:00,0,2019-12-14,2,0,ACTUAL,VEA-TAC,Total Actual Hourly Integrated Load,SYS_FCST_ACT_MW,3.5,64,ACTUAL,238
2019-12-14T13:00:00-00:00,2019-12-14T14:00:00-00:00,0,2019-12-14,6,0,ACTUAL,VEA-TAC,Total Actual Hourly Integrated Load,SYS_FCST_ACT_MW,3.5,74,ACTUAL,238
2019-12-14T14:00:00-00:00,2019-12-14T15:00:00-00:00,0,2019-12-14,7,0,ACTUAL,VEA-TAC,Total Actual Hourly Integrated Load,SYS_FCST_ACT_MW,3.5,80,ACTUAL,238
2019-12-15T00:00:00-00:00,2019-12-15T01:00:00-00:00,0,2019-12-14,17,0,ACTUAL,VEA-TAC,Total Actual Hourly Integrated Load,SYS_FCST_ACT_MW,3.5,62,ACTUAL,238
2019-12-14T18:00:00-00:00,2019-12-14T19:00:00-00:00,0,2019-12-14,11,0,ACTUAL,VEA-TAC,Total Actual Hourly Integrated Load,SYS_FCST_ACT_MW,3.5,58,ACTUAL,238
2019-12-15T03:00:00-00:00,2019-12-15T04:00:00-00:00,0,2019-12-14,20,0,ACTUAL,VEA-TAC,Total Actual Hourly Integrated Load,SYS_FCST_ACT_MW,3.5,68,ACTUAL,238
2019-12-14T23:00:00-00:00,2019-12-15T00:00:00-00:00,0,2019-12-14,16,0,ACTUAL,VEA-TAC,Total Actual Hourly Integrated Load,SYS_FCST_ACT_MW,3.5,56,ACTUAL,238
2019-12-15T12:00:00-00:00,2019-12-15T13:00:00-00:00,0,2019-12-15,5,0,ACTUAL,AZPS,Total Actual Hourly Integrated Load,SYS_FCST_ACT_MW,3.8,2583,ACTUAL,239
2019-12-15T09:00:00-00:00,2019-12-15T10:00:00-00:00,0,2019-12-15,2,0,ACTUAL,AZPS,Total Actual Hourly Integrated Load,SYS_FCST_ACT_MW,3.8,2434,ACTUAL,239
2019-12-15T19:00:00-00:00,2019-12-15T20:00:00-00:00,0,2019-12-15,12,0,ACTUAL,AZPS,Total Actual Hourly Integrated Load,SYS_FCST_ACT_MW,3.8,2281,ACTUAL,239
2019-12-16T00:00:00-00:00,2019-12-16T01:00:00-00:00,0,2019-12-15,17,0,ACTUAL,AZPS,Total Actual Hourly Integrated Load,SYS_FCST_ACT_MW,3.8,3097,ACTUAL,239
2019-12-15T20:00:00-00:00,2019-12-15T21:00:00-00:00,0,2019-12-15,13,0,ACTUAL,AZPS,Total Actual Hourly Integrated Load,SYS_FCST_ACT_MW,3.8,2261,ACTUAL,239
2019-12-16T07:00:00-00:00,2019-12-16T08:00:00-00:00,0,2019-12-15,24,0,ACTUAL,AZPS,Total Actual Hourly Integrated Load,SYS_FCST_ACT_MW,3.8,2698,ACTUAL,239
2019-12-15T10:00:00-00:00,2019-12-15T11:00:00-00:00,0,2019-12-15,3,0,ACTUAL,AZPS,Total Actual Hourly Integrated Load,SYS_FCST_ACT_MW,3.8,2434,ACTUAL,239
2019-12-15T18:00:00-00:00,2019-12-15T19:00:00-00:00,0,2019-12-15,11,0,ACTUAL,AZPS,Total Actual Hourly Integrated Load,SYS_FCST_ACT_MW,3.8,2334,ACTUAL,239
2019-12-15T21:00:00-00:00,2019-12-15T22:00:00-00:00,0,2019-12-15,14,0,ACTUAL,AZPS,Total Actual Hourly Integrated Load,SYS_FCST_ACT_MW,3.8,2310,ACTUAL,239
2019-12-15T23:00:00-00:00,2019-12-16T00:00:00-00:00,0,2019-12-15,16,0,ACTUAL,AZPS,Total Actual Hourly Integrated Load,SYS_FCST_ACT_MW,3.8,2706,ACTUAL,239
2019-12-16T03:00:00-00:00,2019-12-16T04:00:00-00:00,0,2019-12-15,20,0,ACTUAL,AZPS,Total Actual Hourly Integrated Load,SYS_FCST_ACT_MW,3.8,3238,ACTUAL,239
2019-12-15T08:00:00-00:00,2019-12-15T09:00:00-00:00,0,2019-12-15,1,0,ACTUAL,AZPS,Total Actual Hourly Integrated Load,SYS_FCST_ACT_MW,3.8,2473,ACTUAL,239
2019-12-15T11:00:00-00:00,2019-12-15T12:00:00-00:00,0,2019-12-15,4,0,ACTUAL,AZPS,Total Actual Hourly Integrated Load,SYS_FCST_ACT_MW,3.8,2473,ACTUAL,239
2019-12-15T22:00:00-00:00,2019-12-15T23:00:00-00:00,0,2019-12-15,15,0,ACTUAL,AZPS,Total Actual Hourly Integrated Load,SYS_FCST_ACT_MW,3.8,2455,ACTUAL,239
2019-12-16T01:00:00-00:00,2019-12-16T02:00:00-00:00,0,2019-12-15,18,0,ACTUAL,AZPS,Total Actual Hourly Integrated Load,SYS_FCST_ACT_MW,3.8,3286,ACTUAL,239
2019-12-15T14:00:00-00:00,2019-12-15T15:00:00-00:00,0,2019-12-15,7,0,ACTUAL,AZPS,Total Actual Hourly Integrated Load,SYS_FCST_ACT_MW,3.8,2854,ACTUAL,239
2019-12-15T16:00:00-00:00,2019-12-15T17:00:00-00:00,0,2019-12-15,9,0,ACTUAL,AZPS,Total Actual Hourly Integrated Load,SYS_FCST_ACT_MW,3.8,2640,ACTUAL,239
2019-12-16T02:00:00-00:00,2019-12-16T03:00:00-00:00,0,2019-12-15,19,0,ACTUAL,AZPS,Total Actual Hourly Integrated Load,SYS_FCST_ACT_MW,3.8,3274,ACTUAL,239
2019-12-16T06:00:00-00:00,2019-12-16T07:00:00-00:00,0,2019-12-15,23,0,ACTUAL,AZPS,Total Actual Hourly Integrated Load,SYS_FCST_ACT_MW,3.8,2791,ACTUAL,239
2019-12-15T13:00:00-00:00,2019-12-15T14:00:00-00:00,0,2019-12-15,6,0,ACTUAL,AZPS,Total Actual Hourly Integrated Load,SYS_FCST_ACT_MW,3.8,2734,ACTUAL,239
2019-12-15T17:00:00-00:00,2019-12-15T18:00:00-00:00,0,2019-12-15,10,0,ACTUAL,AZPS,Total Actual Hourly Integrated Load,SYS_FCST_ACT_MW,3.8,2463,ACTUAL,239
2019-12-16T05:00:00-00:00,2019-12-16T06:00:00-00:00,0,2019-12-15,22,0,ACTUAL,AZPS,Total Actual Hourly Integrated Load,SYS_FCST_ACT_MW,3.8,2959,ACTUAL,239
2019-12-16T04:00:00-00:00,2019-12-16T05:00:00-00:00,0,2019-12-15,21,0,ACTUAL,AZPS,Total Actual Hourly Integrated Load,SYS_FCST_ACT_MW,3.8,3136,ACTUAL,239
2019-12-15T15:00:00-00:00,2019-12-15T16:00:00-00:00,0,2019-12-15,8,0,ACTUAL,AZPS,Total Actual Hourly Integrated Load,SYS_FCST_ACT_MW,3.8,2820,ACTUAL,239
2019-12-15T09:00:00-00:00,2019-12-15T10:00:00-00:00,0,2019-12-15,2,0,ACTUAL,BANCSMUD,Total Actual Hourly Integrated Load,SYS_FCST_ACT_MW,3.8,988,ACTUAL,240
2019-12-15T11:00:00-00:00,2019-12-15T12:00:00-00:00,0,2019-12-15,4,0,ACTUAL,BANCSMUD,Total Actual Hourly Integrated Load,SYS_FCST_ACT_MW,3.8,963,ACTUAL,240
2019-12-15T22:00:00-00:00,2019-12-15T23:00:00-00:00,0,2019-12-15,15,0,ACTUAL,BANCSMUD,Total Actual Hourly Integrated Load,SYS_FCST_ACT_MW,3.8,1159,ACTUAL,240
2019-12-15T12:00:00-00:00,2019-12-15T13:00:00-00:00,0,2019-12-15,5,0,ACTUAL,BANCSMUD,Total Actual Hourly Integrated Load,SYS_FCST_ACT_MW,3.8,984,ACTUAL,240
2019-12-16T00:00:00-00:00,2019-12-16T01:00:00-00:00,0,2019-12-15,17,0,ACTUAL,BANCSMUD,Total Actual Hourly Integrated Load,SYS_FCST_ACT_MW,3.8,1276,ACTUAL,240
2019-12-16T01:00:00-00:00,2019-12-16T02:00:00-00:00,0,2019-12-15,18,0,ACTUAL,BANCSMUD,Total Actual Hourly Integrated Load,SYS_FCST_ACT_MW,3.8,1406,ACTUAL,240
2019-12-15T15:00:00-00:00,2019-12-15T16:00:00-00:00,0,2019-12-15,8,0,ACTUAL,BANCSMUD,Total Actual Hourly Integrated Load,SYS_FCST_ACT_MW,3.8,1185,ACTUAL,240
2019-12-15T16:00:00-00:00,2019-12-15T17:00:00-00:00,0,2019-12-15,9,0,ACTUAL,BANCSMUD,Total Actual Hourly Integrated Load,SYS_FCST_ACT_MW,3.8,1227,ACTUAL,240
2019-12-15T17:00:00-00:00,2019-12-15T18:00:00-00:00,0,2019-12-15,10,0,ACTUAL,BANCSMUD,Total Actual Hourly Integrated Load,SYS_FCST_ACT_MW,3.8,1230,ACTUAL,240
2019-12-15T19:00:00-00:00,2019-12-15T20:00:00-00:00,0,2019-12-15,12,0,ACTUAL,BANCSMUD,Total Actual Hourly Integrated Load,SYS_FCST_ACT_MW,3.8,1181,ACTUAL,240
2019-12-16T02:00:00-00:00,2019-12-16T03:00:00-00:00,0,2019-12-15,19,0,ACTUAL,BANCSMUD,Total Actual Hourly Integrated Load,SYS_FCST_ACT_MW,3.8,1422,ACTUAL,240
2019-12-16T03:00:00-00:00,2019-12-16T04:00:00-00:00,0,2019-12-15,20,0,ACTUAL,BANCSMUD,Total Actual Hourly Integrated Load,SYS_FCST_ACT_MW,3.8,1392,ACTUAL,240
2019-12-15T23:00:00-00:00,2019-12-16T00:00:00-00:00,0,2019-12-15,16,0,ACTUAL,BANCSMUD,Total Actual Hourly Integrated Load,SYS_FCST_ACT_MW,3.8,1189,ACTUAL,240
2019-12-15T08:00:00-00:00,2019-12-15T09:00:00-00:00,0,2019-12-15,1,0,ACTUAL,BANCSMUD,Total Actual Hourly Integrated Load,SYS_FCST_ACT_MW,3.8,1025,ACTUAL,240
2019-12-15T20:00:00-00:00,2019-12-15T21:00:00-00:00,0,2019-12-15,13,0,ACTUAL,BANCSMUD,Total Actual Hourly Integrated Load,SYS_FCST_ACT_MW,3.8,1160,ACTUAL,240
2019-12-15T21:00:00-00:00,2019-12-15T22:00:00-00:00,0,2019-12-15,14,0,ACTUAL,BANCSMUD,Total Actual Hourly Integrated Load,SYS_FCST_ACT_MW,3.8,1148,ACTUAL,240
2019-12-16T04:00:00-00:00,2019-12-16T05:00:00-00:00,0,2019-12-15,21,0,ACTUAL,BANCSMUD,Total Actual Hourly Integrated Load,SYS_FCST_ACT_MW,3.8,1343,ACTUAL,240
2019-12-15T10:00:00-00:00,2019-12-15T11:00:00-00:00,0,2019-12-15,3,0,ACTUAL,BANCSMUD,Total Actual Hourly Integrated Load,SYS_FCST_ACT_MW,3.8,970,ACTUAL,240
2019-12-15T13:00:00-00:00,2019-12-15T14:00:00-00:00,0,2019-12-15,6,0,ACTUAL,BANCSMUD,Total Actual Hourly Integrated Load,SYS_FCST_ACT_MW,3.8,1045,ACTUAL,240
2019-12-15T18:00:00-00:00,2019-12-15T19:00:00-00:00,0,2019-12-15,11,0,ACTUAL,BANCSMUD,Total Actual Hourly Integrated Load,SYS_FCST_ACT_MW,3.8,1207,ACTUAL,240
2019-12-16T05:00:00-00:00,2019-12-16T06:00:00-00:00,0,2019-12-15,22,0,ACTUAL,BANCSMUD,Total Actual Hourly Integrated Load,SYS_FCST_ACT_MW,3.8,1276,ACTUAL,240
2019-12-16T06:00:00-00:00,2019-12-16T07:00:00-00:00,0,2019-12-15,23,0,ACTUAL,BANCSMUD,Total Actual Hourly Integrated Load,SYS_FCST_ACT_MW,3.8,1176,ACTUAL,240
2019-12-16T07:00:00-00:00,2019-12-16T08:00:00-00:00,0,2019-12-15,24,0,ACTUAL,BANCSMUD,Total Actual Hourly Integrated Load,SYS_FCST_ACT_MW,3.8,1077,ACTUAL,240
2019-12-15T14:00:00-00:00,2019-12-15T15:00:00-00:00,0,2019-12-15,7,0,ACTUAL,BANCSMUD,Total Actual Hourly Integrated Load,SYS_FCST_ACT_MW,3.8,1124,ACTUAL,240
2019-12-15T13:00:00-00:00,2019-12-15T14:00:00-00:00,0,2019-12-15,6,0,ACTUAL,BCHA,Total Actual Hourly Integrated Load,SYS_FCST_ACT_MW,3.8,7133,ACTUAL,241
2019-12-16T06:00:00-00:00,2019-12-16T07:00:00-00:00,0,2019-12-15,23,0,ACTUAL,BCHA,Total Actual Hourly Integrated Load,SYS_FCST_ACT_MW,3.8,8056,ACTUAL,241
2019-12-15T21:00:00-00:00,2019-12-15T22:00:00-00:00,0,2019-12-15,14,0,ACTUAL,BCHA,Total Actual Hourly Integrated Load,SYS_FCST_ACT_MW,3.8,8293,ACTUAL,241
2019-12-15T16:00:00-00:00,2019-12-15T17:00:00-00:00,0,2019-12-15,9,0,ACTUAL,BCHA,Total Actual Hourly Integrated Load,SYS_FCST_ACT_MW,3.8,8274,ACTUAL,241
2019-12-15T17:00:00-00:00,2019-12-15T18:00:00-00:00,0,2019-12-15,10,0,ACTUAL,BCHA,Total Actual Hourly Integrated Load,SYS_FCST_ACT_MW,3.8,8514,ACTUAL,241
2019-12-15T12:00:00-00:00,2019-12-15T13:00:00-00:00,0,2019-12-15,5,0,ACTUAL,BCHA,Total Actual Hourly Integrated Load,SYS_FCST_ACT_MW,3.8,6953,ACTUAL,241
2019-12-16T00:00:00-00:00,2019-12-16T01:00:00-00:00,0,2019-12-15,17,0,ACTUAL,BCHA,Total Actual Hourly Integrated Load,SYS_FCST_ACT_MW,3.8,9037,ACTUAL,241
2019-12-16T04:00:00-00:00,2019-12-16T05:00:00-00:00,0,2019-12-15,21,0,ACTUAL,BCHA,Total Actual Hourly Integrated Load,SYS_FCST_ACT_MW,3.8,8907,ACTUAL,241
2019-12-15T08:00:00-00:00,2019-12-15T09:00:00-00:00,0,2019-12-15,1,0,ACTUAL,BCHA,Total Actual Hourly Integrated Load,SYS_FCST_ACT_MW,3.8,7135,ACTUAL,241
2019-12-15T14:00:00-00:00,2019-12-15T15:00:00-00:00,0,2019-12-15,7,0,ACTUAL,BCHA,Total Actual Hourly Integrated Load,SYS_FCST_ACT_MW,3.8,7460,ACTUAL,241
2019-12-15T15:00:00-00:00,2019-12-15T16:00:00-00:00,0,2019-12-15,8,0,ACTUAL,BCHA,Total Actual Hourly Integrated Load,SYS_FCST_ACT_MW,3.8,7866,ACTUAL,241
2019-12-15T22:00:00-00:00,2019-12-15T23:00:00-00:00,0,2019-12-15,15,0,ACTUAL,BCHA,Total Actual Hourly Integrated Load,SYS_FCST_ACT_MW,3.8,8253,ACTUAL,241
2019-12-16T01:00:00-00:00,2019-12-16T02:00:00-00:00,0,2019-12-15,18,0,ACTUAL,BCHA,Total Actual Hourly Integrated Load,SYS_FCST_ACT_MW,3.8,9378,ACTUAL,241
2019-12-15T18:00:00-00:00,2019-12-15T19:00:00-00:00,0,2019-12-15,11,0,ACTUAL,BCHA,Total Actual Hourly Integrated Load,SYS_FCST_ACT_MW,3.8,8552,ACTUAL,241
2019-12-15T19:00:00-00:00,2019-12-15T20:00:00-00:00,0,2019-12-15,12,0,ACTUAL,BCHA,Total Actual Hourly Integrated Load,SYS_FCST_ACT_MW,3.8,8481,ACTUAL,241
2019-12-16T03:00:00-00:00,2019-12-16T04:00:00-00:00,0,2019-12-15,20,0,ACTUAL,BCHA,Total Actual Hourly Integrated Load,SYS_FCST_ACT_MW,3.8,9092,ACTUAL,241
2019-12-16T05:00:00-00:00,2019-12-16T06:00:00-00:00,0,2019-12-15,22,0,ACTUAL,BCHA,Total Actual Hourly Integrated Load,SYS_FCST_ACT_MW,3.8,8588,ACTUAL,241
2019-12-16T07:00:00-00:00,2019-12-16T08:00:00-00:00,0,2019-12-15,24,0,ACTUAL,BCHA,Total Actual Hourly Integrated Load,SYS_FCST_ACT_MW,3.8,7559,ACTUAL,241
2019-12-15T10:00:00-00:00,2019-12-15T11:00:00-00:00,0,2019-12-15,3,0,ACTUAL,BCHA,Total Actual Hourly Integrated Load,SYS_FCST_ACT_MW,3.8,6874,ACTUAL,241
2019-12-15T11:00:00-00:00,2019-12-15T12:00:00-00:00,0,2019-12-15,4,0,ACTUAL,BCHA,Total Actual Hourly Integrated Load,SYS_FCST_ACT_MW,3.8,6909,ACTUAL,241
2019-12-15T09:00:00-00:00,2019-12-15T10:00:00-00:00,0,2019-12-15,2,0,ACTUAL,BCHA,Total Actual Hourly Integrated Load,SYS_FCST_ACT_MW,3.8,6921,ACTUAL,241
2019-12-15T20:00:00-00:00,2019-12-15T21:00:00-00:00,0,2019-12-15,13,0,ACTUAL,BCHA,Total Actual Hourly Integrated Load,SYS_FCST_ACT_MW,3.8,8395,ACTUAL,241
2019-12-16T02:00:00-00:00,2019-12-16T03:00:00-00:00,0,2019-12-15,19,0,ACTUAL,BCHA,Total Actual Hourly Integrated Load,SYS_FCST_ACT_MW,3.8,9277,ACTUAL,241
2019-12-15T23:00:00-00:00,2019-12-16T00:00:00-00:00,0,2019-12-15,16,0,ACTUAL,BCHA,Total Actual Hourly Integrated Load,SYS_FCST_ACT_MW,3.8,8475,ACTUAL,241
2019-12-15T21:00:00-00:00,2019-12-15T22:00:00-00:00,0,2019-12-15,14,0,ACTUAL,CA ISO-TAC,Total Actual Hourly Integrated Load,SYS_FCST_ACT_MW,3,20251,ACTUAL,242
2019-12-16T06:00:00-00:00,2019-12-16T07:00:00-00:00,0,2019-12-15,23,0,ACTUAL,CA ISO-TAC,Total Actual Hourly Integrated Load,SYS_FCST_ACT_MW,3,24267,ACTUAL,242
2019-12-15T11:00:00-00:00,2019-12-15T12:00:00-00:00,0,2019-12-15,4,0,ACTUAL,CA ISO-TAC,Total Actual Hourly Integrated Load,SYS_FCST_ACT_MW,3,20078,ACTUAL,242
2019-12-15T13:00:00-00:00,2019-12-15T14:00:00-00:00,0,2019-12-15,6,0,ACTUAL,CA ISO-TAC,Total Actual Hourly Integrated Load,SYS_FCST_ACT_MW,3,20604,ACTUAL,242
2019-12-15T22:00:00-00:00,2019-12-15T23:00:00-00:00,0,2019-12-15,15,0,ACTUAL,CA ISO-TAC,Total Actual Hourly Integrated Load,SYS_FCST_ACT_MW,3,20820,ACTUAL,242
2019-12-15T12:00:00-00:00,2019-12-15T13:00:00-00:00,0,2019-12-15,5,0,ACTUAL,CA ISO-TAC,Total Actual Hourly Integrated Load,SYS_FCST_ACT_MW,3,20164,ACTUAL,242
2019-12-15T15:00:00-00:00,2019-12-15T16:00:00-00:00,0,2019-12-15,8,0,ACTUAL,CA ISO-TAC,Total Actual Hourly Integrated Load,SYS_FCST_ACT_MW,3,21770,ACTUAL,242
2019-12-15T18:00:00-00:00,2019-12-15T19:00:00-00:00,0,2019-12-15,11,0,ACTUAL,CA ISO-TAC,Total Actual Hourly Integrated Load,SYS_FCST_ACT_MW,3,20229,ACTUAL,242
2019-12-16T02:00:00-00:00,2019-12-16T03:00:00-00:00,0,2019-12-15,19,0,ACTUAL,CA ISO-TAC,Total Actual Hourly Integrated Load,SYS_FCST_ACT_MW,3,27613,ACTUAL,242
2019-12-16T07:00:00-00:00,2019-12-16T08:00:00-00:00,0,2019-12-15,24,0,ACTUAL,CA ISO-TAC,Total Actual Hourly Integrated Load,SYS_FCST_ACT_MW,3,22599,ACTUAL,242
2019-12-15T19:00:00-00:00,2019-12-15T20:00:00-00:00,0,2019-12-15,12,0,ACTUAL,CA ISO-TAC,Total Actual Hourly Integrated Load,SYS_FCST_ACT_MW,3,20072,ACTUAL,242
2019-12-16T03:00:00-00:00,2019-12-16T04:00:00-00:00,0,2019-12-15,20,0,ACTUAL,CA ISO-TAC,Total Actual Hourly Integrated Load,SYS_FCST_ACT_MW,3,27519,ACTUAL,242
2019-12-16T05:00:00-00:00,2019-12-16T06:00:00-00:00,0,2019-12-15,22,0,ACTUAL,CA ISO-TAC,Total Actual Hourly Integrated Load,SYS_FCST_ACT_MW,3,26065,ACTUAL,242
2019-12-15T14:00:00-00:00,2019-12-15T15:00:00-00:00,0,2019-12-15,7,0,ACTUAL,CA ISO-TAC,Total Actual Hourly Integrated Load,SYS_FCST_ACT_MW,3,21355,ACTUAL,242
2019-12-16T04:00:00-00:00,2019-12-16T05:00:00-00:00,0,2019-12-15,21,0,ACTUAL,CA ISO-TAC,Total Actual Hourly Integrated Load,SYS_FCST_ACT_MW,3,27094,ACTUAL,242
2019-12-15T16:00:00-00:00,2019-12-15T17:00:00-00:00,0,2019-12-15,9,0,ACTUAL,CA ISO-TAC,Total Actual Hourly Integrated Load,SYS_FCST_ACT_MW,3,21237,ACTUAL,242
2019-12-15T17:00:00-00:00,2019-12-15T18:00:00-00:00,0,2019-12-15,10,0,ACTUAL,CA ISO-TAC,Total Actual Hourly Integrated Load,SYS_FCST_ACT_MW,3,20658,ACTUAL,242
2019-12-15T08:00:00-00:00,2019-12-15T09:00:00-00:00,0,2019-12-15,1,0,ACTUAL,CA ISO-TAC,Total Actual Hourly Integrated Load,SYS_FCST_ACT_MW,3,21279,ACTUAL,242
2019-12-15T09:00:00-00:00,2019-12-15T10:00:00-00:00,0,2019-12-15,2,0,ACTUAL,CA ISO-TAC,Total Actual Hourly Integrated Load,SYS_FCST_ACT_MW,3,20507,ACTUAL,242
2019-12-15T10:00:00-00:00,2019-12-15T11:00:00-00:00,0,2019-12-15,3,0,ACTUAL,CA ISO-TAC,Total Actual Hourly Integrated Load,SYS_FCST_ACT_MW,3,20196,ACTUAL,242
2019-12-16T00:00:00-00:00,2019-12-16T01:00:00-00:00,0,2019-12-15,17,0,ACTUAL,CA ISO-TAC,Total Actual Hourly Integrated Load,SYS_FCST_ACT_MW,3,24235,ACTUAL,242
2019-12-16T01:00:00-00:00,2019-12-16T02:00:00-00:00,0,2019-12-15,18,0,ACTUAL,CA ISO-TAC,Total Actual Hourly Integrated Load,SYS_FCST_ACT_MW,3,27140,ACTUAL,242
2019-12-15T20:00:00-00:00,2019-12-15T21:00:00-00:00,0,2019-12-15,13,0,ACTUAL,CA ISO-TAC,Total Actual Hourly Integrated Load,SYS_FCST_ACT_MW,3,19947,ACTUAL,242
2019-12-15T23:00:00-00:00,2019-12-16T00:00:00-00:00,0,2019-12-15,16,0,ACTUAL,CA ISO-TAC,Total Actual Hourly Integrated Load,SYS_FCST_ACT_MW,3,21883,ACTUAL,242
2019-12-15T20:00:00-00:00,2019-12-15T21:00:00-00:00,0,2019-12-15,13,0,ACTUAL,IPCO,Total Actual Hourly Integrated Load,SYS_FCST_ACT_MW,3.8,1936,ACTUAL,243
2019-12-15T11:00:00-00:00,2019-12-15T12:00:00-00:00,0,2019-12-15,4,0,ACTUAL,IPCO,Total Actual Hourly Integrated Load,SYS_FCST_ACT_MW,3.8,1777,ACTUAL,243
2019-12-15T19:00:00-00:00,2019-12-15T20:00:00-00:00,0,2019-12-15,12,0,ACTUAL,IPCO,Total Actual Hourly Integrated Load,SYS_FCST_ACT_MW,3.8,1960,ACTUAL,243
2019-12-15T21:00:00-00:00,2019-12-15T22:00:00-00:00,0,2019-12-15,14,0,ACTUAL,IPCO,Total Actual Hourly Integrated Load,SYS_FCST_ACT_MW,3.8,1928,ACTUAL,243
2019-12-16T03:00:00-00:00,2019-12-16T04:00:00-00:00,0,2019-12-15,20,0,ACTUAL,IPCO,Total Actual Hourly Integrated Load,SYS_FCST_ACT_MW,3.8,2163,ACTUAL,243
2019-12-16T04:00:00-00:00,2019-12-16T05:00:00-00:00,0,2019-12-15,21,0,ACTUAL,IPCO,Total Actual Hourly Integrated Load,SYS_FCST_ACT_MW,3.8,2089,ACTUAL,243
2019-12-15T14:00:00-00:00,2019-12-15T15:00:00-00:00,0,2019-12-15,7,0,ACTUAL,IPCO,Total Actual Hourly Integrated Load,SYS_FCST_ACT_MW,3.8,2005,ACTUAL,243
2019-12-15T17:00:00-00:00,2019-12-15T18:00:00-00:00,0,2019-12-15,10,0,ACTUAL,IPCO,Total Actual Hourly Integrated Load,SYS_FCST_ACT_MW,3.8,2060,ACTUAL,243
2019-12-16T02:00:00-00:00,2019-12-16T03:00:00-00:00,0,2019-12-15,19,0,ACTUAL,IPCO,Total Actual Hourly Integrated Load,SYS_FCST_ACT_MW,3.8,2192,ACTUAL,243
2019-12-16T06:00:00-00:00,2019-12-16T07:00:00-00:00,0,2019-12-15,23,0,ACTUAL,IPCO,Total Actual Hourly Integrated Load,SYS_FCST_ACT_MW,3.8,1851,ACTUAL,243
2019-12-15T09:00:00-00:00,2019-12-15T10:00:00-00:00,0,2019-12-15,2,0,ACTUAL,IPCO,Total Actual Hourly Integrated Load,SYS_FCST_ACT_MW,3.8,1742,ACTUAL,243
2019-12-15T23:00:00-00:00,2019-12-16T00:00:00-00:00,0,2019-12-15,16,0,ACTUAL,IPCO,Total Actual Hourly Integrated Load,SYS_FCST_ACT_MW,3.8,2025,ACTUAL,243
2019-12-16T05:00:00-00:00,2019-12-16T06:00:00-00:00,0,2019-12-15,22,0,ACTUAL,IPCO,Total Actual Hourly Integrated Load,SYS_FCST_ACT_MW,3.8,1968,ACTUAL,243
2019-12-15T13:00:00-00:00,2019-12-15T14:00:00-00:00,0,2019-12-15,6,0,ACTUAL,IPCO,Total Actual Hourly Integrated Load,SYS_FCST_ACT_MW,3.8,1913,ACTUAL,243
2019-12-15T16:00:00-00:00,2019-12-15T17:00:00-00:00,0,2019-12-15,9,0,ACTUAL,IPCO,Total Actual Hourly Integrated Load,SYS_FCST_ACT_MW,3.8,2099,ACTUAL,243
2019-12-16T00:00:00-00:00,2019-12-16T01:00:00-00:00,0,2019-12-15,17,0,ACTUAL,IPCO,Total Actual Hourly Integrated Load,SYS_FCST_ACT_MW,3.8,2164,ACTUAL,243
2019-12-16T07:00:00-00:00,2019-12-16T08:00:00-00:00,0,2019-12-15,24,0,ACTUAL,IPCO,Total Actual Hourly Integrated Load,SYS_FCST_ACT_MW,3.8,1797,ACTUAL,243
2019-12-15T12:00:00-00:00,2019-12-15T13:00:00-00:00,0,2019-12-15,5,0,ACTUAL,IPCO,Total Actual Hourly Integrated Load,SYS_FCST_ACT_MW,3.8,1834,ACTUAL,243
2019-12-15T15:00:00-00:00,2019-12-15T16:00:00-00:00,0,2019-12-15,8,0,ACTUAL,IPCO,Total Actual Hourly Integrated Load,SYS_FCST_ACT_MW,3.8,2084,ACTUAL,243
2019-12-15T18:00:00-00:00,2019-12-15T19:00:00-00:00,0,2019-12-15,11,0,ACTUAL,IPCO,Total Actual Hourly Integrated Load,SYS_FCST_ACT_MW,3.8,2008,ACTUAL,243
2019-12-15T22:00:00-00:00,2019-12-15T23:00:00-00:00,0,2019-12-15,15,0,ACTUAL,IPCO,Total Actual Hourly Integrated Load,SYS_FCST_ACT_MW,3.8,1950,ACTUAL,243
2019-12-16T01:00:00-00:00,2019-12-16T02:00:00-00:00,0,2019-12-15,18,0,ACTUAL,IPCO,Total Actual Hourly Integrated Load,SYS_FCST_ACT_MW,3.8,2210,ACTUAL,243
2019-12-15T08:00:00-00:00,2019-12-15T09:00:00-00:00,0,2019-12-15,1,0,ACTUAL,IPCO,Total Actual Hourly Integrated Load,SYS_FCST_ACT_MW,3.8,1759,ACTUAL,243
2019-12-15T10:00:00-00:00,2019-12-15T11:00:00-00:00,0,2019-12-15,3,0,ACTUAL,IPCO,Total Actual Hourly Integrated Load,SYS_FCST_ACT_MW,3.8,1750,ACTUAL,243
2019-12-15T11:00:00-00:00,2019-12-15T12:00:00-00:00,0,2019-12-15,4,0,ACTUAL,MWD-TAC,Total Actual Hourly Integrated Load,SYS_FCST_ACT_MW,3.3,93,ACTUAL,244
2019-12-15T22:00:00-00:00,2019-12-15T23:00:00-00:00,0,2019-12-15,15,0,ACTUAL,MWD-TAC,Total Actual Hourly Integrated Load,SYS_FCST_ACT_MW,3.3,92,ACTUAL,244
2019-12-16T03:00:00-00:00,2019-12-16T04:00:00-00:00,0,2019-12-15,20,0,ACTUAL,MWD-TAC,Total Actual Hourly Integrated Load,SYS_FCST_ACT_MW,3.3,91,ACTUAL,244
2019-12-15T16:00:00-00:00,2019-12-15T17:00:00-00:00,0,2019-12-15,9,0,ACTUAL,MWD-TAC,Total Actual Hourly Integrated Load,SYS_FCST_ACT_MW,3.3,94,ACTUAL,244
2019-12-15T15:00:00-00:00,2019-12-15T16:00:00-00:00,0,2019-12-15,8,0,ACTUAL,MWD-TAC,Total Actual Hourly Integrated Load,SYS_FCST_ACT_MW,3.3,92,ACTUAL,244
2019-12-15T21:00:00-00:00,2019-12-15T22:00:00-00:00,0,2019-12-15,14,0,ACTUAL,MWD-TAC,Total Actual Hourly Integrated Load,SYS_FCST_ACT_MW,3.3,93,ACTUAL,244
2019-12-16T00:00:00-00:00,2019-12-16T01:00:00-00:00,0,2019-12-15,17,0,ACTUAL,MWD-TAC,Total Actual Hourly Integrated Load,SYS_FCST_ACT_MW,3.3,95,ACTUAL,244
2019-12-15T09:00:00-00:00,2019-12-15T10:00:00-00:00,0,2019-12-15,2,0,ACTUAL,MWD-TAC,Total Actual Hourly Integrated Load,SYS_FCST_ACT_MW,3.3,92,ACTUAL,244
2019-12-16T05:00:00-00:00,2019-12-16T06:00:00-00:00,0,2019-12-15,22,0,ACTUAL,MWD-TAC,Total Actual Hourly Integrated Load,SYS_FCST_ACT_MW,3.3,93,ACTUAL,244
2019-12-15T08:00:00-00:00,2019-12-15T09:00:00-00:00,0,2019-12-15,1,0,ACTUAL,MWD-TAC,Total Actual Hourly Integrated Load,SYS_FCST_ACT_MW,3.3,93,ACTUAL,244
2019-12-15T14:00:00-00:00,2019-12-15T15:00:00-00:00,0,2019-12-15,7,0,ACTUAL,MWD-TAC,Total Actual Hourly Integrated Load,SYS_FCST_ACT_MW,3.3,89,ACTUAL,244
2019-12-16T01:00:00-00:00,2019-12-16T02:00:00-00:00,0,2019-12-15,18,0,ACTUAL,MWD-TAC,Total Actual Hourly Integrated Load,SYS_FCST_ACT_MW,3.3,91,ACTUAL,244
2019-12-16T02:00:00-00:00,2019-12-16T03:00:00-00:00,0,2019-12-15,19,0,ACTUAL,MWD-TAC,Total Actual Hourly Integrated Load,SYS_FCST_ACT_MW,3.3,88,ACTUAL,244
2019-12-16T07:00:00-00:00,2019-12-16T08:00:00-00:00,0,2019-12-15,24,0,ACTUAL,MWD-TAC,Total Actual Hourly Integrated Load,SYS_FCST_ACT_MW,3.3,90,ACTUAL,244
2019-12-15T10:00:00-00:00,2019-12-15T11:00:00-00:00,0,2019-12-15,3,0,ACTUAL,MWD-TAC,Total Actual Hourly Integrated Load,SYS_FCST_ACT_MW,3.3,93,ACTUAL,244
2019-12-15T17:00:00-00:00,2019-12-15T18:00:00-00:00,0,2019-12-15,10,0,ACTUAL,MWD-TAC,Total Actual Hourly Integrated Load,SYS_FCST_ACT_MW,3.3,94,ACTUAL,244
2019-12-15T18:00:00-00:00,2019-12-15T19:00:00-00:00,0,2019-12-15,11,0,ACTUAL,MWD-TAC,Total Actual Hourly Integrated Load,SYS_FCST_ACT_MW,3.3,94,ACTUAL,244
2019-12-15T23:00:00-00:00,2019-12-16T00:00:00-00:00,0,2019-12-15,16,0,ACTUAL,MWD-TAC,Total Actual Hourly Integrated Load,SYS_FCST_ACT_MW,3.3,93,ACTUAL,244
2019-12-16T04:00:00-00:00,2019-12-16T05:00:00-00:00,0,2019-12-15,21,0,ACTUAL,MWD-TAC,Total Actual Hourly Integrated Load,SYS_FCST_ACT_MW,3.3,92,ACTUAL,244
2019-12-15T13:00:00-00:00,2019-12-15T14:00:00-00:00,0,2019-12-15,6,0,ACTUAL,MWD-TAC,Total Actual Hourly Integrated Load,SYS_FCST_ACT_MW,3.3,91,ACTUAL,244
2019-12-15T19:00:00-00:00,2019-12-15T20:00:00-00:00,0,2019-12-15,12,0,ACTUAL,MWD-TAC,Total Actual Hourly Integrated Load,SYS_FCST_ACT_MW,3.3,91,ACTUAL,244
2019-12-15T20:00:00-00:00,2019-12-15T21:00:00-00:00,0,2019-12-15,13,0,ACTUAL,MWD-TAC,Total Actual Hourly Integrated Load,SYS_FCST_ACT_MW,3.3,95,ACTUAL,244
2019-12-16T06:00:00-00:00,2019-12-16T07:00:00-00:00,0,2019-12-15,23,0,ACTUAL,MWD-TAC,Total Actual Hourly Integrated Load,SYS_FCST_ACT_MW,3.3,92,ACTUAL,244
2019-12-15T12:00:00-00:00,2019-12-15T13:00:00-00:00,0,2019-12-15,5,0,ACTUAL,MWD-TAC,Total Actual Hourly Integrated Load,SYS_FCST_ACT_MW,3.3,92,ACTUAL,244
2019-12-15T16:00:00-00:00,2019-12-15T17:00:00-00:00,0,2019-12-15,9,0,ACTUAL,NEVP,Total Actual Hourly Integrated Load,SYS_FCST_ACT_MW,3.8,3626,ACTUAL,245
2019-12-15T11:00:00-00:00,2019-12-15T12:00:00-00:00,0,2019-12-15,4,0,ACTUAL,NEVP,Total Actual Hourly Integrated Load,SYS_FCST_ACT_MW,3.8,3457,ACTUAL,245
2019-12-16T02:00:00-00:00,2019-12-16T03:00:00-00:00,0,2019-12-15,19,0,ACTUAL,NEVP,Total Actual Hourly Integrated Load,SYS_FCST_ACT_MW,3.8,4303,ACTUAL,245
2019-12-16T06:00:00-00:00,2019-12-16T07:00:00-00:00,0,2019-12-15,23,0,ACTUAL,NEVP,Total Actual Hourly Integrated Load,SYS_FCST_ACT_MW,3.8,3932,ACTUAL,245
2019-12-15T19:00:00-00:00,2019-12-15T20:00:00-00:00,0,2019-12-15,12,0,ACTUAL,NEVP,Total Actual Hourly Integrated Load,SYS_FCST_ACT_MW,3.8,3647,ACTUAL,245
2019-12-15T21:00:00-00:00,2019-12-15T22:00:00-00:00,0,2019-12-15,14,0,ACTUAL,NEVP,Total Actual Hourly Integrated Load,SYS_FCST_ACT_MW,3.8,3644,ACTUAL,245
2019-12-15T22:00:00-00:00,2019-12-15T23:00:00-00:00,0,2019-12-15,15,0,ACTUAL,NEVP,Total Actual Hourly Integrated Load,SYS_FCST_ACT_MW,3.8,3679,ACTUAL,245
2019-12-16T05:00:00-00:00,2019-12-16T06:00:00-00:00,0,2019-12-15,22,0,ACTUAL,NEVP,Total Actual Hourly Integrated Load,SYS_FCST_ACT_MW,3.8,4091,ACTUAL,245
2019-12-15T08:00:00-00:00,2019-12-15T09:00:00-00:00,0,2019-12-15,1,0,ACTUAL,NEVP,Total Actual Hourly Integrated Load,SYS_FCST_ACT_MW,3.8,3587,ACTUAL,245
2019-12-15T12:00:00-00:00,2019-12-15T13:00:00-00:00,0,2019-12-15,5,0,ACTUAL,NEVP,Total Actual Hourly Integrated Load,SYS_FCST_ACT_MW,3.8,3497,ACTUAL,245
2019-12-15T13:00:00-00:00,2019-12-15T14:00:00-00:00,0,2019-12-15,6,0,ACTUAL,NEVP,Total Actual Hourly Integrated Load,SYS_FCST_ACT_MW,3.8,3566,ACTUAL,245
2019-12-15T14:00:00-00:00,2019-12-15T15:00:00-00:00,0,2019-12-15,7,0,ACTUAL,NEVP,Total Actual Hourly Integrated Load,SYS_FCST_ACT_MW,3.8,3632,ACTUAL,245
2019-12-16T04:00:00-00:00,2019-12-16T05:00:00-00:00,0,2019-12-15,21,0,ACTUAL,NEVP,Total Actual Hourly Integrated Load,SYS_FCST_ACT_MW,3.8,4221,ACTUAL,245
2019-12-15T23:00:00-00:00,2019-12-16T00:00:00-00:00,0,2019-12-15,16,0,ACTUAL,NEVP,Total Actual Hourly Integrated Load,SYS_FCST_ACT_MW,3.8,3794,ACTUAL,245
2019-12-15T09:00:00-00:00,2019-12-15T10:00:00-00:00,0,2019-12-15,2,0,ACTUAL,NEVP,Total Actual Hourly Integrated Load,SYS_FCST_ACT_MW,3.8,3504,ACTUAL,245
2019-12-15T17:00:00-00:00,2019-12-15T18:00:00-00:00,0,2019-12-15,10,0,ACTUAL,NEVP,Total Actual Hourly Integrated Load,SYS_FCST_ACT_MW,3.8,3630,ACTUAL,245
2019-12-15T20:00:00-00:00,2019-12-15T21:00:00-00:00,0,2019-12-15,13,0,ACTUAL,NEVP,Total Actual Hourly Integrated Load,SYS_FCST_ACT_MW,3.8,3638,ACTUAL,245
2019-12-16T03:00:00-00:00,2019-12-16T04:00:00-00:00,0,2019-12-15,20,0,ACTUAL,NEVP,Total Actual Hourly Integrated Load,SYS_FCST_ACT_MW,3.8,4286,ACTUAL,245
2019-12-15T10:00:00-00:00,2019-12-15T11:00:00-00:00,0,2019-12-15,3,0,ACTUAL,NEVP,Total Actual Hourly Integrated Load,SYS_FCST_ACT_MW,3.8,3468,ACTUAL,245
2019-12-15T15:00:00-00:00,2019-12-15T16:00:00-00:00,0,2019-12-15,8,0,ACTUAL,NEVP,Total Actual Hourly Integrated Load,SYS_FCST_ACT_MW,3.8,3638,ACTUAL,245
2019-12-16T00:00:00-00:00,2019-12-16T01:00:00-00:00,0,2019-12-15,17,0,ACTUAL,NEVP,Total Actual Hourly Integrated Load,SYS_FCST_ACT_MW,3.8,4065,ACTUAL,245
2019-12-16T01:00:00-00:00,2019-12-16T02:00:00-00:00,0,2019-12-15,18,0,ACTUAL,NEVP,Total Actual Hourly Integrated Load,SYS_FCST_ACT_MW,3.8,4312,ACTUAL,245
2019-12-16T07:00:00-00:00,2019-12-16T08:00:00-00:00,0,2019-12-15,24,0,ACTUAL,NEVP,Total Actual Hourly Integrated Load,SYS_FCST_ACT_MW,3.8,3777,ACTUAL,245
2019-12-15T18:00:00-00:00,2019-12-15T19:00:00-00:00,0,2019-12-15,11,0,ACTUAL,NEVP,Total Actual Hourly Integrated Load,SYS_FCST_ACT_MW,3.8,3639,ACTUAL,245
2019-12-15T21:00:00-00:00,2019-12-15T22:00:00-00:00,0,2019-12-15,14,0,ACTUAL,PACE,Total Actual Hourly Integrated Load,SYS_FCST_ACT_MW,3.8,5557,ACTUAL,246
2019-12-15T23:00:00-00:00,2019-12-16T00:00:00-00:00,0,2019-12-15,16,0,ACTUAL,PACE,Total Actual Hourly Integrated Load,SYS_FCST_ACT_MW,3.8,5832,ACTUAL,246
2019-12-16T05:00:00-00:00,2019-12-16T06:00:00-00:00,0,2019-12-15,22,0,ACTUAL,PACE,Total Actual Hourly Integrated Load,SYS_FCST_ACT_MW,3.8,5599,ACTUAL,246
2019-12-16T07:00:00-00:00,2019-12-16T08:00:00-00:00,0,2019-12-15,24,0,ACTUAL,PACE,Total Actual Hourly Integrated Load,SYS_FCST_ACT_MW,3.8,5145,ACTUAL,246
2019-12-15T08:00:00-00:00,2019-12-15T09:00:00-00:00,0,2019-12-15,1,0,ACTUAL,PACE,Total Actual Hourly Integrated Load,SYS_FCST_ACT_MW,3.8,4977,ACTUAL,246
2019-12-15T09:00:00-00:00,2019-12-15T10:00:00-00:00,0,2019-12-15,2,0,ACTUAL,PACE,Total Actual Hourly Integrated Load,SYS_FCST_ACT_MW,3.8,4938,ACTUAL,246
2019-12-15T22:00:00-00:00,2019-12-15T23:00:00-00:00,0,2019-12-15,15,0,ACTUAL,PACE,Total Actual Hourly Integrated Load,SYS_FCST_ACT_MW,3.8,5652,ACTUAL,246
2019-12-15T11:00:00-00:00,2019-12-15T12:00:00-00:00,0,2019-12-15,4,0,ACTUAL,PACE,Total Actual Hourly Integrated Load,SYS_FCST_ACT_MW,3.8,4975,ACTUAL,246
2019-12-16T00:00:00-00:00,2019-12-16T01:00:00-00:00,0,2019-12-15,17,0,ACTUAL,PACE,Total Actual Hourly Integrated Load,SYS_FCST_ACT_MW,3.8,6147,ACTUAL,246
2019-12-16T06:00:00-00:00,2019-12-16T07:00:00-00:00,0,2019-12-15,23,0,ACTUAL,PACE,Total Actual Hourly Integrated Load,SYS_FCST_ACT_MW,3.8,5322,ACTUAL,246
2019-12-15T12:00:00-00:00,2019-12-15T13:00:00-00:00,0,2019-12-15,5,0,ACTUAL,PACE,Total Actual Hourly Integrated Load,SYS_FCST_ACT_MW,3.8,5058,ACTUAL,246
2019-12-15T13:00:00-00:00,2019-12-15T14:00:00-00:00,0,2019-12-15,6,0,ACTUAL,PACE,Total Actual Hourly Integrated Load,SYS_FCST_ACT_MW,3.8,5184,ACTUAL,246
2019-12-15T14:00:00-00:00,2019-12-15T15:00:00-00:00,0,2019-12-15,7,0,ACTUAL,PACE,Total Actual Hourly Integrated Load,SYS_FCST_ACT_MW,3.8,5360,ACTUAL,246
2019-12-15T15:00:00-00:00,2019-12-15T16:00:00-00:00,0,2019-12-15,8,0,ACTUAL,PACE,Total Actual Hourly Integrated Load,SYS_FCST_ACT_MW,3.8,5489,ACTUAL,246
2019-12-15T18:00:00-00:00,2019-12-15T19:00:00-00:00,0,2019-12-15,11,0,ACTUAL,PACE,Total Actual Hourly Integrated Load,SYS_FCST_ACT_MW,3.8,5460,ACTUAL,246
2019-12-15T20:00:00-00:00,2019-12-15T21:00:00-00:00,0,2019-12-15,13,0,ACTUAL,PACE,Total Actual Hourly Integrated Load,SYS_FCST_ACT_MW,3.8,5483,ACTUAL,246
2019-12-15T19:00:00-00:00,2019-12-15T20:00:00-00:00,0,2019-12-15,12,0,ACTUAL,PACE,Total Actual Hourly Integrated Load,SYS_FCST_ACT_MW,3.8,5435,ACTUAL,246
2019-12-15T10:00:00-00:00,2019-12-15T11:00:00-00:00,0,2019-12-15,3,0,ACTUAL,PACE,Total Actual Hourly Integrated Load,SYS_FCST_ACT_MW,3.8,4934,ACTUAL,246
2019-12-15T17:00:00-00:00,2019-12-15T18:00:00-00:00,0,2019-12-15,10,0,ACTUAL,PACE,Total Actual Hourly Integrated Load,SYS_FCST_ACT_MW,3.8,5520,ACTUAL,246
2019-12-16T02:00:00-00:00,2019-12-16T03:00:00-00:00,0,2019-12-15,19,0,ACTUAL,PACE,Total Actual Hourly Integrated Load,SYS_FCST_ACT_MW,3.8,6123,ACTUAL,246
2019-12-16T03:00:00-00:00,2019-12-16T04:00:00-00:00,0,2019-12-15,20,0,ACTUAL,PACE,Total Actual Hourly Integrated Load,SYS_FCST_ACT_MW,3.8,6051,ACTUAL,246
2019-12-15T16:00:00-00:00,2019-12-15T17:00:00-00:00,0,2019-12-15,9,0,ACTUAL,PACE,Total Actual Hourly Integrated Load,SYS_FCST_ACT_MW,3.8,5534,ACTUAL,246
2019-12-16T01:00:00-00:00,2019-12-16T02:00:00-00:00,0,2019-12-15,18,0,ACTUAL,PACE,Total Actual Hourly Integrated Load,SYS_FCST_ACT_MW,3.8,6181,ACTUAL,246
2019-12-16T04:00:00-00:00,2019-12-16T05:00:00-00:00,0,2019-12-15,21,0,ACTUAL,PACE,Total Actual Hourly Integrated Load,SYS_FCST_ACT_MW,3.8,5882,ACTUAL,246
2019-12-15T11:00:00-00:00,2019-12-15T12:00:00-00:00,0,2019-12-15,4,0,ACTUAL,PACW,Total Actual Hourly Integrated Load,SYS_FCST_ACT_MW,3.8,2212,ACTUAL,247
2019-12-15T21:00:00-00:00,2019-12-15T22:00:00-00:00,0,2019-12-15,14,0,ACTUAL,PACW,Total Actual Hourly Integrated Load,SYS_FCST_ACT_MW,3.8,2613,ACTUAL,247
2019-12-16T04:00:00-00:00,2019-12-16T05:00:00-00:00,0,2019-12-15,21,0,ACTUAL,PACW,Total Actual Hourly Integrated Load,SYS_FCST_ACT_MW,3.8,2919,ACTUAL,247
2019-12-16T07:00:00-00:00,2019-12-16T08:00:00-00:00,0,2019-12-15,24,0,ACTUAL,PACW,Total Actual Hourly Integrated Load,SYS_FCST_ACT_MW,3.8,2428,ACTUAL,247
2019-12-15T12:00:00-00:00,2019-12-15T13:00:00-00:00,0,2019-12-15,5,0,ACTUAL,PACW,Total Actual Hourly Integrated Load,SYS_FCST_ACT_MW,3.8,2269,ACTUAL,247
2019-12-15T17:00:00-00:00,2019-12-15T18:00:00-00:00,0,2019-12-15,10,0,ACTUAL,PACW,Total Actual Hourly Integrated Load,SYS_FCST_ACT_MW,3.8,2864,ACTUAL,247
2019-12-15T18:00:00-00:00,2019-12-15T19:00:00-00:00,0,2019-12-15,11,0,ACTUAL,PACW,Total Actual Hourly Integrated Load,SYS_FCST_ACT_MW,3.8,2815,ACTUAL,247
2019-12-16T01:00:00-00:00,2019-12-16T02:00:00-00:00,0,2019-12-15,18,0,ACTUAL,PACW,Total Actual Hourly Integrated Load,SYS_FCST_ACT_MW,3.8,2993,ACTUAL,247
2019-12-15T09:00:00-00:00,2019-12-15T10:00:00-00:00,0,2019-12-15,2,0,ACTUAL,PACW,Total Actual Hourly Integrated Load,SYS_FCST_ACT_MW,3.8,2204,ACTUAL,247
2019-12-15T13:00:00-00:00,2019-12-15T14:00:00-00:00,0,2019-12-15,6,0,ACTUAL,PACW,Total Actual Hourly Integrated Load,SYS_FCST_ACT_MW,3.8,2373,ACTUAL,247
2019-12-15T20:00:00-00:00,2019-12-15T21:00:00-00:00,0,2019-12-15,13,0,ACTUAL,PACW,Total Actual Hourly Integrated Load,SYS_FCST_ACT_MW,3.8,2671,ACTUAL,247
2019-12-15T15:00:00-00:00,2019-12-15T16:00:00-00:00,0,2019-12-15,8,0,ACTUAL,PACW,Total Actual Hourly Integrated Load,SYS_FCST_ACT_MW,3.8,2724,ACTUAL,247
2019-12-16T02:00:00-00:00,2019-12-16T03:00:00-00:00,0,2019-12-15,19,0,ACTUAL,PACW,Total Actual Hourly Integrated Load,SYS_FCST_ACT_MW,3.8,2991,ACTUAL,247
2019-12-16T06:00:00-00:00,2019-12-16T07:00:00-00:00,0,2019-12-15,23,0,ACTUAL,PACW,Total Actual Hourly Integrated Load,SYS_FCST_ACT_MW,3.8,2571,ACTUAL,247
2019-12-15T19:00:00-00:00,2019-12-15T20:00:00-00:00,0,2019-12-15,12,0,ACTUAL,PACW,Total Actual Hourly Integrated Load,SYS_FCST_ACT_MW,3.8,2744,ACTUAL,247
2019-12-15T22:00:00-00:00,2019-12-15T23:00:00-00:00,0,2019-12-15,15,0,ACTUAL,PACW,Total Actual Hourly Integrated Load,SYS_FCST_ACT_MW,3.8,2582,ACTUAL,247
2019-12-15T23:00:00-00:00,2019-12-16T00:00:00-00:00,0,2019-12-15,16,0,ACTUAL,PACW,Total Actual Hourly Integrated Load,SYS_FCST_ACT_MW,3.8,2638,ACTUAL,247
2019-12-16T00:00:00-00:00,2019-12-16T01:00:00-00:00,0,2019-12-15,17,0,ACTUAL,PACW,Total Actual Hourly Integrated Load,SYS_FCST_ACT_MW,3.8,2823,ACTUAL,247
2019-12-16T03:00:00-00:00,2019-12-16T04:00:00-00:00,0,2019-12-15,20,0,ACTUAL,PACW,Total Actual Hourly Integrated Load,SYS_FCST_ACT_MW,3.8,2972,ACTUAL,247
2019-12-16T05:00:00-00:00,2019-12-16T06:00:00-00:00,0,2019-12-15,22,0,ACTUAL,PACW,Total Actual Hourly Integrated Load,SYS_FCST_ACT_MW,3.8,2771,ACTUAL,247
2019-12-15T10:00:00-00:00,2019-12-15T11:00:00-00:00,0,2019-12-15,3,0,ACTUAL,PACW,Total Actual Hourly Integrated Load,SYS_FCST_ACT_MW,3.8,2191,ACTUAL,247
2019-12-15T14:00:00-00:00,2019-12-15T15:00:00-00:00,0,2019-12-15,7,0,ACTUAL,PACW,Total Actual Hourly Integrated Load,SYS_FCST_ACT_MW,3.8,2542,ACTUAL,247
2019-12-15T16:00:00-00:00,2019-12-15T17:00:00-00:00,0,2019-12-15,9,0,ACTUAL,PACW,Total Actual Hourly Integrated Load,SYS_FCST_ACT_MW,3.8,2841,ACTUAL,247
2019-12-15T08:00:00-00:00,2019-12-15T09:00:00-00:00,0,2019-12-15,1,0,ACTUAL,PACW,Total Actual Hourly Integrated Load,SYS_FCST_ACT_MW,3.8,2265,ACTUAL,247
2019-12-15T12:00:00-00:00,2019-12-15T13:00:00-00:00,0,2019-12-15,5,0,ACTUAL,PGE,Total Actual Hourly Integrated Load,SYS_FCST_ACT_MW,3.8,2046,ACTUAL,248
2019-12-15T13:00:00-00:00,2019-12-15T14:00:00-00:00,0,2019-12-15,6,0,ACTUAL,PGE,Total Actual Hourly Integrated Load,SYS_FCST_ACT_MW,3.8,2131,ACTUAL,248
2019-12-15T15:00:00-00:00,2019-12-15T16:00:00-00:00,0,2019-12-15,8,0,ACTUAL,PGE,Total Actual Hourly Integrated Load,SYS_FCST_ACT_MW,3.8,2439,ACTUAL,248
2019-12-15T09:00:00-00:00,2019-12-15T10:00:00-00:00,0,2019-12-15,2,0,ACTUAL,PGE,Total Actual Hourly Integrated Load,SYS_FCST_ACT_MW,3.8,2078,ACTUAL,248
2019-12-16T05:00:00-00:00,2019-12-16T06:00:00-00:00,0,2019-12-15,22,0,ACTUAL,PGE,Total Actual Hourly Integrated Load,SYS_FCST_ACT_MW,3.8,2748,ACTUAL,248
2019-12-16T02:00:00-00:00,2019-12-16T03:00:00-00:00,0,2019-12-15,19,0,ACTUAL,PGE,Total Actual Hourly Integrated Load,SYS_FCST_ACT_MW,3.8,3000,ACTUAL,248
2019-12-16T01:00:00-00:00,2019-12-16T02:00:00-00:00,0,2019-12-15,18,0,ACTUAL,PGE,Total Actual Hourly Integrated Load,SYS_FCST_ACT_MW,3.8,2999,ACTUAL,248
2019-12-16T06:00:00-00:00,2019-12-16T07:00:00-00:00,0,2019-12-15,23,0,ACTUAL,PGE,Total Actual Hourly Integrated Load,SYS_FCST_ACT_MW,3.8,2523,ACTUAL,248
2019-12-15T21:00:00-00:00,2019-12-15T22:00:00-00:00,0,2019-12-15,14,0,ACTUAL,PGE,Total Actual Hourly Integrated Load,SYS_FCST_ACT_MW,3.8,2672,ACTUAL,248
2019-12-15T17:00:00-00:00,2019-12-15T18:00:00-00:00,0,2019-12-15,10,0,ACTUAL,PGE,Total Actual Hourly Integrated Load,SYS_FCST_ACT_MW,3.8,2710,ACTUAL,248
2019-12-15T16:00:00-00:00,2019-12-15T17:00:00-00:00,0,2019-12-15,9,0,ACTUAL,PGE,Total Actual Hourly Integrated Load,SYS_FCST_ACT_MW,3.8,2594,ACTUAL,248
2019-12-15T23:00:00-00:00,2019-12-16T00:00:00-00:00,0,2019-12-15,16,0,ACTUAL,PGE,Total Actual Hourly Integrated Load,SYS_FCST_ACT_MW,3.8,2694,ACTUAL,248
2019-12-15T18:00:00-00:00,2019-12-15T19:00:00-00:00,0,2019-12-15,11,0,ACTUAL,PGE,Total Actual Hourly Integrated Load,SYS_FCST_ACT_MW,3.8,2749,ACTUAL,248
2019-12-15T11:00:00-00:00,2019-12-15T12:00:00-00:00,0,2019-12-15,4,0,ACTUAL,PGE,Total Actual Hourly Integrated Load,SYS_FCST_ACT_MW,3.8,2018,ACTUAL,248
2019-12-15T22:00:00-00:00,2019-12-15T23:00:00-00:00,0,2019-12-15,15,0,ACTUAL,PGE,Total Actual Hourly Integrated Load,SYS_FCST_ACT_MW,3.8,2649,ACTUAL,248
2019-12-15T20:00:00-00:00,2019-12-15T21:00:00-00:00,0,2019-12-15,13,0,ACTUAL,PGE,Total Actual Hourly Integrated Load,SYS_FCST_ACT_MW,3.8,2711,ACTUAL,248
2019-12-15T19:00:00-00:00,2019-12-15T20:00:00-00:00,0,2019-12-15,12,0,ACTUAL,PGE,Total Actual Hourly Integrated Load,SYS_FCST_ACT_MW,3.8,2743,ACTUAL,248
2019-12-15T10:00:00-00:00,2019-12-15T11:00:00-00:00,0,2019-12-15,3,0,ACTUAL,PGE,Total Actual Hourly Integrated Load,SYS_FCST_ACT_MW,3.8,2028,ACTUAL,248
2019-12-16T03:00:00-00:00,2019-12-16T04:00:00-00:00,0,2019-12-15,20,0,ACTUAL,PGE,Total Actual Hourly Integrated Load,SYS_FCST_ACT_MW,3.8,2975,ACTUAL,248
2019-12-16T00:00:00-00:00,2019-12-16T01:00:00-00:00,0,2019-12-15,17,0,ACTUAL,PGE,Total Actual Hourly Integrated Load,SYS_FCST_ACT_MW,3.8,2846,ACTUAL,248
2019-12-15T08:00:00-00:00,2019-12-15T09:00:00-00:00,0,2019-12-15,1,0,ACTUAL,PGE,Total Actual Hourly Integrated Load,SYS_FCST_ACT_MW,3.8,2164,ACTUAL,248
2019-12-15T14:00:00-00:00,2019-12-15T15:00:00-00:00,0,2019-12-15,7,0,ACTUAL,PGE,Total Actual Hourly Integrated Load,SYS_FCST_ACT_MW,3.8,2271,ACTUAL,248
2019-12-16T07:00:00-00:00,2019-12-16T08:00:00-00:00,0,2019-12-15,24,0,ACTUAL,PGE,Total Actual Hourly Integrated Load,SYS_FCST_ACT_MW,3.8,2319,ACTUAL,248
2019-12-16T04:00:00-00:00,2019-12-16T05:00:00-00:00,0,2019-12-15,21,0,ACTUAL,PGE,Total Actual Hourly Integrated Load,SYS_FCST_ACT_MW,3.8,2897,ACTUAL,248
2019-12-15T18:00:00-00:00,2019-12-15T19:00:00-00:00,0,2019-12-15,11,0,ACTUAL,PGE-TAC,Total Actual Hourly Integrated Load,SYS_FCST_ACT_MW,3.1,9708,ACTUAL,249
2019-12-15T14:00:00-00:00,2019-12-15T15:00:00-00:00,0,2019-12-15,7,0,ACTUAL,PGE-TAC,Total Actual Hourly Integrated Load,SYS_FCST_ACT_MW,3.1,10126,ACTUAL,249
2019-12-16T04:00:00-00:00,2019-12-16T05:00:00-00:00,0,2019-12-15,21,0,ACTUAL,PGE-TAC,Total Actual Hourly Integrated Load,SYS_FCST_ACT_MW,3.1,12536,ACTUAL,249
2019-12-15T22:00:00-00:00,2019-12-15T23:00:00-00:00,0,2019-12-15,15,0,ACTUAL,PGE-TAC,Total Actual Hourly Integrated Load,SYS_FCST_ACT_MW,3.1,9994,ACTUAL,249
2019-12-16T03:00:00-00:00,2019-12-16T04:00:00-00:00,0,2019-12-15,20,0,ACTUAL,PGE-TAC,Total Actual Hourly Integrated Load,SYS_FCST_ACT_MW,3.1,12752,ACTUAL,249
2019-12-15T23:00:00-00:00,2019-12-16T00:00:00-00:00,0,2019-12-15,16,0,ACTUAL,PGE-TAC,Total Actual Hourly Integrated Load,SYS_FCST_ACT_MW,3.1,10307,ACTUAL,249
2019-12-15T09:00:00-00:00,2019-12-15T10:00:00-00:00,0,2019-12-15,2,0,ACTUAL,PGE-TAC,Total Actual Hourly Integrated Load,SYS_FCST_ACT_MW,3.1,9435,ACTUAL,249
2019-12-16T01:00:00-00:00,2019-12-16T02:00:00-00:00,0,2019-12-15,18,0,ACTUAL,PGE-TAC,Total Actual Hourly Integrated Load,SYS_FCST_ACT_MW,3.1,12648,ACTUAL,249
2019-12-16T06:00:00-00:00,2019-12-16T07:00:00-00:00,0,2019-12-15,23,0,ACTUAL,PGE-TAC,Total Actual Hourly Integrated Load,SYS_FCST_ACT_MW,3.1,11162,ACTUAL,249
2019-12-16T02:00:00-00:00,2019-12-16T03:00:00-00:00,0,2019-12-15,19,0,ACTUAL,PGE-TAC,Total Actual Hourly Integrated Load,SYS_FCST_ACT_MW,3.1,12840,ACTUAL,249
2019-12-16T00:00:00-00:00,2019-12-16T01:00:00-00:00,0,2019-12-15,17,0,ACTUAL,PGE-TAC,Total Actual Hourly Integrated Load,SYS_FCST_ACT_MW,3.1,11368,ACTUAL,249
2019-12-15T15:00:00-00:00,2019-12-15T16:00:00-00:00,0,2019-12-15,8,0,ACTUAL,PGE-TAC,Total Actual Hourly Integrated Load,SYS_FCST_ACT_MW,3.1,10473,ACTUAL,249
2019-12-15T12:00:00-00:00,2019-12-15T13:00:00-00:00,0,2019-12-15,5,0,ACTUAL,PGE-TAC,Total Actual Hourly Integrated Load,SYS_FCST_ACT_MW,3.1,9472,ACTUAL,249
2019-12-15T10:00:00-00:00,2019-12-15T11:00:00-00:00,0,2019-12-15,3,0,ACTUAL,PGE-TAC,Total Actual Hourly Integrated Load,SYS_FCST_ACT_MW,3.1,9415,ACTUAL,249
2019-12-16T07:00:00-00:00,2019-12-16T08:00:00-00:00,0,2019-12-15,24,0,ACTUAL,PGE-TAC,Total Actual Hourly Integrated Load,SYS_FCST_ACT_MW,3.1,10388,ACTUAL,249
2019-12-15T21:00:00-00:00,2019-12-15T22:00:00-00:00,0,2019-12-15,14,0,ACTUAL,PGE-TAC,Total Actual Hourly Integrated Load,SYS_FCST_ACT_MW,3.1,9765,ACTUAL,249
2019-12-15T17:00:00-00:00,2019-12-15T18:00:00-00:00,0,2019-12-15,10,0,ACTUAL,PGE-TAC,Total Actual Hourly Integrated Load,SYS_FCST_ACT_MW,3.1,9878,ACTUAL,249
2019-12-15T13:00:00-00:00,2019-12-15T14:00:00-00:00,0,2019-12-15,6,0,ACTUAL,PGE-TAC,Total Actual Hourly Integrated Load,SYS_FCST_ACT_MW,3.1,9688,ACTUAL,249
2019-12-15T11:00:00-00:00,2019-12-15T12:00:00-00:00,0,2019-12-15,4,0,ACTUAL,PGE-TAC,Total Actual Hourly Integrated Load,SYS_FCST_ACT_MW,3.1,9411,ACTUAL,249
2019-12-15T08:00:00-00:00,2019-12-15T09:00:00-00:00,0,2019-12-15,1,0,ACTUAL,PGE-TAC,Total Actual Hourly Integrated Load,SYS_FCST_ACT_MW,3.1,9794,ACTUAL,249
2019-12-16T05:00:00-00:00,2019-12-16T06:00:00-00:00,0,2019-12-15,22,0,ACTUAL,PGE-TAC,Total Actual Hourly Integrated Load,SYS_FCST_ACT_MW,3.1,12029,ACTUAL,249
2019-12-15T20:00:00-00:00,2019-12-15T21:00:00-00:00,0,2019-12-15,13,0,ACTUAL,PGE-TAC,Total Actual Hourly Integrated Load,SYS_FCST_ACT_MW,3.1,9631,ACTUAL,249
2019-12-15T19:00:00-00:00,2019-12-15T20:00:00-00:00,0,2019-12-15,12,0,ACTUAL,PGE-TAC,Total Actual Hourly Integrated Load,SYS_FCST_ACT_MW,3.1,9714,ACTUAL,249
2019-12-15T16:00:00-00:00,2019-12-15T17:00:00-00:00,0,2019-12-15,9,0,ACTUAL,PGE-TAC,Total Actual Hourly Integrated Load,SYS_FCST_ACT_MW,3.1,10131,ACTUAL,249
2019-12-15T09:00:00-00:00,2019-12-15T10:00:00-00:00,0,2019-12-15,2,0,ACTUAL,PSEI,Total Actual Hourly Integrated Load,SYS_FCST_ACT_MW,3.8,2544,ACTUAL,250
2019-12-15T21:00:00-00:00,2019-12-15T22:00:00-00:00,0,2019-12-15,14,0,ACTUAL,PSEI,Total Actual Hourly Integrated Load,SYS_FCST_ACT_MW,3.8,3359,ACTUAL,250
2019-12-15T19:00:00-00:00,2019-12-15T20:00:00-00:00,0,2019-12-15,12,0,ACTUAL,PSEI,Total Actual Hourly Integrated Load,SYS_FCST_ACT_MW,3.8,3446,ACTUAL,250
2019-12-16T03:00:00-00:00,2019-12-16T04:00:00-00:00,0,2019-12-15,20,0,ACTUAL,PSEI,Total Actual Hourly Integrated Load,SYS_FCST_ACT_MW,3.8,3780,ACTUAL,250
2019-12-16T04:00:00-00:00,2019-12-16T05:00:00-00:00,0,2019-12-15,21,0,ACTUAL,PSEI,Total Actual Hourly Integrated Load,SYS_FCST_ACT_MW,3.8,3677,ACTUAL,250
2019-12-16T07:00:00-00:00,2019-12-16T08:00:00-00:00,0,2019-12-15,24,0,ACTUAL,PSEI,Total Actual Hourly Integrated Load,SYS_FCST_ACT_MW,3.8,2908,ACTUAL,250
2019-12-15T18:00:00-00:00,2019-12-15T19:00:00-00:00,0,2019-12-15,11,0,ACTUAL,PSEI,Total Actual Hourly Integrated Load,SYS_FCST_ACT_MW,3.8,3483,ACTUAL,250
2019-12-16T00:00:00-00:00,2019-12-16T01:00:00-00:00,0,2019-12-15,17,0,ACTUAL,PSEI,Total Actual Hourly Integrated Load,SYS_FCST_ACT_MW,3.8,3643,ACTUAL,250
2019-12-15T11:00:00-00:00,2019-12-15T12:00:00-00:00,0,2019-12-15,4,0,ACTUAL,PSEI,Total Actual Hourly Integrated Load,SYS_FCST_ACT_MW,3.8,2508,ACTUAL,250
2019-12-15T16:00:00-00:00,2019-12-15T17:00:00-00:00,0,2019-12-15,9,0,ACTUAL,PSEI,Total Actual Hourly Integrated Load,SYS_FCST_ACT_MW,3.8,3349,ACTUAL,250
2019-12-16T06:00:00-00:00,2019-12-16T07:00:00-00:00,0,2019-12-15,23,0,ACTUAL,PSEI,Total Actual Hourly Integrated Load,SYS_FCST_ACT_MW,3.8,3170,ACTUAL,250
2019-12-15T13:00:00-00:00,2019-12-15T14:00:00-00:00,0,2019-12-15,6,0,ACTUAL,PSEI,Total Actual Hourly Integrated Load,SYS_FCST_ACT_MW,3.8,2708,ACTUAL,250
2019-12-15T15:00:00-00:00,2019-12-15T16:00:00-00:00,0,2019-12-15,8,0,ACTUAL,PSEI,Total Actual Hourly Integrated Load,SYS_FCST_ACT_MW,3.8,3144,ACTUAL,250
2019-12-15T17:00:00-00:00,2019-12-15T18:00:00-00:00,0,2019-12-15,10,0,ACTUAL,PSEI,Total Actual Hourly Integrated Load,SYS_FCST_ACT_MW,3.8,3476,ACTUAL,250
2019-12-16T01:00:00-00:00,2019-12-16T02:00:00-00:00,0,2019-12-15,18,0,ACTUAL,PSEI,Total Actual Hourly Integrated Load,SYS_FCST_ACT_MW,3.8,3837,ACTUAL,250
2019-12-15T14:00:00-00:00,2019-12-15T15:00:00-00:00,0,2019-12-15,7,0,ACTUAL,PSEI,Total Actual Hourly Integrated Load,SYS_FCST_ACT_MW,3.8,2915,ACTUAL,250
2019-12-15T10:00:00-00:00,2019-12-15T11:00:00-00:00,0,2019-12-15,3,0,ACTUAL,PSEI,Total Actual Hourly Integrated Load,SYS_FCST_ACT_MW,3.8,2502,ACTUAL,250
2019-12-15T12:00:00-00:00,2019-12-15T13:00:00-00:00,0,2019-12-15,5,0,ACTUAL,PSEI,Total Actual Hourly Integrated Load,SYS_FCST_ACT_MW,3.8,2571,ACTUAL,250
2019-12-15T20:00:00-00:00,2019-12-15T21:00:00-00:00,0,2019-12-15,13,0,ACTUAL,PSEI,Total Actual Hourly Integrated Load,SYS_FCST_ACT_MW,3.8,3393,ACTUAL,250
2019-12-15T22:00:00-00:00,2019-12-15T23:00:00-00:00,0,2019-12-15,15,0,ACTUAL,PSEI,Total Actual Hourly Integrated Load,SYS_FCST_ACT_MW,3.8,3333,ACTUAL,250
2019-12-15T23:00:00-00:00,2019-12-16T00:00:00-00:00,0,2019-12-15,16,0,ACTUAL,PSEI,Total Actual Hourly Integrated Load,SYS_FCST_ACT_MW,3.8,3396,ACTUAL,250
2019-12-16T02:00:00-00:00,2019-12-16T03:00:00-00:00,0,2019-12-15,19,0,ACTUAL,PSEI,Total Actual Hourly Integrated Load,SYS_FCST_ACT_MW,3.8,3829,ACTUAL,250
2019-12-16T05:00:00-00:00,2019-12-16T06:00:00-00:00,0,2019-12-15,22,0,ACTUAL,PSEI,Total Actual Hourly Integrated Load,SYS_FCST_ACT_MW,3.8,3471,ACTUAL,250
2019-12-15T08:00:00-00:00,2019-12-15T09:00:00-00:00,0,2019-12-15,1,0,ACTUAL,PSEI,Total Actual Hourly Integrated Load,SYS_FCST_ACT_MW,3.8,2644,ACTUAL,250
2019-12-15T14:00:00-00:00,2019-12-15T15:00:00-00:00,0,2019-12-15,7,0,ACTUAL,SCE-TAC,Total Actual Hourly Integrated Load,SYS_FCST_ACT_MW,3.2,9185,ACTUAL,251
2019-12-16T04:00:00-00:00,2019-12-16T05:00:00-00:00,0,2019-12-15,21,0,ACTUAL,SCE-TAC,Total Actual Hourly Integrated Load,SYS_FCST_ACT_MW,3.2,11810,ACTUAL,251
2019-12-16T05:00:00-00:00,2019-12-16T06:00:00-00:00,0,2019-12-15,22,0,ACTUAL,SCE-TAC,Total Actual Hourly Integrated Load,SYS_FCST_ACT_MW,3.2,11415,ACTUAL,251
2019-12-16T07:00:00-00:00,2019-12-16T08:00:00-00:00,0,2019-12-15,24,0,ACTUAL,SCE-TAC,Total Actual Hourly Integrated Load,SYS_FCST_ACT_MW,3.2,10009,ACTUAL,251
2019-12-15T19:00:00-00:00,2019-12-15T20:00:00-00:00,0,2019-12-15,12,0,ACTUAL,SCE-TAC,Total Actual Hourly Integrated Load,SYS_FCST_ACT_MW,3.2,8616,ACTUAL,251
2019-12-15T23:00:00-00:00,2019-12-16T00:00:00-00:00,0,2019-12-15,16,0,ACTUAL,SCE-TAC,Total Actual Hourly Integrated Load,SYS_FCST_ACT_MW,3.2,9408,ACTUAL,251
2019-12-16T00:00:00-00:00,2019-12-16T01:00:00-00:00,0,2019-12-15,17,0,ACTUAL,SCE-TAC,Total Actual Hourly Integrated Load,SYS_FCST_ACT_MW,3.2,10374,ACTUAL,251
2019-12-16T01:00:00-00:00,2019-12-16T02:00:00-00:00,0,2019-12-15,18,0,ACTUAL,SCE-TAC,Total Actual Hourly Integrated Load,SYS_FCST_ACT_MW,3.2,11670,ACTUAL,251
2019-12-16T03:00:00-00:00,2019-12-16T04:00:00-00:00,0,2019-12-15,20,0,ACTUAL,SCE-TAC,Total Actual Hourly Integrated Load,SYS_FCST_ACT_MW,3.2,11942,ACTUAL,251
2019-12-15T09:00:00-00:00,2019-12-15T10:00:00-00:00,0,2019-12-15,2,0,ACTUAL,SCE-TAC,Total Actual Hourly Integrated Load,SYS_FCST_ACT_MW,3.2,9042,ACTUAL,251
2019-12-15T10:00:00-00:00,2019-12-15T11:00:00-00:00,0,2019-12-15,3,0,ACTUAL,SCE-TAC,Total Actual Hourly Integrated Load,SYS_FCST_ACT_MW,3.2,8822,ACTUAL,251
2019-12-15T15:00:00-00:00,2019-12-15T16:00:00-00:00,0,2019-12-15,8,0,ACTUAL,SCE-TAC,Total Actual Hourly Integrated Load,SYS_FCST_ACT_MW,3.2,9205,ACTUAL,251
2019-12-15T20:00:00-00:00,2019-12-15T21:00:00-00:00,0,2019-12-15,13,0,ACTUAL,SCE-TAC,Total Actual Hourly Integrated Load,SYS_FCST_ACT_MW,3.2,8595,ACTUAL,251
2019-12-15T08:00:00-00:00,2019-12-15T09:00:00-00:00,0,2019-12-15,1,0,ACTUAL,SCE-TAC,Total Actual Hourly Integrated Load,SYS_FCST_ACT_MW,3.2,9373,ACTUAL,251
2019-12-15T13:00:00-00:00,2019-12-15T14:00:00-00:00,0,2019-12-15,6,0,ACTUAL,SCE-TAC,Total Actual Hourly Integrated Load,SYS_FCST_ACT_MW,3.2,8914,ACTUAL,251
2019-12-16T06:00:00-00:00,2019-12-16T07:00:00-00:00,0,2019-12-15,23,0,ACTUAL,SCE-TAC,Total Actual Hourly Integrated Load,SYS_FCST_ACT_MW,3.2,10696,ACTUAL,251
2019-12-15T12:00:00-00:00,2019-12-15T13:00:00-00:00,0,2019-12-15,5,0,ACTUAL,SCE-TAC,Total Actual Hourly Integrated Load,SYS_FCST_ACT_MW,3.2,8751,ACTUAL,251
2019-12-15T16:00:00-00:00,2019-12-15T17:00:00-00:00,0,2019-12-15,9,0,ACTUAL,SCE-TAC,Total Actual Hourly Integrated Load,SYS_FCST_ACT_MW,3.2,9069,ACTUAL,251
2019-12-15T17:00:00-00:00,2019-12-15T18:00:00-00:00,0,2019-12-15,10,0,ACTUAL,SCE-TAC,Total Actual Hourly Integrated Load,SYS_FCST_ACT_MW,3.2,8842,ACTUAL,251
2019-12-15T18:00:00-00:00,2019-12-15T19:00:00-00:00,0,2019-12-15,11,0,ACTUAL,SCE-TAC,Total Actual Hourly Integrated Load,SYS_FCST_ACT_MW,3.2,8697,ACTUAL,251
2019-12-15T22:00:00-00:00,2019-12-15T23:00:00-00:00,0,2019-12-15,15,0,ACTUAL,SCE-TAC,Total Actual Hourly Integrated Load,SYS_FCST_ACT_MW,3.2,8885,ACTUAL,251
2019-12-16T02:00:00-00:00,2019-12-16T03:00:00-00:00,0,2019-12-15,19,0,ACTUAL,SCE-TAC,Total Actual Hourly Integrated Load,SYS_FCST_ACT_MW,3.2,11919,ACTUAL,251
2019-12-15T11:00:00-00:00,2019-12-15T12:00:00-00:00,0,2019-12-15,4,0,ACTUAL,SCE-TAC,Total Actual Hourly Integrated Load,SYS_FCST_ACT_MW,3.2,8732,ACTUAL,251
2019-12-15T21:00:00-00:00,2019-12-15T22:00:00-00:00,0,2019-12-15,14,0,ACTUAL,SCE-TAC,Total Actual Hourly Integrated Load,SYS_FCST_ACT_MW,3.2,8693,ACTUAL,251
2019-12-15T17:00:00-00:00,2019-12-15T18:00:00-00:00,0,2019-12-15,10,0,ACTUAL,SCL,Total Actual Hourly Integrated Load,SYS_FCST_ACT_MW,3.8,1251,ACTUAL,252
2019-12-15T23:00:00-00:00,2019-12-16T00:00:00-00:00,0,2019-12-15,16,0,ACTUAL,SCL,Total Actual Hourly Integrated Load,SYS_FCST_ACT_MW,3.8,1280,ACTUAL,252
2019-12-16T03:00:00-00:00,2019-12-16T04:00:00-00:00,0,2019-12-15,20,0,ACTUAL,SCL,Total Actual Hourly Integrated Load,SYS_FCST_ACT_MW,3.8,1381,ACTUAL,252
2019-12-15T14:00:00-00:00,2019-12-15T15:00:00-00:00,0,2019-12-15,7,0,ACTUAL,SCL,Total Actual Hourly Integrated Load,SYS_FCST_ACT_MW,3.8,1057,ACTUAL,252
2019-12-15T18:00:00-00:00,2019-12-15T19:00:00-00:00,0,2019-12-15,11,0,ACTUAL,SCL,Total Actual Hourly Integrated Load,SYS_FCST_ACT_MW,3.8,1281,ACTUAL,252
2019-12-15T21:00:00-00:00,2019-12-15T22:00:00-00:00,0,2019-12-15,14,0,ACTUAL,SCL,Total Actual Hourly Integrated Load,SYS_FCST_ACT_MW,3.8,1287,ACTUAL,252
2019-12-16T07:00:00-00:00,2019-12-16T08:00:00-00:00,0,2019-12-15,24,0,ACTUAL,SCL,Total Actual Hourly Integrated Load,SYS_FCST_ACT_MW,3.8,1080,ACTUAL,252
2019-12-15T13:00:00-00:00,2019-12-15T14:00:00-00:00,0,2019-12-15,6,0,ACTUAL,SCL,Total Actual Hourly Integrated Load,SYS_FCST_ACT_MW,3.8,991,ACTUAL,252
2019-12-15T15:00:00-00:00,2019-12-15T16:00:00-00:00,0,2019-12-15,8,0,ACTUAL,SCL,Total Actual Hourly Integrated Load,SYS_FCST_ACT_MW,3.8,1123,ACTUAL,252
2019-12-15T16:00:00-00:00,2019-12-15T17:00:00-00:00,0,2019-12-15,9,0,ACTUAL,SCL,Total Actual Hourly Integrated Load,SYS_FCST_ACT_MW,3.8,1192,ACTUAL,252
2019-12-16T00:00:00-00:00,2019-12-16T01:00:00-00:00,0,2019-12-15,17,0,ACTUAL,SCL,Total Actual Hourly Integrated Load,SYS_FCST_ACT_MW,3.8,1342,ACTUAL,252
2019-12-16T01:00:00-00:00,2019-12-16T02:00:00-00:00,0,2019-12-15,18,0,ACTUAL,SCL,Total Actual Hourly Integrated Load,SYS_FCST_ACT_MW,3.8,1405,ACTUAL,252
2019-12-16T06:00:00-00:00,2019-12-16T07:00:00-00:00,0,2019-12-15,23,0,ACTUAL,SCL,Total Actual Hourly Integrated Load,SYS_FCST_ACT_MW,3.8,1178,ACTUAL,252
2019-12-15T09:00:00-00:00,2019-12-15T10:00:00-00:00,0,2019-12-15,2,0,ACTUAL,SCL,Total Actual Hourly Integrated Load,SYS_FCST_ACT_MW,3.8,962,ACTUAL,252
2019-12-15T10:00:00-00:00,2019-12-15T11:00:00-00:00,0,2019-12-15,3,0,ACTUAL,SCL,Total Actual Hourly Integrated Load,SYS_FCST_ACT_MW,3.8,941,ACTUAL,252
2019-12-15T08:00:00-00:00,2019-12-15T09:00:00-00:00,0,2019-12-15,1,0,ACTUAL,SCL,Total Actual Hourly Integrated Load,SYS_FCST_ACT_MW,3.8,1002,ACTUAL,252
2019-12-15T19:00:00-00:00,2019-12-15T20:00:00-00:00,0,2019-12-15,12,0,ACTUAL,SCL,Total Actual Hourly Integrated Load,SYS_FCST_ACT_MW,3.8,1290,ACTUAL,252
2019-12-16T04:00:00-00:00,2019-12-16T05:00:00-00:00,0,2019-12-15,21,0,ACTUAL,SCL,Total Actual Hourly Integrated Load,SYS_FCST_ACT_MW,3.8,1343,ACTUAL,252
2019-12-16T05:00:00-00:00,2019-12-16T06:00:00-00:00,0,2019-12-15,22,0,ACTUAL,SCL,Total Actual Hourly Integrated Load,SYS_FCST_ACT_MW,3.8,1277,ACTUAL,252
2019-12-15T20:00:00-00:00,2019-12-15T21:00:00-00:00,0,2019-12-15,13,0,ACTUAL,SCL,Total Actual Hourly Integrated Load,SYS_FCST_ACT_MW,3.8,1290,ACTUAL,252
2019-12-15T22:00:00-00:00,2019-12-15T23:00:00-00:00,0,2019-12-15,15,0,ACTUAL,SCL,Total Actual Hourly Integrated Load,SYS_FCST_ACT_MW,3.8,1272,ACTUAL,252
2019-12-15T12:00:00-00:00,2019-12-15T13:00:00-00:00,0,2019-12-15,5,0,ACTUAL,SCL,Total Actual Hourly Integrated Load,SYS_FCST_ACT_MW,3.8,947,ACTUAL,252
2019-12-16T02:00:00-00:00,2019-12-16T03:00:00-00:00,0,2019-12-15,19,0,ACTUAL,SCL,Total Actual Hourly Integrated Load,SYS_FCST_ACT_MW,3.8,1402,ACTUAL,252
2019-12-15T11:00:00-00:00,2019-12-15T12:00:00-00:00,0,2019-12-15,4,0,ACTUAL,SCL,Total Actual Hourly Integrated Load,SYS_FCST_ACT_MW,3.8,935,ACTUAL,252
2019-12-15T08:00:00-00:00,2019-12-15T09:00:00-00:00,0,2019-12-15,1,0,ACTUAL,SDGE-TAC,Total Actual Hourly Integrated Load,SYS_FCST_ACT_MW,3.4,1958,ACTUAL,253
2019-12-16T04:00:00-00:00,2019-12-16T05:00:00-00:00,0,2019-12-15,21,0,ACTUAL,SDGE-TAC,Total Actual Hourly Integrated Load,SYS_FCST_ACT_MW,3.4,2572,ACTUAL,253
2019-12-15T21:00:00-00:00,2019-12-15T22:00:00-00:00,0,2019-12-15,14,0,ACTUAL,SDGE-TAC,Total Actual Hourly Integrated Load,SYS_FCST_ACT_MW,3.4,1636,ACTUAL,253
2019-12-15T17:00:00-00:00,2019-12-15T18:00:00-00:00,0,2019-12-15,10,0,ACTUAL,SDGE-TAC,Total Actual Hourly Integrated Load,SYS_FCST_ACT_MW,3.4,1774,ACTUAL,253
2019-12-15T11:00:00-00:00,2019-12-15T12:00:00-00:00,0,2019-12-15,4,0,ACTUAL,SDGE-TAC,Total Actual Hourly Integrated Load,SYS_FCST_ACT_MW,3.4,1779,ACTUAL,253
2019-12-15T18:00:00-00:00,2019-12-15T19:00:00-00:00,0,2019-12-15,11,0,ACTUAL,SDGE-TAC,Total Actual Hourly Integrated Load,SYS_FCST_ACT_MW,3.4,1663,ACTUAL,253
2019-12-16T06:00:00-00:00,2019-12-16T07:00:00-00:00,0,2019-12-15,23,0,ACTUAL,SDGE-TAC,Total Actual Hourly Integrated Load,SYS_FCST_ACT_MW,3.4,2239,ACTUAL,253
2019-12-16T03:00:00-00:00,2019-12-16T04:00:00-00:00,0,2019-12-15,20,0,ACTUAL,SDGE-TAC,Total Actual Hourly Integrated Load,SYS_FCST_ACT_MW,3.4,2650,ACTUAL,253
2019-12-16T02:00:00-00:00,2019-12-16T03:00:00-00:00,0,2019-12-15,19,0,ACTUAL,SDGE-TAC,Total Actual Hourly Integrated Load,SYS_FCST_ACT_MW,3.4,2682,ACTUAL,253
2019-12-15T19:00:00-00:00,2019-12-15T20:00:00-00:00,0,2019-12-15,12,0,ACTUAL,SDGE-TAC,Total Actual Hourly Integrated Load,SYS_FCST_ACT_MW,3.4,1585,ACTUAL,253
2019-12-16T07:00:00-00:00,2019-12-16T08:00:00-00:00,0,2019-12-15,24,0,ACTUAL,SDGE-TAC,Total Actual Hourly Integrated Load,SYS_FCST_ACT_MW,3.4,2035,ACTUAL,253
2019-12-16T00:00:00-00:00,2019-12-16T01:00:00-00:00,0,2019-12-15,17,0,ACTUAL,SDGE-TAC,Total Actual Hourly Integrated Load,SYS_FCST_ACT_MW,3.4,2323,ACTUAL,253
2019-12-15T20:00:00-00:00,2019-12-15T21:00:00-00:00,0,2019-12-15,13,0,ACTUAL,SDGE-TAC,Total Actual Hourly Integrated Load,SYS_FCST_ACT_MW,3.4,1561,ACTUAL,253
2019-12-15T14:00:00-00:00,2019-12-15T15:00:00-00:00,0,2019-12-15,7,0,ACTUAL,SDGE-TAC,Total Actual Hourly Integrated Load,SYS_FCST_ACT_MW,3.4,1878,ACTUAL,253
2019-12-15T16:00:00-00:00,2019-12-15T17:00:00-00:00,0,2019-12-15,9,0,ACTUAL,SDGE-TAC,Total Actual Hourly Integrated Load,SYS_FCST_ACT_MW,3.4,1868,ACTUAL,253
2019-12-16T05:00:00-00:00,2019-12-16T06:00:00-00:00,0,2019-12-15,22,0,ACTUAL,SDGE-TAC,Total Actual Hourly Integrated Load,SYS_FCST_ACT_MW,3.4,2446,ACTUAL,253
2019-12-16T01:00:00-00:00,2019-12-16T02:00:00-00:00,0,2019-12-15,18,0,ACTUAL,SDGE-TAC,Total Actual Hourly Integrated Load,SYS_FCST_ACT_MW,3.4,2648,ACTUAL,253
2019-12-15T12:00:00-00:00,2019-12-15T13:00:00-00:00,0,2019-12-15,5,0,ACTUAL,SDGE-TAC,Total Actual Hourly Integrated Load,SYS_FCST_ACT_MW,3.4,1783,ACTUAL,253
2019-12-15T23:00:00-00:00,2019-12-16T00:00:00-00:00,0,2019-12-15,16,0,ACTUAL,SDGE-TAC,Total Actual Hourly Integrated Load,SYS_FCST_ACT_MW,3.4,2011,ACTUAL,253
2019-12-15T22:00:00-00:00,2019-12-15T23:00:00-00:00,0,2019-12-15,15,0,ACTUAL,SDGE-TAC,Total Actual Hourly Integrated Load,SYS_FCST_ACT_MW,3.4,1787,ACTUAL,253
2019-12-15T13:00:00-00:00,2019-12-15T14:00:00-00:00,0,2019-12-15,6,0,ACTUAL,SDGE-TAC,Total Actual Hourly Integrated Load,SYS_FCST_ACT_MW,3.4,1840,ACTUAL,253
2019-12-15T15:00:00-00:00,2019-12-15T16:00:00-00:00,0,2019-12-15,8,0,ACTUAL,SDGE-TAC,Total Actual Hourly Integrated Load,SYS_FCST_ACT_MW,3.4,1921,ACTUAL,253
2019-12-15T09:00:00-00:00,2019-12-15T10:00:00-00:00,0,2019-12-15,2,0,ACTUAL,SDGE-TAC,Total Actual Hourly Integrated Load,SYS_FCST_ACT_MW,3.4,1878,ACTUAL,253
2019-12-15T10:00:00-00:00,2019-12-15T11:00:00-00:00,0,2019-12-15,3,0,ACTUAL,SDGE-TAC,Total Actual Hourly Integrated Load,SYS_FCST_ACT_MW,3.4,1805,ACTUAL,253
2019-12-16T01:00:00-00:00,2019-12-16T02:00:00-00:00,0,2019-12-15,18,0,ACTUAL,SRP,Total Actual Hourly Integrated Load,SYS_FCST_ACT_MW,3.8,3216,ACTUAL,254
2019-12-16T06:00:00-00:00,2019-12-16T07:00:00-00:00,0,2019-12-15,23,0,ACTUAL,SRP,Total Actual Hourly Integrated Load,SYS_FCST_ACT_MW,3.8,2759,ACTUAL,254
2019-12-16T05:00:00-00:00,2019-12-16T06:00:00-00:00,0,2019-12-15,22,0,ACTUAL,SRP,Total Actual Hourly Integrated Load,SYS_FCST_ACT_MW,3.8,2950,ACTUAL,254
2019-12-16T04:00:00-00:00,2019-12-16T05:00:00-00:00,0,2019-12-15,21,0,ACTUAL,SRP,Total Actual Hourly Integrated Load,SYS_FCST_ACT_MW,3.8,3119,ACTUAL,254
2019-12-16T03:00:00-00:00,2019-12-16T04:00:00-00:00,0,2019-12-15,20,0,ACTUAL,SRP,Total Actual Hourly Integrated Load,SYS_FCST_ACT_MW,3.8,3209,ACTUAL,254
2019-12-15T10:00:00-00:00,2019-12-15T11:00:00-00:00,0,2019-12-15,3,0,ACTUAL,SRP,Total Actual Hourly Integrated Load,SYS_FCST_ACT_MW,3.8,2379,ACTUAL,254
2019-12-16T00:00:00-00:00,2019-12-16T01:00:00-00:00,0,2019-12-15,17,0,ACTUAL,SRP,Total Actual Hourly Integrated Load,SYS_FCST_ACT_MW,3.8,3030,ACTUAL,254
2019-12-15T19:00:00-00:00,2019-12-15T20:00:00-00:00,0,2019-12-15,12,0,ACTUAL,SRP,Total Actual Hourly Integrated Load,SYS_FCST_ACT_MW,3.8,2703,ACTUAL,254
2019-12-15T15:00:00-00:00,2019-12-15T16:00:00-00:00,0,2019-12-15,8,0,ACTUAL,SRP,Total Actual Hourly Integrated Load,SYS_FCST_ACT_MW,3.8,2823,ACTUAL,254
2019-12-15T12:00:00-00:00,2019-12-15T13:00:00-00:00,0,2019-12-15,5,0,ACTUAL,SRP,Total Actual Hourly Integrated Load,SYS_FCST_ACT_MW,3.8,2488,ACTUAL,254
2019-12-15T11:00:00-00:00,2019-12-15T12:00:00-00:00,0,2019-12-15,4,0,ACTUAL,SRP,Total Actual Hourly Integrated Load,SYS_FCST_ACT_MW,3.8,2408,ACTUAL,254
2019-12-15T09:00:00-00:00,2019-12-15T10:00:00-00:00,0,2019-12-15,2,0,ACTUAL,SRP,Total Actual Hourly Integrated Load,SYS_FCST_ACT_MW,3.8,2395,ACTUAL,254
2019-12-15T18:00:00-00:00,2019-12-15T19:00:00-00:00,0,2019-12-15,11,0,ACTUAL,SRP,Total Actual Hourly Integrated Load,SYS_FCST_ACT_MW,3.8,2738,ACTUAL,254
2019-12-15T13:00:00-00:00,2019-12-15T14:00:00-00:00,0,2019-12-15,6,0,ACTUAL,SRP,Total Actual Hourly Integrated Load,SYS_FCST_ACT_MW,3.8,2623,ACTUAL,254
2019-12-15T14:00:00-00:00,2019-12-15T15:00:00-00:00,0,2019-12-15,7,0,ACTUAL,SRP,Total Actual Hourly Integrated Load,SYS_FCST_ACT_MW,3.8,2762,ACTUAL,254
2019-12-15T22:00:00-00:00,2019-12-15T23:00:00-00:00,0,2019-12-15,15,0,ACTUAL,SRP,Total Actual Hourly Integrated Load,SYS_FCST_ACT_MW,3.8,2674,ACTUAL,254
2019-12-15T20:00:00-00:00,2019-12-15T21:00:00-00:00,0,2019-12-15,13,0,ACTUAL,SRP,Total Actual Hourly Integrated Load,SYS_FCST_ACT_MW,3.8,2658,ACTUAL,254
2019-12-15T16:00:00-00:00,2019-12-15T17:00:00-00:00,0,2019-12-15,9,0,ACTUAL,SRP,Total Actual Hourly Integrated Load,SYS_FCST_ACT_MW,3.8,2829,ACTUAL,254
2019-12-16T07:00:00-00:00,2019-12-16T08:00:00-00:00,0,2019-12-15,24,0,ACTUAL,SRP,Total Actual Hourly Integrated Load,SYS_FCST_ACT_MW,3.8,2646,ACTUAL,254
2019-12-15T23:00:00-00:00,2019-12-16T00:00:00-00:00,0,2019-12-15,16,0,ACTUAL,SRP,Total Actual Hourly Integrated Load,SYS_FCST_ACT_MW,3.8,2776,ACTUAL,254
2019-12-15T21:00:00-00:00,2019-12-15T22:00:00-00:00,0,2019-12-15,14,0,ACTUAL,SRP,Total Actual Hourly Integrated Load,SYS_FCST_ACT_MW,3.8,2648,ACTUAL,254
2019-12-15T08:00:00-00:00,2019-12-15T09:00:00-00:00,0,2019-12-15,1,0,ACTUAL,SRP,Total Actual Hourly Integrated Load,SYS_FCST_ACT_MW,3.8,2429,ACTUAL,254
2019-12-15T17:00:00-00:00,2019-12-15T18:00:00-00:00,0,2019-12-15,10,0,ACTUAL,SRP,Total Actual Hourly Integrated Load,SYS_FCST_ACT_MW,3.8,2812,ACTUAL,254
2019-12-16T02:00:00-00:00,2019-12-16T03:00:00-00:00,0,2019-12-15,19,0,ACTUAL,SRP,Total Actual Hourly Integrated Load,SYS_FCST_ACT_MW,3.8,3214,ACTUAL,254
2019-12-15T10:00:00-00:00,2019-12-15T11:00:00-00:00,0,2019-12-15,3,0,ACTUAL,VEA-TAC,Total Actual Hourly Integrated Load,SYS_FCST_ACT_MW,3.5,61,ACTUAL,255
2019-12-16T00:00:00-00:00,2019-12-16T01:00:00-00:00,0,2019-12-15,17,0,ACTUAL,VEA-TAC,Total Actual Hourly Integrated Load,SYS_FCST_ACT_MW,3.5,75,ACTUAL,255
2019-12-16T07:00:00-00:00,2019-12-16T08:00:00-00:00,0,2019-12-15,24,0,ACTUAL,VEA-TAC,Total Actual Hourly Integrated Load,SYS_FCST_ACT_MW,3.5,77,ACTUAL,255
2019-12-16T06:00:00-00:00,2019-12-16T07:00:00-00:00,0,2019-12-15,23,0,ACTUAL,VEA-TAC,Total Actual Hourly Integrated Load,SYS_FCST_ACT_MW,3.5,78,ACTUAL,255
2019-12-15T14:00:00-00:00,2019-12-15T15:00:00-00:00,0,2019-12-15,7,0,ACTUAL,VEA-TAC,Total Actual Hourly Integrated Load,SYS_FCST_ACT_MW,3.5,77,ACTUAL,255
2019-12-15T11:00:00-00:00,2019-12-15T12:00:00-00:00,0,2019-12-15,4,0,ACTUAL,VEA-TAC,Total Actual Hourly Integrated Load,SYS_FCST_ACT_MW,3.5,63,ACTUAL,255
2019-12-15T12:00:00-00:00,2019-12-15T13:00:00-00:00,0,2019-12-15,5,0,ACTUAL,VEA-TAC,Total Actual Hourly Integrated Load,SYS_FCST_ACT_MW,3.5,66,ACTUAL,255
2019-12-15T18:00:00-00:00,2019-12-15T19:00:00-00:00,0,2019-12-15,11,0,ACTUAL,VEA-TAC,Total Actual Hourly Integrated Load,SYS_FCST_ACT_MW,3.5,67,ACTUAL,255
2019-12-16T01:00:00-00:00,2019-12-16T02:00:00-00:00,0,2019-12-15,18,0,ACTUAL,VEA-TAC,Total Actual Hourly Integrated Load,SYS_FCST_ACT_MW,3.5,83,ACTUAL,255
2019-12-16T04:00:00-00:00,2019-12-16T05:00:00-00:00,0,2019-12-15,21,0,ACTUAL,VEA-TAC,Total Actual Hourly Integrated Load,SYS_FCST_ACT_MW,3.5,84,ACTUAL,255
2019-12-15T16:00:00-00:00,2019-12-15T17:00:00-00:00,0,2019-12-15,9,0,ACTUAL,VEA-TAC,Total Actual Hourly Integrated Load,SYS_FCST_ACT_MW,3.5,75,ACTUAL,255
2019-12-15T20:00:00-00:00,2019-12-15T21:00:00-00:00,0,2019-12-15,13,0,ACTUAL,VEA-TAC,Total Actual Hourly Integrated Load,SYS_FCST_ACT_MW,3.5,65,ACTUAL,255
2019-12-16T03:00:00-00:00,2019-12-16T04:00:00-00:00,0,2019-12-15,20,0,ACTUAL,VEA-TAC,Total Actual Hourly Integrated Load,SYS_FCST_ACT_MW,3.5,84,ACTUAL,255
2019-12-15T08:00:00-00:00,2019-12-15T09:00:00-00:00,0,2019-12-15,1,0,ACTUAL,VEA-TAC,Total Actual Hourly Integrated Load,SYS_FCST_ACT_MW,3.5,61,ACTUAL,255
2019-12-15T21:00:00-00:00,2019-12-15T22:00:00-00:00,0,2019-12-15,14,0,ACTUAL,VEA-TAC,Total Actual Hourly Integrated Load,SYS_FCST_ACT_MW,3.5,64,ACTUAL,255
2019-12-15T23:00:00-00:00,2019-12-16T00:00:00-00:00,0,2019-12-15,16,0,ACTUAL,VEA-TAC,Total Actual Hourly Integrated Load,SYS_FCST_ACT_MW,3.5,64,ACTUAL,255
2019-12-16T02:00:00-00:00,2019-12-16T03:00:00-00:00,0,2019-12-15,19,0,ACTUAL,VEA-TAC,Total Actual Hourly Integrated Load,SYS_FCST_ACT_MW,3.5,84,ACTUAL,255
2019-12-15T09:00:00-00:00,2019-12-15T10:00:00-00:00,0,2019-12-15,2,0,ACTUAL,VEA-TAC,Total Actual Hourly Integrated Load,SYS_FCST_ACT_MW,3.5,60,ACTUAL,255
2019-12-15T19:00:00-00:00,2019-12-15T20:00:00-00:00,0,2019-12-15,12,0,ACTUAL,VEA-TAC,Total Actual Hourly Integrated Load,SYS_FCST_ACT_MW,3.5,66,ACTUAL,255
2019-12-15T13:00:00-00:00,2019-12-15T14:00:00-00:00,0,2019-12-15,6,0,ACTUAL,VEA-TAC,Total Actual Hourly Integrated Load,SYS_FCST_ACT_MW,3.5,71,ACTUAL,255
2019-12-15T17:00:00-00:00,2019-12-15T18:00:00-00:00,0,2019-12-15,10,0,ACTUAL,VEA-TAC,Total Actual Hourly Integrated Load,SYS_FCST_ACT_MW,3.5,70,ACTUAL,255
2019-12-16T05:00:00-00:00,2019-12-16T06:00:00-00:00,0,2019-12-15,22,0,ACTUAL,VEA-TAC,Total Actual Hourly Integrated Load,SYS_FCST_ACT_MW,3.5,82,ACTUAL,255
2019-12-15T22:00:00-00:00,2019-12-15T23:00:00-00:00,0,2019-12-15,15,0,ACTUAL,VEA-TAC,Total Actual Hourly Integrated Load,SYS_FCST_ACT_MW,3.5,62,ACTUAL,255
2019-12-15T15:00:00-00:00,2019-12-15T16:00:00-00:00,0,2019-12-15,8,0,ACTUAL,VEA-TAC,Total Actual Hourly Integrated Load,SYS_FCST_ACT_MW,3.5,79,ACTUAL,255
2019-12-16T10:00:00-00:00,2019-12-16T11:00:00-00:00,0,2019-12-16,3,0,ACTUAL,AZPS,Total Actual Hourly Integrated Load,SYS_FCST_ACT_MW,3.8,2730,ACTUAL,256
2019-12-16T15:00:00-00:00,2019-12-16T16:00:00-00:00,0,2019-12-16,8,0,ACTUAL,AZPS,Total Actual Hourly Integrated Load,SYS_FCST_ACT_MW,3.8,3478,ACTUAL,256
2019-12-16T17:00:00-00:00,2019-12-16T18:00:00-00:00,0,2019-12-16,10,0,ACTUAL,AZPS,Total Actual Hourly Integrated Load,SYS_FCST_ACT_MW,3.8,2799,ACTUAL,256
2019-12-16T21:00:00-00:00,2019-12-16T22:00:00-00:00,0,2019-12-16,14,0,ACTUAL,AZPS,Total Actual Hourly Integrated Load,SYS_FCST_ACT_MW,3.8,2487,ACTUAL,256
2019-12-17T00:00:00-00:00,2019-12-17T01:00:00-00:00,0,2019-12-16,17,0,ACTUAL,AZPS,Total Actual Hourly Integrated Load,SYS_FCST_ACT_MW,3.8,3290,ACTUAL,256
2019-12-16T08:00:00-00:00,2019-12-16T09:00:00-00:00,0,2019-12-16,1,0,ACTUAL,AZPS,Total Actual Hourly Integrated Load,SYS_FCST_ACT_MW,3.8,2390,ACTUAL,256
2019-12-16T18:00:00-00:00,2019-12-16T19:00:00-00:00,0,2019-12-16,11,0,ACTUAL,AZPS,Total Actual Hourly Integrated Load,SYS_FCST_ACT_MW,3.8,2616,ACTUAL,256
2019-12-17T04:00:00-00:00,2019-12-17T05:00:00-00:00,0,2019-12-16,21,0,ACTUAL,AZPS,Total Actual Hourly Integrated Load,SYS_FCST_ACT_MW,3.8,3447,ACTUAL,256
2019-12-16T11:00:00-00:00,2019-12-16T12:00:00-00:00,0,2019-12-16,4,0,ACTUAL,AZPS,Total Actual Hourly Integrated Load,SYS_FCST_ACT_MW,3.8,2879,ACTUAL,256
2019-12-16T12:00:00-00:00,2019-12-16T13:00:00-00:00,0,2019-12-16,5,0,ACTUAL,AZPS,Total Actual Hourly Integrated Load,SYS_FCST_ACT_MW,3.8,3188,ACTUAL,256
2019-12-16T19:00:00-00:00,2019-12-16T20:00:00-00:00,0,2019-12-16,12,0,ACTUAL,AZPS,Total Actual Hourly Integrated Load,SYS_FCST_ACT_MW,3.8,2503,ACTUAL,256
2019-12-17T01:00:00-00:00,2019-12-17T02:00:00-00:00,0,2019-12-16,18,0,ACTUAL,AZPS,Total Actual Hourly Integrated Load,SYS_FCST_ACT_MW,3.8,3523,ACTUAL,256
2019-12-17T02:00:00-00:00,2019-12-17T03:00:00-00:00,0,2019-12-16,19,0,ACTUAL,AZPS,Total Actual Hourly Integrated Load,SYS_FCST_ACT_MW,3.8,3542,ACTUAL,256
2019-12-17T03:00:00-00:00,2019-12-17T04:00:00-00:00,0,2019-12-16,20,0,ACTUAL,AZPS,Total Actual Hourly Integrated Load,SYS_FCST_ACT_MW,3.8,3549,ACTUAL,256
2019-12-17T06:00:00-00:00,2019-12-17T07:00:00-00:00,0,2019-12-16,23,0,ACTUAL,AZPS,Total Actual Hourly Integrated Load,SYS_FCST_ACT_MW,3.8,3071,ACTUAL,256
2019-12-16T14:00:00-00:00,2019-12-16T15:00:00-00:00,0,2019-12-16,7,0,ACTUAL,AZPS,Total Actual Hourly Integrated Load,SYS_FCST_ACT_MW,3.8,3685,ACTUAL,256
2019-12-16T20:00:00-00:00,2019-12-16T21:00:00-00:00,0,2019-12-16,13,0,ACTUAL,AZPS,Total Actual Hourly Integrated Load,SYS_FCST_ACT_MW,3.8,2460,ACTUAL,256
2019-12-16T22:00:00-00:00,2019-12-16T23:00:00-00:00,0,2019-12-16,15,0,ACTUAL,AZPS,Total Actual Hourly Integrated Load,SYS_FCST_ACT_MW,3.8,2603,ACTUAL,256
2019-12-17T05:00:00-00:00,2019-12-17T06:00:00-00:00,0,2019-12-16,22,0,ACTUAL,AZPS,Total Actual Hourly Integrated Load,SYS_FCST_ACT_MW,3.8,3249,ACTUAL,256
2019-12-16T16:00:00-00:00,2019-12-16T17:00:00-00:00,0,2019-12-16,9,0,ACTUAL,AZPS,Total Actual Hourly Integrated Load,SYS_FCST_ACT_MW,3.8,3130,ACTUAL,256
2019-12-16T23:00:00-00:00,2019-12-17T00:00:00-00:00,0,2019-12-16,16,0,ACTUAL,AZPS,Total Actual Hourly Integrated Load,SYS_FCST_ACT_MW,3.8,2863,ACTUAL,256
2019-12-16T09:00:00-00:00,2019-12-16T10:00:00-00:00,0,2019-12-16,2,0,ACTUAL,AZPS,Total Actual Hourly Integrated Load,SYS_FCST_ACT_MW,3.8,2639,ACTUAL,256
2019-12-16T13:00:00-00:00,2019-12-16T14:00:00-00:00,0,2019-12-16,6,0,ACTUAL,AZPS,Total Actual Hourly Integrated Load,SYS_FCST_ACT_MW,3.8,3567,ACTUAL,256
2019-12-17T07:00:00-00:00,2019-12-17T08:00:00-00:00,0,2019-12-16,24,0,ACTUAL,AZPS,Total Actual Hourly Integrated Load,SYS_FCST_ACT_MW,3.8,2975,ACTUAL,256
2019-12-16T16:00:00-00:00,2019-12-16T17:00:00-00:00,0,2019-12-16,9,0,ACTUAL,BANCSMUD,Total Actual Hourly Integrated Load,SYS_FCST_ACT_MW,3.8,1415,ACTUAL,257
2019-12-16T11:00:00-00:00,2019-12-16T12:00:00-00:00,0,2019-12-16,4,0,ACTUAL,BANCSMUD,Total Actual Hourly Integrated Load,SYS_FCST_ACT_MW,3.8,1000,ACTUAL,257
2019-12-16T20:00:00-00:00,2019-12-16T21:00:00-00:00,0,2019-12-16,13,0,ACTUAL,BANCSMUD,Total Actual Hourly Integrated Load,SYS_FCST_ACT_MW,3.8,1224,ACTUAL,257
2019-12-16T18:00:00-00:00,2019-12-16T19:00:00-00:00,0,2019-12-16,11,0,ACTUAL,BANCSMUD,Total Actual Hourly Integrated Load,SYS_FCST_ACT_MW,3.8,1310,ACTUAL,257
2019-12-16T10:00:00-00:00,2019-12-16T11:00:00-00:00,0,2019-12-16,3,0,ACTUAL,BANCSMUD,Total Actual Hourly Integrated Load,SYS_FCST_ACT_MW,3.8,978,ACTUAL,257
2019-12-17T07:00:00-00:00,2019-12-17T08:00:00-00:00,0,2019-12-16,24,0,ACTUAL,BANCSMUD,Total Actual Hourly Integrated Load,SYS_FCST_ACT_MW,3.8,1124,ACTUAL,257
2019-12-17T06:00:00-00:00,2019-12-17T07:00:00-00:00,0,2019-12-16,23,0,ACTUAL,BANCSMUD,Total Actual Hourly Integrated Load,SYS_FCST_ACT_MW,3.8,1230,ACTUAL,257
2019-12-17T05:00:00-00:00,2019-12-17T06:00:00-00:00,0,2019-12-16,22,0,ACTUAL,BANCSMUD,Total Actual Hourly Integrated Load,SYS_FCST_ACT_MW,3.8,1343,ACTUAL,257
2019-12-16T19:00:00-00:00,2019-12-16T20:00:00-00:00,0,2019-12-16,12,0,ACTUAL,BANCSMUD,Total Actual Hourly Integrated Load,SYS_FCST_ACT_MW,3.8,1262,ACTUAL,257
2019-12-16T21:00:00-00:00,2019-12-16T22:00:00-00:00,0,2019-12-16,14,0,ACTUAL,BANCSMUD,Total Actual Hourly Integrated Load,SYS_FCST_ACT_MW,3.8,1201,ACTUAL,257
2019-12-16T14:00:00-00:00,2019-12-16T15:00:00-00:00,0,2019-12-16,7,0,ACTUAL,BANCSMUD,Total Actual Hourly Integrated Load,SYS_FCST_ACT_MW,3.8,1350,ACTUAL,257
2019-12-16T17:00:00-00:00,2019-12-16T18:00:00-00:00,0,2019-12-16,10,0,ACTUAL,BANCSMUD,Total Actual Hourly Integrated Load,SYS_FCST_ACT_MW,3.8,1368,ACTUAL,257
2019-12-16T12:00:00-00:00,2019-12-16T13:00:00-00:00,0,2019-12-16,5,0,ACTUAL,BANCSMUD,Total Actual Hourly Integrated Load,SYS_FCST_ACT_MW,3.8,1060,ACTUAL,257
2019-12-16T09:00:00-00:00,2019-12-16T10:00:00-00:00,0,2019-12-16,2,0,ACTUAL,BANCSMUD,Total Actual Hourly Integrated Load,SYS_FCST_ACT_MW,3.8,986,ACTUAL,257
2019-12-16T08:00:00-00:00,2019-12-16T09:00:00-00:00,0,2019-12-16,1,0,ACTUAL,BANCSMUD,Total Actual Hourly Integrated Load,SYS_FCST_ACT_MW,3.8,1017,ACTUAL,257
2019-12-17T00:00:00-00:00,2019-12-17T01:00:00-00:00,0,2019-12-16,17,0,ACTUAL,BANCSMUD,Total Actual Hourly Integrated Load,SYS_FCST_ACT_MW,3.8,1307,ACTUAL,257
2019-12-16T23:00:00-00:00,2019-12-17T00:00:00-00:00,0,2019-12-16,16,0,ACTUAL,BANCSMUD,Total Actual Hourly Integrated Load,SYS_FCST_ACT_MW,3.8,1214,ACTUAL,257
2019-12-16T13:00:00-00:00,2019-12-16T14:00:00-00:00,0,2019-12-16,6,0,ACTUAL,BANCSMUD,Total Actual Hourly Integrated Load,SYS_FCST_ACT_MW,3.8,1180,ACTUAL,257
2019-12-17T04:00:00-00:00,2019-12-17T05:00:00-00:00,0,2019-12-16,21,0,ACTUAL,BANCSMUD,Total Actual Hourly Integrated Load,SYS_FCST_ACT_MW,3.8,1418,ACTUAL,257
2019-12-17T03:00:00-00:00,2019-12-17T04:00:00-00:00,0,2019-12-16,20,0,ACTUAL,BANCSMUD,Total Actual Hourly Integrated Load,SYS_FCST_ACT_MW,3.8,1446,ACTUAL,257
2019-12-17T02:00:00-00:00,2019-12-17T03:00:00-00:00,0,2019-12-16,19,0,ACTUAL,BANCSMUD,Total Actual Hourly Integrated Load,SYS_FCST_ACT_MW,3.8,1461,ACTUAL,257
2019-12-17T01:00:00-00:00,2019-12-17T02:00:00-00:00,0,2019-12-16,18,0,ACTUAL,BANCSMUD,Total Actual Hourly Integrated Load,SYS_FCST_ACT_MW,3.8,1442,ACTUAL,257
2019-12-16T22:00:00-00:00,2019-12-16T23:00:00-00:00,0,2019-12-16,15,0,ACTUAL,BANCSMUD,Total Actual Hourly Integrated Load,SYS_FCST_ACT_MW,3.8,1191,ACTUAL,257
2019-12-16T15:00:00-00:00,2019-12-16T16:00:00-00:00,0,2019-12-16,8,0,ACTUAL,BANCSMUD,Total Actual Hourly Integrated Load,SYS_FCST_ACT_MW,3.8,1437,ACTUAL,257
2019-12-17T01:00:00-00:00,2019-12-17T02:00:00-00:00,0,2019-12-16,18,0,ACTUAL,BCHA,Total Actual Hourly Integrated Load,SYS_FCST_ACT_MW,3.8,10115,ACTUAL,258
2019-12-16T13:00:00-00:00,2019-12-16T14:00:00-00:00,0,2019-12-16,6,0,ACTUAL,BCHA,Total Actual Hourly Integrated Load,SYS_FCST_ACT_MW,3.8,7737,ACTUAL,258
2019-12-16T12:00:00-00:00,2019-12-16T13:00:00-00:00,0,2019-12-16,5,0,ACTUAL,BCHA,Total Actual Hourly Integrated Load,SYS_FCST_ACT_MW,3.8,7233,ACTUAL,258
2019-12-16T11:00:00-00:00,2019-12-16T12:00:00-00:00,0,2019-12-16,4,0,ACTUAL,BCHA,Total Actual Hourly Integrated Load,SYS_FCST_ACT_MW,3.8,7069,ACTUAL,258
2019-12-16T23:00:00-00:00,2019-12-17T00:00:00-00:00,0,2019-12-16,16,0,ACTUAL,BCHA,Total Actual Hourly Integrated Load,SYS_FCST_ACT_MW,3.8,9505,ACTUAL,258
2019-12-16T08:00:00-00:00,2019-12-16T09:00:00-00:00,0,2019-12-16,1,0,ACTUAL,BCHA,Total Actual Hourly Integrated Load,SYS_FCST_ACT_MW,3.8,7249,ACTUAL,258
2019-12-16T22:00:00-00:00,2019-12-16T23:00:00-00:00,0,2019-12-16,15,0,ACTUAL,BCHA,Total Actual Hourly Integrated Load,SYS_FCST_ACT_MW,3.8,9374,ACTUAL,258
2019-12-16T19:00:00-00:00,2019-12-16T20:00:00-00:00,0,2019-12-16,12,0,ACTUAL,BCHA,Total Actual Hourly Integrated Load,SYS_FCST_ACT_MW,3.8,9401,ACTUAL,258
2019-12-16T20:00:00-00:00,2019-12-16T21:00:00-00:00,0,2019-12-16,13,0,ACTUAL,BCHA,Total Actual Hourly Integrated Load,SYS_FCST_ACT_MW,3.8,9388,ACTUAL,258
2019-12-16T17:00:00-00:00,2019-12-16T18:00:00-00:00,0,2019-12-16,10,0,ACTUAL,BCHA,Total Actual Hourly Integrated Load,SYS_FCST_ACT_MW,3.8,9375,ACTUAL,258
2019-12-16T14:00:00-00:00,2019-12-16T15:00:00-00:00,0,2019-12-16,7,0,ACTUAL,BCHA,Total Actual Hourly Integrated Load,SYS_FCST_ACT_MW,3.8,8467,ACTUAL,258
2019-12-16T10:00:00-00:00,2019-12-16T11:00:00-00:00,0,2019-12-16,3,0,ACTUAL,BCHA,Total Actual Hourly Integrated Load,SYS_FCST_ACT_MW,3.8,7049,ACTUAL,258
2019-12-17T02:00:00-00:00,2019-12-17T03:00:00-00:00,0,2019-12-16,19,0,ACTUAL,BCHA,Total Actual Hourly Integrated Load,SYS_FCST_ACT_MW,3.8,9915,ACTUAL,258
2019-12-17T00:00:00-00:00,2019-12-17T01:00:00-00:00,0,2019-12-16,17,0,ACTUAL,BCHA,Total Actual Hourly Integrated Load,SYS_FCST_ACT_MW,3.8,9946,ACTUAL,258
2019-12-16T18:00:00-00:00,2019-12-16T19:00:00-00:00,0,2019-12-16,11,0,ACTUAL,BCHA,Total Actual Hourly Integrated Load,SYS_FCST_ACT_MW,3.8,9421,ACTUAL,258
2019-12-17T07:00:00-00:00,2019-12-17T08:00:00-00:00,0,2019-12-16,24,0,ACTUAL,BCHA,Total Actual Hourly Integrated Load,SYS_FCST_ACT_MW,3.8,7766,ACTUAL,258
2019-12-17T04:00:00-00:00,2019-12-17T05:00:00-00:00,0,2019-12-16,21,0,ACTUAL,BCHA,Total Actual Hourly Integrated Load,SYS_FCST_ACT_MW,3.8,9440,ACTUAL,258
2019-12-16T16:00:00-00:00,2019-12-16T17:00:00-00:00,0,2019-12-16,9,0,ACTUAL,BCHA,Total Actual Hourly Integrated Load,SYS_FCST_ACT_MW,3.8,9415,ACTUAL,258
2019-12-16T09:00:00-00:00,2019-12-16T10:00:00-00:00,0,2019-12-16,2,0,ACTUAL,BCHA,Total Actual Hourly Integrated Load,SYS_FCST_ACT_MW,3.8,7112,ACTUAL,258
2019-12-16T21:00:00-00:00,2019-12-16T22:00:00-00:00,0,2019-12-16,14,0,ACTUAL,BCHA,Total Actual Hourly Integrated Load,SYS_FCST_ACT_MW,3.8,9388,ACTUAL,258
2019-12-17T06:00:00-00:00,2019-12-17T07:00:00-00:00,0,2019-12-16,23,0,ACTUAL,BCHA,Total Actual Hourly Integrated Load,SYS_FCST_ACT_MW,3.8,8379,ACTUAL,258
2019-12-17T05:00:00-00:00,2019-12-17T06:00:00-00:00,0,2019-12-16,22,0,ACTUAL,BCHA,Total Actual Hourly Integrated Load,SYS_FCST_ACT_MW,3.8,9013,ACTUAL,258
2019-12-17T03:00:00-00:00,2019-12-17T04:00:00-00:00,0,2019-12-16,20,0,ACTUAL,BCHA,Total Actual Hourly Integrated Load,SYS_FCST_ACT_MW,3.8,9693,ACTUAL,258
2019-12-16T15:00:00-00:00,2019-12-16T16:00:00-00:00,0,2019-12-16,8,0,ACTUAL,BCHA,Total Actual Hourly Integrated Load,SYS_FCST_ACT_MW,3.8,9219,ACTUAL,258
2019-12-17T03:00:00-00:00,2019-12-17T04:00:00-00:00,0,2019-12-16,20,0,ACTUAL,CA ISO-TAC,Total Actual Hourly Integrated Load,SYS_FCST_ACT_MW,3,30052,ACTUAL,259
2019-12-17T04:00:00-00:00,2019-12-17T05:00:00-00:00,0,2019-12-16,21,0,ACTUAL,CA ISO-TAC,Total Actual Hourly Integrated Load,SYS_FCST_ACT_MW,3,29394,ACTUAL,259
2019-12-16T10:00:00-00:00,2019-12-16T11:00:00-00:00,0,2019-12-16,3,0,ACTUAL,CA ISO-TAC,Total Actual Hourly Integrated Load,SYS_FCST_ACT_MW,3,20682,ACTUAL,259
2019-12-16T17:00:00-00:00,2019-12-16T18:00:00-00:00,0,2019-12-16,10,0,ACTUAL,CA ISO-TAC,Total Actual Hourly Integrated Load,SYS_FCST_ACT_MW,3,25260,ACTUAL,259
2019-12-16T12:00:00-00:00,2019-12-16T13:00:00-00:00,0,2019-12-16,5,0,ACTUAL,CA ISO-TAC,Total Actual Hourly Integrated Load,SYS_FCST_ACT_MW,3,21554,ACTUAL,259
2019-12-16T23:00:00-00:00,2019-12-17T00:00:00-00:00,0,2019-12-16,16,0,ACTUAL,CA ISO-TAC,Total Actual Hourly Integrated Load,SYS_FCST_ACT_MW,3,25069,ACTUAL,259
2019-12-16T09:00:00-00:00,2019-12-16T10:00:00-00:00,0,2019-12-16,2,0,ACTUAL,CA ISO-TAC,Total Actual Hourly Integrated Load,SYS_FCST_ACT_MW,3,21011,ACTUAL,259
2019-12-16T21:00:00-00:00,2019-12-16T22:00:00-00:00,0,2019-12-16,14,0,ACTUAL,CA ISO-TAC,Total Actual Hourly Integrated Load,SYS_FCST_ACT_MW,3,23245,ACTUAL,259
2019-12-17T05:00:00-00:00,2019-12-17T06:00:00-00:00,0,2019-12-16,22,0,ACTUAL,CA ISO-TAC,Total Actual Hourly Integrated Load,SYS_FCST_ACT_MW,3,28086,ACTUAL,259
2019-12-17T07:00:00-00:00,2019-12-17T08:00:00-00:00,0,2019-12-16,24,0,ACTUAL,CA ISO-TAC,Total Actual Hourly Integrated Load,SYS_FCST_ACT_MW,3,24085,ACTUAL,259
2019-12-16T08:00:00-00:00,2019-12-16T09:00:00-00:00,0,2019-12-16,1,0,ACTUAL,CA ISO-TAC,Total Actual Hourly Integrated Load,SYS_FCST_ACT_MW,3,21650,ACTUAL,259
2019-12-16T13:00:00-00:00,2019-12-16T14:00:00-00:00,0,2019-12-16,6,0,ACTUAL,CA ISO-TAC,Total Actual Hourly Integrated Load,SYS_FCST_ACT_MW,3,23448,ACTUAL,259
2019-12-16T19:00:00-00:00,2019-12-16T20:00:00-00:00,0,2019-12-16,12,0,ACTUAL,CA ISO-TAC,Total Actual Hourly Integrated Load,SYS_FCST_ACT_MW,3,23343,ACTUAL,259
2019-12-16T15:00:00-00:00,2019-12-16T16:00:00-00:00,0,2019-12-16,8,0,ACTUAL,CA ISO-TAC,Total Actual Hourly Integrated Load,SYS_FCST_ACT_MW,3,27428,ACTUAL,259
2019-12-17T00:00:00-00:00,2019-12-17T01:00:00-00:00,0,2019-12-16,17,0,ACTUAL,CA ISO-TAC,Total Actual Hourly Integrated Load,SYS_FCST_ACT_MW,3,27298,ACTUAL,259
2019-12-17T02:00:00-00:00,2019-12-17T03:00:00-00:00,0,2019-12-16,19,0,ACTUAL,CA ISO-TAC,Total Actual Hourly Integrated Load,SYS_FCST_ACT_MW,3,30391,ACTUAL,259
2019-12-16T11:00:00-00:00,2019-12-16T12:00:00-00:00,0,2019-12-16,4,0,ACTUAL,CA ISO-TAC,Total Actual Hourly Integrated Load,SYS_FCST_ACT_MW,3,20760,ACTUAL,259
2019-12-16T14:00:00-00:00,2019-12-16T15:00:00-00:00,0,2019-12-16,7,0,ACTUAL,CA ISO-TAC,Total Actual Hourly Integrated Load,SYS_FCST_ACT_MW,3,26194,ACTUAL,259
2019-12-16T16:00:00-00:00,2019-12-16T17:00:00-00:00,0,2019-12-16,9,0,ACTUAL,CA ISO-TAC,Total Actual Hourly Integrated Load,SYS_FCST_ACT_MW,3,26474,ACTUAL,259
2019-12-16T18:00:00-00:00,2019-12-16T19:00:00-00:00,0,2019-12-16,11,0,ACTUAL,CA ISO-TAC,Total Actual Hourly Integrated Load,SYS_FCST_ACT_MW,3,24187,ACTUAL,259
2019-12-16T20:00:00-00:00,2019-12-16T21:00:00-00:00,0,2019-12-16,13,0,ACTUAL,CA ISO-TAC,Total Actual Hourly Integrated Load,SYS_FCST_ACT_MW,3,23065,ACTUAL,259
2019-12-16T22:00:00-00:00,2019-12-16T23:00:00-00:00,0,2019-12-16,15,0,ACTUAL,CA ISO-TAC,Total Actual Hourly Integrated Load,SYS_FCST_ACT_MW,3,23786,ACTUAL,259
2019-12-17T01:00:00-00:00,2019-12-17T02:00:00-00:00,0,2019-12-16,18,0,ACTUAL,CA ISO-TAC,Total Actual Hourly Integrated Load,SYS_FCST_ACT_MW,3,30042,ACTUAL,259
2019-12-17T06:00:00-00:00,2019-12-17T07:00:00-00:00,0,2019-12-16,23,0,ACTUAL,CA ISO-TAC,Total Actual Hourly Integrated Load,SYS_FCST_ACT_MW,3,26029,ACTUAL,259
2019-12-17T03:00:00-00:00,2019-12-17T04:00:00-00:00,0,2019-12-16,20,0,ACTUAL,IPCO,Total Actual Hourly Integrated Load,SYS_FCST_ACT_MW,3.8,2308,ACTUAL,260
2019-12-16T09:00:00-00:00,2019-12-16T10:00:00-00:00,0,2019-12-16,2,0,ACTUAL,IPCO,Total Actual Hourly Integrated Load,SYS_FCST_ACT_MW,3.8,1788,ACTUAL,260
2019-12-17T07:00:00-00:00,2019-12-17T08:00:00-00:00,0,2019-12-16,24,0,ACTUAL,IPCO,Total Actual Hourly Integrated Load,SYS_FCST_ACT_MW,3.8,1941,ACTUAL,260
2019-12-16T14:00:00-00:00,2019-12-16T15:00:00-00:00,0,2019-12-16,7,0,ACTUAL,IPCO,Total Actual Hourly Integrated Load,SYS_FCST_ACT_MW,3.8,2380,ACTUAL,260
2019-12-17T01:00:00-00:00,2019-12-17T02:00:00-00:00,0,2019-12-16,18,0,ACTUAL,IPCO,Total Actual Hourly Integrated Load,SYS_FCST_ACT_MW,3.8,2342,ACTUAL,260
2019-12-17T02:00:00-00:00,2019-12-17T03:00:00-00:00,0,2019-12-16,19,0,ACTUAL,IPCO,Total Actual Hourly Integrated Load,SYS_FCST_ACT_MW,3.8,2334,ACTUAL,260
2019-12-16T11:00:00-00:00,2019-12-16T12:00:00-00:00,0,2019-12-16,4,0,ACTUAL,IPCO,Total Actual Hourly Integrated Load,SYS_FCST_ACT_MW,3.8,1887,ACTUAL,260
2019-12-16T16:00:00-00:00,2019-12-16T17:00:00-00:00,0,2019-12-16,9,0,ACTUAL,IPCO,Total Actual Hourly Integrated Load,SYS_FCST_ACT_MW,3.8,2317,ACTUAL,260
2019-12-16T12:00:00-00:00,2019-12-16T13:00:00-00:00,0,2019-12-16,5,0,ACTUAL,IPCO,Total Actual Hourly Integrated Load,SYS_FCST_ACT_MW,3.8,2022,ACTUAL,260
2019-12-16T21:00:00-00:00,2019-12-16T22:00:00-00:00,0,2019-12-16,14,0,ACTUAL,IPCO,Total Actual Hourly Integrated Load,SYS_FCST_ACT_MW,3.8,2015,ACTUAL,260
2019-12-16T10:00:00-00:00,2019-12-16T11:00:00-00:00,0,2019-12-16,3,0,ACTUAL,IPCO,Total Actual Hourly Integrated Load,SYS_FCST_ACT_MW,3.8,1821,ACTUAL,260
2019-12-16T17:00:00-00:00,2019-12-16T18:00:00-00:00,0,2019-12-16,10,0,ACTUAL,IPCO,Total Actual Hourly Integrated Load,SYS_FCST_ACT_MW,3.8,2243,ACTUAL,260
2019-12-16T22:00:00-00:00,2019-12-16T23:00:00-00:00,0,2019-12-16,15,0,ACTUAL,IPCO,Total Actual Hourly Integrated Load,SYS_FCST_ACT_MW,3.8,2014,ACTUAL,260
2019-12-16T15:00:00-00:00,2019-12-16T16:00:00-00:00,0,2019-12-16,8,0,ACTUAL,IPCO,Total Actual Hourly Integrated Load,SYS_FCST_ACT_MW,3.8,2385,ACTUAL,260
2019-12-16T20:00:00-00:00,2019-12-16T21:00:00-00:00,0,2019-12-16,13,0,ACTUAL,IPCO,Total Actual Hourly Integrated Load,SYS_FCST_ACT_MW,3.8,2045,ACTUAL,260
2019-12-17T00:00:00-00:00,2019-12-17T01:00:00-00:00,0,2019-12-16,17,0,ACTUAL,IPCO,Total Actual Hourly Integrated Load,SYS_FCST_ACT_MW,3.8,2277,ACTUAL,260
2019-12-16T08:00:00-00:00,2019-12-16T09:00:00-00:00,0,2019-12-16,1,0,ACTUAL,IPCO,Total Actual Hourly Integrated Load,SYS_FCST_ACT_MW,3.8,1783,ACTUAL,260
2019-12-16T18:00:00-00:00,2019-12-16T19:00:00-00:00,0,2019-12-16,11,0,ACTUAL,IPCO,Total Actual Hourly Integrated Load,SYS_FCST_ACT_MW,3.8,2171,ACTUAL,260
2019-12-16T19:00:00-00:00,2019-12-16T20:00:00-00:00,0,2019-12-16,12,0,ACTUAL,IPCO,Total Actual Hourly Integrated Load,SYS_FCST_ACT_MW,3.8,2097,ACTUAL,260
2019-12-17T06:00:00-00:00,2019-12-17T07:00:00-00:00,0,2019-12-16,23,0,ACTUAL,IPCO,Total Actual Hourly Integrated Load,SYS_FCST_ACT_MW,3.8,1996,ACTUAL,260
2019-12-16T13:00:00-00:00,2019-12-16T14:00:00-00:00,0,2019-12-16,6,0,ACTUAL,IPCO,Total Actual Hourly Integrated Load,SYS_FCST_ACT_MW,3.8,2230,ACTUAL,260
2019-12-16T23:00:00-00:00,2019-12-17T00:00:00-00:00,0,2019-12-16,16,0,ACTUAL,IPCO,Total Actual Hourly Integrated Load,SYS_FCST_ACT_MW,3.8,2096,ACTUAL,260
2019-12-17T04:00:00-00:00,2019-12-17T05:00:00-00:00,0,2019-12-16,21,0,ACTUAL,IPCO,Total Actual Hourly Integrated Load,SYS_FCST_ACT_MW,3.8,2233,ACTUAL,260
2019-12-17T05:00:00-00:00,2019-12-17T06:00:00-00:00,0,2019-12-16,22,0,ACTUAL,IPCO,Total Actual Hourly Integrated Load,SYS_FCST_ACT_MW,3.8,2106,ACTUAL,260
2019-12-16T21:00:00-00:00,2019-12-16T22:00:00-00:00,0,2019-12-16,14,0,ACTUAL,MWD-TAC,Total Actual Hourly Integrated Load,SYS_FCST_ACT_MW,3.3,89,ACTUAL,261
2019-12-17T07:00:00-00:00,2019-12-17T08:00:00-00:00,0,2019-12-16,24,0,ACTUAL,MWD-TAC,Total Actual Hourly Integrated Load,SYS_FCST_ACT_MW,3.3,84,ACTUAL,261
2019-12-16T09:00:00-00:00,2019-12-16T10:00:00-00:00,0,2019-12-16,2,0,ACTUAL,MWD-TAC,Total Actual Hourly Integrated Load,SYS_FCST_ACT_MW,3.3,89,ACTUAL,261
2019-12-16T12:00:00-00:00,2019-12-16T13:00:00-00:00,0,2019-12-16,5,0,ACTUAL,MWD-TAC,Total Actual Hourly Integrated Load,SYS_FCST_ACT_MW,3.3,93,ACTUAL,261
2019-12-16T18:00:00-00:00,2019-12-16T19:00:00-00:00,0,2019-12-16,11,0,ACTUAL,MWD-TAC,Total Actual Hourly Integrated Load,SYS_FCST_ACT_MW,3.3,88,ACTUAL,261
2019-12-16T16:00:00-00:00,2019-12-16T17:00:00-00:00,0,2019-12-16,9,0,ACTUAL,MWD-TAC,Total Actual Hourly Integrated Load,SYS_FCST_ACT_MW,3.3,89,ACTUAL,261
2019-12-17T00:00:00-00:00,2019-12-17T01:00:00-00:00,0,2019-12-16,17,0,ACTUAL,MWD-TAC,Total Actual Hourly Integrated Load,SYS_FCST_ACT_MW,3.3,88,ACTUAL,261
2019-12-16T08:00:00-00:00,2019-12-16T09:00:00-00:00,0,2019-12-16,1,0,ACTUAL,MWD-TAC,Total Actual Hourly Integrated Load,SYS_FCST_ACT_MW,3.3,89,ACTUAL,261
2019-12-16T10:00:00-00:00,2019-12-16T11:00:00-00:00,0,2019-12-16,3,0,ACTUAL,MWD-TAC,Total Actual Hourly Integrated Load,SYS_FCST_ACT_MW,3.3,89,ACTUAL,261
2019-12-16T22:00:00-00:00,2019-12-16T23:00:00-00:00,0,2019-12-16,15,0,ACTUAL,MWD-TAC,Total Actual Hourly Integrated Load,SYS_FCST_ACT_MW,3.3,88,ACTUAL,261
2019-12-17T05:00:00-00:00,2019-12-17T06:00:00-00:00,0,2019-12-16,22,0,ACTUAL,MWD-TAC,Total Actual Hourly Integrated Load,SYS_FCST_ACT_MW,3.3,79,ACTUAL,261
2019-12-16T23:00:00-00:00,2019-12-17T00:00:00-00:00,0,2019-12-16,16,0,ACTUAL,MWD-TAC,Total Actual Hourly Integrated Load,SYS_FCST_ACT_MW,3.3,87,ACTUAL,261
2019-12-16T13:00:00-00:00,2019-12-16T14:00:00-00:00,0,2019-12-16,6,0,ACTUAL,MWD-TAC,Total Actual Hourly Integrated Load,SYS_FCST_ACT_MW,3.3,92,ACTUAL,261
2019-12-16T17:00:00-00:00,2019-12-16T18:00:00-00:00,0,2019-12-16,10,0,ACTUAL,MWD-TAC,Total Actual Hourly Integrated Load,SYS_FCST_ACT_MW,3.3,87,ACTUAL,261
2019-12-16T19:00:00-00:00,2019-12-16T20:00:00-00:00,0,2019-12-16,12,0,ACTUAL,MWD-TAC,Total Actual Hourly Integrated Load,SYS_FCST_ACT_MW,3.3,88,ACTUAL,261
2019-12-16T20:00:00-00:00,2019-12-16T21:00:00-00:00,0,2019-12-16,13,0,ACTUAL,MWD-TAC,Total Actual Hourly Integrated Load,SYS_FCST_ACT_MW,3.3,87,ACTUAL,261
2019-12-17T01:00:00-00:00,2019-12-17T02:00:00-00:00,0,2019-12-16,18,0,ACTUAL,MWD-TAC,Total Actual Hourly Integrated Load,SYS_FCST_ACT_MW,3.3,91,ACTUAL,261
2019-12-17T02:00:00-00:00,2019-12-17T03:00:00-00:00,0,2019-12-16,19,0,ACTUAL,MWD-TAC,Total Actual Hourly Integrated Load,SYS_FCST_ACT_MW,3.3,89,ACTUAL,261
2019-12-17T03:00:00-00:00,2019-12-17T04:00:00-00:00,0,2019-12-16,20,0,ACTUAL,MWD-TAC,Total Actual Hourly Integrated Load,SYS_FCST_ACT_MW,3.3,84,ACTUAL,261
2019-12-16T14:00:00-00:00,2019-12-16T15:00:00-00:00,0,2019-12-16,7,0,ACTUAL,MWD-TAC,Total Actual Hourly Integrated Load,SYS_FCST_ACT_MW,3.3,91,ACTUAL,261
2019-12-16T15:00:00-00:00,2019-12-16T16:00:00-00:00,0,2019-12-16,8,0,ACTUAL,MWD-TAC,Total Actual Hourly Integrated Load,SYS_FCST_ACT_MW,3.3,93,ACTUAL,261
2019-12-16T11:00:00-00:00,2019-12-16T12:00:00-00:00,0,2019-12-16,4,0,ACTUAL,MWD-TAC,Total Actual Hourly Integrated Load,SYS_FCST_ACT_MW,3.3,90,ACTUAL,261
2019-12-17T04:00:00-00:00,2019-12-17T05:00:00-00:00,0,2019-12-16,21,0,ACTUAL,MWD-TAC,Total Actual Hourly Integrated Load,SYS_FCST_ACT_MW,3.3,80,ACTUAL,261
2019-12-17T06:00:00-00:00,2019-12-17T07:00:00-00:00,0,2019-12-16,23,0,ACTUAL,MWD-TAC,Total Actual Hourly Integrated Load,SYS_FCST_ACT_MW,3.3,79,ACTUAL,261
2019-12-17T03:00:00-00:00,2019-12-17T04:00:00-00:00,0,2019-12-16,20,0,ACTUAL,NEVP,Total Actual Hourly Integrated Load,SYS_FCST_ACT_MW,3.8,4597,ACTUAL,262
2019-12-16T13:00:00-00:00,2019-12-16T14:00:00-00:00,0,2019-12-16,6,0,ACTUAL,NEVP,Total Actual Hourly Integrated Load,SYS_FCST_ACT_MW,3.8,3958,ACTUAL,262
2019-12-16T21:00:00-00:00,2019-12-16T22:00:00-00:00,0,2019-12-16,14,0,ACTUAL,NEVP,Total Actual Hourly Integrated Load,SYS_FCST_ACT_MW,3.8,3844,ACTUAL,262
2019-12-16T23:00:00-00:00,2019-12-17T00:00:00-00:00,0,2019-12-16,16,0,ACTUAL,NEVP,Total Actual Hourly Integrated Load,SYS_FCST_ACT_MW,3.8,3994,ACTUAL,262
2019-12-16T15:00:00-00:00,2019-12-16T16:00:00-00:00,0,2019-12-16,8,0,ACTUAL,NEVP,Total Actual Hourly Integrated Load,SYS_FCST_ACT_MW,3.8,4201,ACTUAL,262
2019-12-17T05:00:00-00:00,2019-12-17T06:00:00-00:00,0,2019-12-16,22,0,ACTUAL,NEVP,Total Actual Hourly Integrated Load,SYS_FCST_ACT_MW,3.8,4398,ACTUAL,262
2019-12-17T06:00:00-00:00,2019-12-17T07:00:00-00:00,0,2019-12-16,23,0,ACTUAL,NEVP,Total Actual Hourly Integrated Load,SYS_FCST_ACT_MW,3.8,4209,ACTUAL,262
2019-12-16T16:00:00-00:00,2019-12-16T17:00:00-00:00,0,2019-12-16,9,0,ACTUAL,NEVP,Total Actual Hourly Integrated Load,SYS_FCST_ACT_MW,3.8,4099,ACTUAL,262
2019-12-16T17:00:00-00:00,2019-12-16T18:00:00-00:00,0,2019-12-16,10,0,ACTUAL,NEVP,Total Actual Hourly Integrated Load,SYS_FCST_ACT_MW,3.8,4010,ACTUAL,262
2019-12-16T18:00:00-00:00,2019-12-16T19:00:00-00:00,0,2019-12-16,11,0,ACTUAL,NEVP,Total Actual Hourly Integrated Load,SYS_FCST_ACT_MW,3.8,3950,ACTUAL,262
2019-12-17T02:00:00-00:00,2019-12-17T03:00:00-00:00,0,2019-12-16,19,0,ACTUAL,NEVP,Total Actual Hourly Integrated Load,SYS_FCST_ACT_MW,3.8,4613,ACTUAL,262
2019-12-16T08:00:00-00:00,2019-12-16T09:00:00-00:00,0,2019-12-16,1,0,ACTUAL,NEVP,Total Actual Hourly Integrated Load,SYS_FCST_ACT_MW,3.8,3674,ACTUAL,262
2019-12-16T11:00:00-00:00,2019-12-16T12:00:00-00:00,0,2019-12-16,4,0,ACTUAL,NEVP,Total Actual Hourly Integrated Load,SYS_FCST_ACT_MW,3.8,3651,ACTUAL,262
2019-12-17T07:00:00-00:00,2019-12-17T08:00:00-00:00,0,2019-12-16,24,0,ACTUAL,NEVP,Total Actual Hourly Integrated Load,SYS_FCST_ACT_MW,3.8,4049,ACTUAL,262
2019-12-17T04:00:00-00:00,2019-12-17T05:00:00-00:00,0,2019-12-16,21,0,ACTUAL,NEVP,Total Actual Hourly Integrated Load,SYS_FCST_ACT_MW,3.8,4542,ACTUAL,262
2019-12-16T12:00:00-00:00,2019-12-16T13:00:00-00:00,0,2019-12-16,5,0,ACTUAL,NEVP,Total Actual Hourly Integrated Load,SYS_FCST_ACT_MW,3.8,3761,ACTUAL,262
2019-12-16T14:00:00-00:00,2019-12-16T15:00:00-00:00,0,2019-12-16,7,0,ACTUAL,NEVP,Total Actual Hourly Integrated Load,SYS_FCST_ACT_MW,3.8,4203,ACTUAL,262
2019-12-16T19:00:00-00:00,2019-12-16T20:00:00-00:00,0,2019-12-16,12,0,ACTUAL,NEVP,Total Actual Hourly Integrated Load,SYS_FCST_ACT_MW,3.8,3894,ACTUAL,262
2019-12-16T22:00:00-00:00,2019-12-16T23:00:00-00:00,0,2019-12-16,15,0,ACTUAL,NEVP,Total Actual Hourly Integrated Load,SYS_FCST_ACT_MW,3.8,3872,ACTUAL,262
2019-12-17T00:00:00-00:00,2019-12-17T01:00:00-00:00,0,2019-12-16,17,0,ACTUAL,NEVP,Total Actual Hourly Integrated Load,SYS_FCST_ACT_MW,3.8,4327,ACTUAL,262
2019-12-17T01:00:00-00:00,2019-12-17T02:00:00-00:00,0,2019-12-16,18,0,ACTUAL,NEVP,Total Actual Hourly Integrated Load,SYS_FCST_ACT_MW,3.8,4617,ACTUAL,262
2019-12-16T09:00:00-00:00,2019-12-16T10:00:00-00:00,0,2019-12-16,2,0,ACTUAL,NEVP,Total Actual Hourly Integrated Load,SYS_FCST_ACT_MW,3.8,3625,ACTUAL,262
2019-12-16T10:00:00-00:00,2019-12-16T11:00:00-00:00,0,2019-12-16,3,0,ACTUAL,NEVP,Total Actual Hourly Integrated Load,SYS_FCST_ACT_MW,3.8,3615,ACTUAL,262
2019-12-16T20:00:00-00:00,2019-12-16T21:00:00-00:00,0,2019-12-16,13,0,ACTUAL,NEVP,Total Actual Hourly Integrated Load,SYS_FCST_ACT_MW,3.8,3846,ACTUAL,262
2019-12-17T04:00:00-00:00,2019-12-17T05:00:00-00:00,0,2019-12-16,21,0,ACTUAL,PACE,Total Actual Hourly Integrated Load,SYS_FCST_ACT_MW,3.8,6159,ACTUAL,263
2019-12-17T02:00:00-00:00,2019-12-17T03:00:00-00:00,0,2019-12-16,19,0,ACTUAL,PACE,Total Actual Hourly Integrated Load,SYS_FCST_ACT_MW,3.8,6445,ACTUAL,263
2019-12-17T00:00:00-00:00,2019-12-17T01:00:00-00:00,0,2019-12-16,17,0,ACTUAL,PACE,Total Actual Hourly Integrated Load,SYS_FCST_ACT_MW,3.8,6460,ACTUAL,263
2019-12-16T21:00:00-00:00,2019-12-16T22:00:00-00:00,0,2019-12-16,14,0,ACTUAL,PACE,Total Actual Hourly Integrated Load,SYS_FCST_ACT_MW,3.8,5951,ACTUAL,263
2019-12-16T20:00:00-00:00,2019-12-16T21:00:00-00:00,0,2019-12-16,13,0,ACTUAL,PACE,Total Actual Hourly Integrated Load,SYS_FCST_ACT_MW,3.8,5971,ACTUAL,263
2019-12-16T11:00:00-00:00,2019-12-16T12:00:00-00:00,0,2019-12-16,4,0,ACTUAL,PACE,Total Actual Hourly Integrated Load,SYS_FCST_ACT_MW,3.8,5163,ACTUAL,263
2019-12-17T07:00:00-00:00,2019-12-17T08:00:00-00:00,0,2019-12-16,24,0,ACTUAL,PACE,Total Actual Hourly Integrated Load,SYS_FCST_ACT_MW,3.8,5353,ACTUAL,263
2019-12-17T03:00:00-00:00,2019-12-17T04:00:00-00:00,0,2019-12-16,20,0,ACTUAL,PACE,Total Actual Hourly Integrated Load,SYS_FCST_ACT_MW,3.8,6354,ACTUAL,263
2019-12-16T22:00:00-00:00,2019-12-16T23:00:00-00:00,0,2019-12-16,15,0,ACTUAL,PACE,Total Actual Hourly Integrated Load,SYS_FCST_ACT_MW,3.8,5971,ACTUAL,263
2019-12-16T19:00:00-00:00,2019-12-16T20:00:00-00:00,0,2019-12-16,12,0,ACTUAL,PACE,Total Actual Hourly Integrated Load,SYS_FCST_ACT_MW,3.8,5993,ACTUAL,263
2019-12-16T16:00:00-00:00,2019-12-16T17:00:00-00:00,0,2019-12-16,9,0,ACTUAL,PACE,Total Actual Hourly Integrated Load,SYS_FCST_ACT_MW,3.8,6127,ACTUAL,263
2019-12-16T14:00:00-00:00,2019-12-16T15:00:00-00:00,0,2019-12-16,7,0,ACTUAL,PACE,Total Actual Hourly Integrated Load,SYS_FCST_ACT_MW,3.8,6133,ACTUAL,263
2019-12-16T13:00:00-00:00,2019-12-16T14:00:00-00:00,0,2019-12-16,6,0,ACTUAL,PACE,Total Actual Hourly Integrated Load,SYS_FCST_ACT_MW,3.8,5791,ACTUAL,263
2019-12-16T17:00:00-00:00,2019-12-16T18:00:00-00:00,0,2019-12-16,10,0,ACTUAL,PACE,Total Actual Hourly Integrated Load,SYS_FCST_ACT_MW,3.8,6072,ACTUAL,263
2019-12-16T10:00:00-00:00,2019-12-16T11:00:00-00:00,0,2019-12-16,3,0,ACTUAL,PACE,Total Actual Hourly Integrated Load,SYS_FCST_ACT_MW,3.8,5059,ACTUAL,263
2019-12-16T12:00:00-00:00,2019-12-16T13:00:00-00:00,0,2019-12-16,5,0,ACTUAL,PACE,Total Actual Hourly Integrated Load,SYS_FCST_ACT_MW,3.8,5403,ACTUAL,263
2019-12-16T09:00:00-00:00,2019-12-16T10:00:00-00:00,0,2019-12-16,2,0,ACTUAL,PACE,Total Actual Hourly Integrated Load,SYS_FCST_ACT_MW,3.8,5056,ACTUAL,263
2019-12-16T15:00:00-00:00,2019-12-16T16:00:00-00:00,0,2019-12-16,8,0,ACTUAL,PACE,Total Actual Hourly Integrated Load,SYS_FCST_ACT_MW,3.8,6157,ACTUAL,263
2019-12-17T01:00:00-00:00,2019-12-17T02:00:00-00:00,0,2019-12-16,18,0,ACTUAL,PACE,Total Actual Hourly Integrated Load,SYS_FCST_ACT_MW,3.8,6517,ACTUAL,263
2019-12-16T23:00:00-00:00,2019-12-17T00:00:00-00:00,0,2019-12-16,16,0,ACTUAL,PACE,Total Actual Hourly Integrated Load,SYS_FCST_ACT_MW,3.8,6110,ACTUAL,263
2019-12-16T18:00:00-00:00,2019-12-16T19:00:00-00:00,0,2019-12-16,11,0,ACTUAL,PACE,Total Actual Hourly Integrated Load,SYS_FCST_ACT_MW,3.8,6036,ACTUAL,263
2019-12-16T08:00:00-00:00,2019-12-16T09:00:00-00:00,0,2019-12-16,1,0,ACTUAL,PACE,Total Actual Hourly Integrated Load,SYS_FCST_ACT_MW,3.8,5071,ACTUAL,263
2019-12-17T06:00:00-00:00,2019-12-17T07:00:00-00:00,0,2019-12-16,23,0,ACTUAL,PACE,Total Actual Hourly Integrated Load,SYS_FCST_ACT_MW,3.8,5531,ACTUAL,263
2019-12-17T05:00:00-00:00,2019-12-17T06:00:00-00:00,0,2019-12-16,22,0,ACTUAL,PACE,Total Actual Hourly Integrated Load,SYS_FCST_ACT_MW,3.8,5842,ACTUAL,263
2019-12-17T04:00:00-00:00,2019-12-17T05:00:00-00:00,0,2019-12-16,21,0,ACTUAL,PACW,Total Actual Hourly Integrated Load,SYS_FCST_ACT_MW,3.8,3150,ACTUAL,264
2019-12-17T01:00:00-00:00,2019-12-17T02:00:00-00:00,0,2019-12-16,18,0,ACTUAL,PACW,Total Actual Hourly Integrated Load,SYS_FCST_ACT_MW,3.8,3247,ACTUAL,264
2019-12-17T02:00:00-00:00,2019-12-17T03:00:00-00:00,0,2019-12-16,19,0,ACTUAL,PACW,Total Actual Hourly Integrated Load,SYS_FCST_ACT_MW,3.8,3263,ACTUAL,264
2019-12-16T13:00:00-00:00,2019-12-16T14:00:00-00:00,0,2019-12-16,6,0,ACTUAL,PACW,Total Actual Hourly Integrated Load,SYS_FCST_ACT_MW,3.8,2827,ACTUAL,264
2019-12-16T11:00:00-00:00,2019-12-16T12:00:00-00:00,0,2019-12-16,4,0,ACTUAL,PACW,Total Actual Hourly Integrated Load,SYS_FCST_ACT_MW,3.8,2411,ACTUAL,264
2019-12-16T09:00:00-00:00,2019-12-16T10:00:00-00:00,0,2019-12-16,2,0,ACTUAL,PACW,Total Actual Hourly Integrated Load,SYS_FCST_ACT_MW,3.8,2329,ACTUAL,264
2019-12-16T20:00:00-00:00,2019-12-16T21:00:00-00:00,0,2019-12-16,13,0,ACTUAL,PACW,Total Actual Hourly Integrated Load,SYS_FCST_ACT_MW,3.8,2952,ACTUAL,264
2019-12-17T07:00:00-00:00,2019-12-17T08:00:00-00:00,0,2019-12-16,24,0,ACTUAL,PACW,Total Actual Hourly Integrated Load,SYS_FCST_ACT_MW,3.8,2619,ACTUAL,264
2019-12-16T19:00:00-00:00,2019-12-16T20:00:00-00:00,0,2019-12-16,12,0,ACTUAL,PACW,Total Actual Hourly Integrated Load,SYS_FCST_ACT_MW,3.8,3040,ACTUAL,264
2019-12-16T18:00:00-00:00,2019-12-16T19:00:00-00:00,0,2019-12-16,11,0,ACTUAL,PACW,Total Actual Hourly Integrated Load,SYS_FCST_ACT_MW,3.8,3181,ACTUAL,264
2019-12-16T17:00:00-00:00,2019-12-16T18:00:00-00:00,0,2019-12-16,10,0,ACTUAL,PACW,Total Actual Hourly Integrated Load,SYS_FCST_ACT_MW,3.8,3278,ACTUAL,264
2019-12-16T10:00:00-00:00,2019-12-16T11:00:00-00:00,0,2019-12-16,3,0,ACTUAL,PACW,Total Actual Hourly Integrated Load,SYS_FCST_ACT_MW,3.8,2344,ACTUAL,264
2019-12-17T06:00:00-00:00,2019-12-17T07:00:00-00:00,0,2019-12-16,23,0,ACTUAL,PACW,Total Actual Hourly Integrated Load,SYS_FCST_ACT_MW,3.8,2774,ACTUAL,264
2019-12-16T08:00:00-00:00,2019-12-16T09:00:00-00:00,0,2019-12-16,1,0,ACTUAL,PACW,Total Actual Hourly Integrated Load,SYS_FCST_ACT_MW,3.8,2354,ACTUAL,264
2019-12-17T00:00:00-00:00,2019-12-17T01:00:00-00:00,0,2019-12-16,17,0,ACTUAL,PACW,Total Actual Hourly Integrated Load,SYS_FCST_ACT_MW,3.8,3050,ACTUAL,264
2019-12-16T23:00:00-00:00,2019-12-17T00:00:00-00:00,0,2019-12-16,16,0,ACTUAL,PACW,Total Actual Hourly Integrated Load,SYS_FCST_ACT_MW,3.8,2866,ACTUAL,264
2019-12-17T05:00:00-00:00,2019-12-17T06:00:00-00:00,0,2019-12-16,22,0,ACTUAL,PACW,Total Actual Hourly Integrated Load,SYS_FCST_ACT_MW,3.8,2982,ACTUAL,264
2019-12-16T22:00:00-00:00,2019-12-16T23:00:00-00:00,0,2019-12-16,15,0,ACTUAL,PACW,Total Actual Hourly Integrated Load,SYS_FCST_ACT_MW,3.8,2819,ACTUAL,264
2019-12-16T14:00:00-00:00,2019-12-16T15:00:00-00:00,0,2019-12-16,7,0,ACTUAL,PACW,Total Actual Hourly Integrated Load,SYS_FCST_ACT_MW,3.8,3208,ACTUAL,264
2019-12-16T21:00:00-00:00,2019-12-16T22:00:00-00:00,0,2019-12-16,14,0,ACTUAL,PACW,Total Actual Hourly Integrated Load,SYS_FCST_ACT_MW,3.8,2865,ACTUAL,264
2019-12-16T16:00:00-00:00,2019-12-16T17:00:00-00:00,0,2019-12-16,9,0,ACTUAL,PACW,Total Actual Hourly Integrated Load,SYS_FCST_ACT_MW,3.8,3355,ACTUAL,264
2019-12-16T12:00:00-00:00,2019-12-16T13:00:00-00:00,0,2019-12-16,5,0,ACTUAL,PACW,Total Actual Hourly Integrated Load,SYS_FCST_ACT_MW,3.8,2538,ACTUAL,264
2019-12-16T15:00:00-00:00,2019-12-16T16:00:00-00:00,0,2019-12-16,8,0,ACTUAL,PACW,Total Actual Hourly Integrated Load,SYS_FCST_ACT_MW,3.8,3414,ACTUAL,264
2019-12-17T03:00:00-00:00,2019-12-17T04:00:00-00:00,0,2019-12-16,20,0,ACTUAL,PACW,Total Actual Hourly Integrated Load,SYS_FCST_ACT_MW,3.8,3228,ACTUAL,264
2019-12-16T11:00:00-00:00,2019-12-16T12:00:00-00:00,0,2019-12-16,4,0,ACTUAL,PGE,Total Actual Hourly Integrated Load,SYS_FCST_ACT_MW,3.8,2152,ACTUAL,265
2019-12-16T14:00:00-00:00,2019-12-16T15:00:00-00:00,0,2019-12-16,7,0,ACTUAL,PGE,Total Actual Hourly Integrated Load,SYS_FCST_ACT_MW,3.8,2857,ACTUAL,265
2019-12-16T20:00:00-00:00,2019-12-16T21:00:00-00:00,0,2019-12-16,13,0,ACTUAL,PGE,Total Actual Hourly Integrated Load,SYS_FCST_ACT_MW,3.8,2771,ACTUAL,265
2019-12-16T21:00:00-00:00,2019-12-16T22:00:00-00:00,0,2019-12-16,14,0,ACTUAL,PGE,Total Actual Hourly Integrated Load,SYS_FCST_ACT_MW,3.8,2717,ACTUAL,265
2019-12-16T22:00:00-00:00,2019-12-16T23:00:00-00:00,0,2019-12-16,15,0,ACTUAL,PGE,Total Actual Hourly Integrated Load,SYS_FCST_ACT_MW,3.8,2672,ACTUAL,265
2019-12-17T06:00:00-00:00,2019-12-17T07:00:00-00:00,0,2019-12-16,23,0,ACTUAL,PGE,Total Actual Hourly Integrated Load,SYS_FCST_ACT_MW,3.8,2605,ACTUAL,265
2019-12-17T07:00:00-00:00,2019-12-17T08:00:00-00:00,0,2019-12-16,24,0,ACTUAL,PGE,Total Actual Hourly Integrated Load,SYS_FCST_ACT_MW,3.8,2404,ACTUAL,265
2019-12-16T10:00:00-00:00,2019-12-16T11:00:00-00:00,0,2019-12-16,3,0,ACTUAL,PGE,Total Actual Hourly Integrated Load,SYS_FCST_ACT_MW,3.8,2118,ACTUAL,265
2019-12-16T16:00:00-00:00,2019-12-16T17:00:00-00:00,0,2019-12-16,9,0,ACTUAL,PGE,Total Actual Hourly Integrated Load,SYS_FCST_ACT_MW,3.8,3038,ACTUAL,265
2019-12-16T18:00:00-00:00,2019-12-16T19:00:00-00:00,0,2019-12-16,11,0,ACTUAL,PGE,Total Actual Hourly Integrated Load,SYS_FCST_ACT_MW,3.8,2926,ACTUAL,265
2019-12-17T00:00:00-00:00,2019-12-17T01:00:00-00:00,0,2019-12-16,17,0,ACTUAL,PGE,Total Actual Hourly Integrated Load,SYS_FCST_ACT_MW,3.8,2902,ACTUAL,265
2019-12-17T04:00:00-00:00,2019-12-17T05:00:00-00:00,0,2019-12-16,21,0,ACTUAL,PGE,Total Actual Hourly Integrated Load,SYS_FCST_ACT_MW,3.8,3004,ACTUAL,265
2019-12-16T08:00:00-00:00,2019-12-16T09:00:00-00:00,0,2019-12-16,1,0,ACTUAL,PGE,Total Actual Hourly Integrated Load,SYS_FCST_ACT_MW,3.8,2192,ACTUAL,265
2019-12-16T23:00:00-00:00,2019-12-17T00:00:00-00:00,0,2019-12-16,16,0,ACTUAL,PGE,Total Actual Hourly Integrated Load,SYS_FCST_ACT_MW,3.8,2714,ACTUAL,265
2019-12-16T17:00:00-00:00,2019-12-16T18:00:00-00:00,0,2019-12-16,10,0,ACTUAL,PGE,Total Actual Hourly Integrated Load,SYS_FCST_ACT_MW,3.8,2991,ACTUAL,265
2019-12-17T01:00:00-00:00,2019-12-17T02:00:00-00:00,0,2019-12-16,18,0,ACTUAL,PGE,Total Actual Hourly Integrated Load,SYS_FCST_ACT_MW,3.8,3109,ACTUAL,265
2019-12-17T05:00:00-00:00,2019-12-17T06:00:00-00:00,0,2019-12-16,22,0,ACTUAL,PGE,Total Actual Hourly Integrated Load,SYS_FCST_ACT_MW,3.8,2839,ACTUAL,265
2019-12-17T02:00:00-00:00,2019-12-17T03:00:00-00:00,0,2019-12-16,19,0,ACTUAL,PGE,Total Actual Hourly Integrated Load,SYS_FCST_ACT_MW,3.8,3122,ACTUAL,265
2019-12-16T12:00:00-00:00,2019-12-16T13:00:00-00:00,0,2019-12-16,5,0,ACTUAL,PGE,Total Actual Hourly Integrated Load,SYS_FCST_ACT_MW,3.8,2266,ACTUAL,265
2019-12-16T19:00:00-00:00,2019-12-16T20:00:00-00:00,0,2019-12-16,12,0,ACTUAL,PGE,Total Actual Hourly Integrated Load,SYS_FCST_ACT_MW,3.8,2838,ACTUAL,265
2019-12-17T03:00:00-00:00,2019-12-17T04:00:00-00:00,0,2019-12-16,20,0,ACTUAL,PGE,Total Actual Hourly Integrated Load,SYS_FCST_ACT_MW,3.8,3078,ACTUAL,265
2019-12-16T09:00:00-00:00,2019-12-16T10:00:00-00:00,0,2019-12-16,2,0,ACTUAL,PGE,Total Actual Hourly Integrated Load,SYS_FCST_ACT_MW,3.8,2130,ACTUAL,265
2019-12-16T13:00:00-00:00,2019-12-16T14:00:00-00:00,0,2019-12-16,6,0,ACTUAL,PGE,Total Actual Hourly Integrated Load,SYS_FCST_ACT_MW,3.8,2511,ACTUAL,265
2019-12-16T15:00:00-00:00,2019-12-16T16:00:00-00:00,0,2019-12-16,8,0,ACTUAL,PGE,Total Actual Hourly Integrated Load,SYS_FCST_ACT_MW,3.8,3056,ACTUAL,265
2019-12-17T01:00:00-00:00,2019-12-17T02:00:00-00:00,0,2019-12-16,18,0,ACTUAL,PGE-TAC,Total Actual Hourly Integrated Load,SYS_FCST_ACT_MW,3.1,13672,ACTUAL,266
2019-12-17T02:00:00-00:00,2019-12-17T03:00:00-00:00,0,2019-12-16,19,0,ACTUAL,PGE-TAC,Total Actual Hourly Integrated Load,SYS_FCST_ACT_MW,3.1,13843,ACTUAL,266
2019-12-16T19:00:00-00:00,2019-12-16T20:00:00-00:00,0,2019-12-16,12,0,ACTUAL,PGE-TAC,Total Actual Hourly Integrated Load,SYS_FCST_ACT_MW,3.1,10401,ACTUAL,266
2019-12-16T14:00:00-00:00,2019-12-16T15:00:00-00:00,0,2019-12-16,7,0,ACTUAL,PGE-TAC,Total Actual Hourly Integrated Load,SYS_FCST_ACT_MW,3.1,11993,ACTUAL,266
2019-12-17T00:00:00-00:00,2019-12-17T01:00:00-00:00,0,2019-12-16,17,0,ACTUAL,PGE-TAC,Total Actual Hourly Integrated Load,SYS_FCST_ACT_MW,3.1,12476,ACTUAL,266
2019-12-16T13:00:00-00:00,2019-12-16T14:00:00-00:00,0,2019-12-16,6,0,ACTUAL,PGE-TAC,Total Actual Hourly Integrated Load,SYS_FCST_ACT_MW,3.1,10687,ACTUAL,266
2019-12-16T16:00:00-00:00,2019-12-16T17:00:00-00:00,0,2019-12-16,9,0,ACTUAL,PGE-TAC,Total Actual Hourly Integrated Load,SYS_FCST_ACT_MW,3.1,12130,ACTUAL,266
2019-12-16T23:00:00-00:00,2019-12-17T00:00:00-00:00,0,2019-12-16,16,0,ACTUAL,PGE-TAC,Total Actual Hourly Integrated Load,SYS_FCST_ACT_MW,3.1,11389,ACTUAL,266
2019-12-16T15:00:00-00:00,2019-12-16T16:00:00-00:00,0,2019-12-16,8,0,ACTUAL,PGE-TAC,Total Actual Hourly Integrated Load,SYS_FCST_ACT_MW,3.1,12720,ACTUAL,266
2019-12-16T12:00:00-00:00,2019-12-16T13:00:00-00:00,0,2019-12-16,5,0,ACTUAL,PGE-TAC,Total Actual Hourly Integrated Load,SYS_FCST_ACT_MW,3.1,9837,ACTUAL,266
2019-12-16T22:00:00-00:00,2019-12-16T23:00:00-00:00,0,2019-12-16,15,0,ACTUAL,PGE-TAC,Total Actual Hourly Integrated Load,SYS_FCST_ACT_MW,3.1,10678,ACTUAL,266
2019-12-16T10:00:00-00:00,2019-12-16T11:00:00-00:00,0,2019-12-16,3,0,ACTUAL,PGE-TAC,Total Actual Hourly Integrated Load,SYS_FCST_ACT_MW,3.1,9485,ACTUAL,266
2019-12-17T03:00:00-00:00,2019-12-17T04:00:00-00:00,0,2019-12-16,20,0,ACTUAL,PGE-TAC,Total Actual Hourly Integrated Load,SYS_FCST_ACT_MW,3.1,13670,ACTUAL,266
2019-12-16T20:00:00-00:00,2019-12-16T21:00:00-00:00,0,2019-12-16,13,0,ACTUAL,PGE-TAC,Total Actual Hourly Integrated Load,SYS_FCST_ACT_MW,3.1,10252,ACTUAL,266
2019-12-16T09:00:00-00:00,2019-12-16T10:00:00-00:00,0,2019-12-16,2,0,ACTUAL,PGE-TAC,Total Actual Hourly Integrated Load,SYS_FCST_ACT_MW,3.1,9652,ACTUAL,266
2019-12-16T21:00:00-00:00,2019-12-16T22:00:00-00:00,0,2019-12-16,14,0,ACTUAL,PGE-TAC,Total Actual Hourly Integrated Load,SYS_FCST_ACT_MW,3.1,10359,ACTUAL,266
2019-12-16T17:00:00-00:00,2019-12-16T18:00:00-00:00,0,2019-12-16,10,0,ACTUAL,PGE-TAC,Total Actual Hourly Integrated Load,SYS_FCST_ACT_MW,3.1,11460,ACTUAL,266
2019-12-16T18:00:00-00:00,2019-12-16T19:00:00-00:00,0,2019-12-16,11,0,ACTUAL,PGE-TAC,Total Actual Hourly Integrated Load,SYS_FCST_ACT_MW,3.1,10839,ACTUAL,266
2019-12-16T11:00:00-00:00,2019-12-16T12:00:00-00:00,0,2019-12-16,4,0,ACTUAL,PGE-TAC,Total Actual Hourly Integrated Load,SYS_FCST_ACT_MW,3.1,9504,ACTUAL,266
2019-12-16T08:00:00-00:00,2019-12-16T09:00:00-00:00,0,2019-12-16,1,0,ACTUAL,PGE-TAC,Total Actual Hourly Integrated Load,SYS_FCST_ACT_MW,3.1,9944,ACTUAL,266
2019-12-17T07:00:00-00:00,2019-12-17T08:00:00-00:00,0,2019-12-16,24,0,ACTUAL,PGE-TAC,Total Actual Hourly Integrated Load,SYS_FCST_ACT_MW,3.1,10874,ACTUAL,266
2019-12-17T06:00:00-00:00,2019-12-17T07:00:00-00:00,0,2019-12-16,23,0,ACTUAL,PGE-TAC,Total Actual Hourly Integrated Load,SYS_FCST_ACT_MW,3.1,11752,ACTUAL,266
2019-12-17T05:00:00-00:00,2019-12-17T06:00:00-00:00,0,2019-12-16,22,0,ACTUAL,PGE-TAC,Total Actual Hourly Integrated Load,SYS_FCST_ACT_MW,3.1,12715,ACTUAL,266
2019-12-17T04:00:00-00:00,2019-12-17T05:00:00-00:00,0,2019-12-16,21,0,ACTUAL,PGE-TAC,Total Actual Hourly Integrated Load,SYS_FCST_ACT_MW,3.1,13339,ACTUAL,266
2019-12-16T20:00:00-00:00,2019-12-16T21:00:00-00:00,0,2019-12-16,13,0,ACTUAL,PSEI,Total Actual Hourly Integrated Load,SYS_FCST_ACT_MW,3.8,3648,ACTUAL,267
2019-12-16T12:00:00-00:00,2019-12-16T13:00:00-00:00,0,2019-12-16,5,0,ACTUAL,PSEI,Total Actual Hourly Integrated Load,SYS_FCST_ACT_MW,3.8,2939,ACTUAL,267
2019-12-16T08:00:00-00:00,2019-12-16T09:00:00-00:00,0,2019-12-16,1,0,ACTUAL,PSEI,Total Actual Hourly Integrated Load,SYS_FCST_ACT_MW,3.8,2755,ACTUAL,267
2019-12-16T13:00:00-00:00,2019-12-16T14:00:00-00:00,0,2019-12-16,6,0,ACTUAL,PSEI,Total Actual Hourly Integrated Load,SYS_FCST_ACT_MW,3.8,3271,ACTUAL,267
2019-12-16T10:00:00-00:00,2019-12-16T11:00:00-00:00,0,2019-12-16,3,0,ACTUAL,PSEI,Total Actual Hourly Integrated Load,SYS_FCST_ACT_MW,3.8,2690,ACTUAL,267
2019-12-17T06:00:00-00:00,2019-12-17T07:00:00-00:00,0,2019-12-16,23,0,ACTUAL,PSEI,Total Actual Hourly Integrated Load,SYS_FCST_ACT_MW,3.8,3213,ACTUAL,267
2019-12-17T05:00:00-00:00,2019-12-17T06:00:00-00:00,0,2019-12-16,22,0,ACTUAL,PSEI,Total Actual Hourly Integrated Load,SYS_FCST_ACT_MW,3.8,3526,ACTUAL,267
2019-12-17T02:00:00-00:00,2019-12-17T03:00:00-00:00,0,2019-12-16,19,0,ACTUAL,PSEI,Total Actual Hourly Integrated Load,SYS_FCST_ACT_MW,3.8,3982,ACTUAL,267
2019-12-16T19:00:00-00:00,2019-12-16T20:00:00-00:00,0,2019-12-16,12,0,ACTUAL,PSEI,Total Actual Hourly Integrated Load,SYS_FCST_ACT_MW,3.8,3686,ACTUAL,267
2019-12-17T00:00:00-00:00,2019-12-17T01:00:00-00:00,0,2019-12-16,17,0,ACTUAL,PSEI,Total Actual Hourly Integrated Load,SYS_FCST_ACT_MW,3.8,3818,ACTUAL,267
2019-12-17T01:00:00-00:00,2019-12-17T02:00:00-00:00,0,2019-12-16,18,0,ACTUAL,PSEI,Total Actual Hourly Integrated Load,SYS_FCST_ACT_MW,3.8,4000,ACTUAL,267
2019-12-16T18:00:00-00:00,2019-12-16T19:00:00-00:00,0,2019-12-16,11,0,ACTUAL,PSEI,Total Actual Hourly Integrated Load,SYS_FCST_ACT_MW,3.8,3742,ACTUAL,267
2019-12-16T09:00:00-00:00,2019-12-16T10:00:00-00:00,0,2019-12-16,2,0,ACTUAL,PSEI,Total Actual Hourly Integrated Load,SYS_FCST_ACT_MW,3.8,2693,ACTUAL,267
2019-12-17T04:00:00-00:00,2019-12-17T05:00:00-00:00,0,2019-12-16,21,0,ACTUAL,PSEI,Total Actual Hourly Integrated Load,SYS_FCST_ACT_MW,3.8,3759,ACTUAL,267
2019-12-16T23:00:00-00:00,2019-12-17T00:00:00-00:00,0,2019-12-16,16,0,ACTUAL,PSEI,Total Actual Hourly Integrated Load,SYS_FCST_ACT_MW,3.8,3592,ACTUAL,267
2019-12-16T17:00:00-00:00,2019-12-16T18:00:00-00:00,0,2019-12-16,10,0,ACTUAL,PSEI,Total Actual Hourly Integrated Load,SYS_FCST_ACT_MW,3.8,3795,ACTUAL,267
2019-12-16T15:00:00-00:00,2019-12-16T16:00:00-00:00,0,2019-12-16,8,0,ACTUAL,PSEI,Total Actual Hourly Integrated Load,SYS_FCST_ACT_MW,3.8,3895,ACTUAL,267
2019-12-16T16:00:00-00:00,2019-12-16T17:00:00-00:00,0,2019-12-16,9,0,ACTUAL,PSEI,Total Actual Hourly Integrated Load,SYS_FCST_ACT_MW,3.8,3869,ACTUAL,267
2019-12-16T14:00:00-00:00,2019-12-16T15:00:00-00:00,0,2019-12-16,7,0,ACTUAL,PSEI,Total Actual Hourly Integrated Load,SYS_FCST_ACT_MW,3.8,3660,ACTUAL,267
2019-12-16T11:00:00-00:00,2019-12-16T12:00:00-00:00,0,2019-12-16,4,0,ACTUAL,PSEI,Total Actual Hourly Integrated Load,SYS_FCST_ACT_MW,3.8,2755,ACTUAL,267
2019-12-16T22:00:00-00:00,2019-12-16T23:00:00-00:00,0,2019-12-16,15,0,ACTUAL,PSEI,Total Actual Hourly Integrated Load,SYS_FCST_ACT_MW,3.8,3556,ACTUAL,267
2019-12-16T21:00:00-00:00,2019-12-16T22:00:00-00:00,0,2019-12-16,14,0,ACTUAL,PSEI,Total Actual Hourly Integrated Load,SYS_FCST_ACT_MW,3.8,3594,ACTUAL,267
2019-12-17T03:00:00-00:00,2019-12-17T04:00:00-00:00,0,2019-12-16,20,0,ACTUAL,PSEI,Total Actual Hourly Integrated Load,SYS_FCST_ACT_MW,3.8,3888,ACTUAL,267
2019-12-17T07:00:00-00:00,2019-12-17T08:00:00-00:00,0,2019-12-16,24,0,ACTUAL,PSEI,Total Actual Hourly Integrated Load,SYS_FCST_ACT_MW,3.8,2945,ACTUAL,267
2019-12-16T11:00:00-00:00,2019-12-16T12:00:00-00:00,0,2019-12-16,4,0,ACTUAL,SCE-TAC,Total Actual Hourly Integrated Load,SYS_FCST_ACT_MW,3.2,9251,ACTUAL,268
2019-12-17T01:00:00-00:00,2019-12-17T02:00:00-00:00,0,2019-12-16,18,0,ACTUAL,SCE-TAC,Total Actual Hourly Integrated Load,SYS_FCST_ACT_MW,3.2,13278,ACTUAL,268
2019-12-16T10:00:00-00:00,2019-12-16T11:00:00-00:00,0,2019-12-16,3,0,ACTUAL,SCE-TAC,Total Actual Hourly Integrated Load,SYS_FCST_ACT_MW,3.2,9195,ACTUAL,268
2019-12-16T14:00:00-00:00,2019-12-16T15:00:00-00:00,0,2019-12-16,7,0,ACTUAL,SCE-TAC,Total Actual Hourly Integrated Load,SYS_FCST_ACT_MW,3.2,11594,ACTUAL,268
2019-12-16T17:00:00-00:00,2019-12-16T18:00:00-00:00,0,2019-12-16,10,0,ACTUAL,SCE-TAC,Total Actual Hourly Integrated Load,SYS_FCST_ACT_MW,3.2,11460,ACTUAL,268
2019-12-16T23:00:00-00:00,2019-12-17T00:00:00-00:00,0,2019-12-16,16,0,ACTUAL,SCE-TAC,Total Actual Hourly Integrated Load,SYS_FCST_ACT_MW,3.2,11223,ACTUAL,268
2019-12-17T02:00:00-00:00,2019-12-17T03:00:00-00:00,0,2019-12-16,19,0,ACTUAL,SCE-TAC,Total Actual Hourly Integrated Load,SYS_FCST_ACT_MW,3.2,13425,ACTUAL,268
2019-12-17T04:00:00-00:00,2019-12-17T05:00:00-00:00,0,2019-12-16,21,0,ACTUAL,SCE-TAC,Total Actual Hourly Integrated Load,SYS_FCST_ACT_MW,3.2,13102,ACTUAL,268
2019-12-17T05:00:00-00:00,2019-12-17T06:00:00-00:00,0,2019-12-16,22,0,ACTUAL,SCE-TAC,Total Actual Hourly Integrated Load,SYS_FCST_ACT_MW,3.2,12586,ACTUAL,268
2019-12-16T13:00:00-00:00,2019-12-16T14:00:00-00:00,0,2019-12-16,6,0,ACTUAL,SCE-TAC,Total Actual Hourly Integrated Load,SYS_FCST_ACT_MW,3.2,10453,ACTUAL,268
2019-12-16T09:00:00-00:00,2019-12-16T10:00:00-00:00,0,2019-12-16,2,0,ACTUAL,SCE-TAC,Total Actual Hourly Integrated Load,SYS_FCST_ACT_MW,3.2,9317,ACTUAL,268
2019-12-16T19:00:00-00:00,2019-12-16T20:00:00-00:00,0,2019-12-16,12,0,ACTUAL,SCE-TAC,Total Actual Hourly Integrated Load,SYS_FCST_ACT_MW,3.2,10861,ACTUAL,268
2019-12-17T07:00:00-00:00,2019-12-17T08:00:00-00:00,0,2019-12-16,24,0,ACTUAL,SCE-TAC,Total Actual Hourly Integrated Load,SYS_FCST_ACT_MW,3.2,10878,ACTUAL,268
2019-12-16T22:00:00-00:00,2019-12-16T23:00:00-00:00,0,2019-12-16,15,0,ACTUAL,SCE-TAC,Total Actual Hourly Integrated Load,SYS_FCST_ACT_MW,3.2,10858,ACTUAL,268
2019-12-17T06:00:00-00:00,2019-12-17T07:00:00-00:00,0,2019-12-16,23,0,ACTUAL,SCE-TAC,Total Actual Hourly Integrated Load,SYS_FCST_ACT_MW,3.2,11741,ACTUAL,268
2019-12-16T16:00:00-00:00,2019-12-16T17:00:00-00:00,0,2019-12-16,9,0,ACTUAL,SCE-TAC,Total Actual Hourly Integrated Load,SYS_FCST_ACT_MW,3.2,11808,ACTUAL,268
2019-12-16T18:00:00-00:00,2019-12-16T19:00:00-00:00,0,2019-12-16,11,0,ACTUAL,SCE-TAC,Total Actual Hourly Integrated Load,SYS_FCST_ACT_MW,3.2,11160,ACTUAL,268
2019-12-16T20:00:00-00:00,2019-12-16T21:00:00-00:00,0,2019-12-16,13,0,ACTUAL,SCE-TAC,Total Actual Hourly Integrated Load,SYS_FCST_ACT_MW,3.2,10754,ACTUAL,268
2019-12-17T00:00:00-00:00,2019-12-17T01:00:00-00:00,0,2019-12-16,17,0,ACTUAL,SCE-TAC,Total Actual Hourly Integrated Load,SYS_FCST_ACT_MW,3.2,12066,ACTUAL,268
2019-12-16T08:00:00-00:00,2019-12-16T09:00:00-00:00,0,2019-12-16,1,0,ACTUAL,SCE-TAC,Total Actual Hourly Integrated Load,SYS_FCST_ACT_MW,3.2,9602,ACTUAL,268
2019-12-16T15:00:00-00:00,2019-12-16T16:00:00-00:00,0,2019-12-16,8,0,ACTUAL,SCE-TAC,Total Actual Hourly Integrated Load,SYS_FCST_ACT_MW,3.2,11997,ACTUAL,268
2019-12-16T21:00:00-00:00,2019-12-16T22:00:00-00:00,0,2019-12-16,14,0,ACTUAL,SCE-TAC,Total Actual Hourly Integrated Load,SYS_FCST_ACT_MW,3.2,10764,ACTUAL,268
2019-12-17T03:00:00-00:00,2019-12-17T04:00:00-00:00,0,2019-12-16,20,0,ACTUAL,SCE-TAC,Total Actual Hourly Integrated Load,SYS_FCST_ACT_MW,3.2,13328,ACTUAL,268
2019-12-16T12:00:00-00:00,2019-12-16T13:00:00-00:00,0,2019-12-16,5,0,ACTUAL,SCE-TAC,Total Actual Hourly Integrated Load,SYS_FCST_ACT_MW,3.2,9618,ACTUAL,268
2019-12-16T19:00:00-00:00,2019-12-16T20:00:00-00:00,0,2019-12-16,12,0,ACTUAL,SCL,Total Actual Hourly Integrated Load,SYS_FCST_ACT_MW,3.8,1416,ACTUAL,269
2019-12-16T22:00:00-00:00,2019-12-16T23:00:00-00:00,0,2019-12-16,15,0,ACTUAL,SCL,Total Actual Hourly Integrated Load,SYS_FCST_ACT_MW,3.8,1370,ACTUAL,269
2019-12-16T08:00:00-00:00,2019-12-16T09:00:00-00:00,0,2019-12-16,1,0,ACTUAL,SCL,Total Actual Hourly Integrated Load,SYS_FCST_ACT_MW,3.8,1016,ACTUAL,269
2019-12-16T09:00:00-00:00,2019-12-16T10:00:00-00:00,0,2019-12-16,2,0,ACTUAL,SCL,Total Actual Hourly Integrated Load,SYS_FCST_ACT_MW,3.8,980,ACTUAL,269
2019-12-16T12:00:00-00:00,2019-12-16T13:00:00-00:00,0,2019-12-16,5,0,ACTUAL,SCL,Total Actual Hourly Integrated Load,SYS_FCST_ACT_MW,3.8,1056,ACTUAL,269
2019-12-16T13:00:00-00:00,2019-12-16T14:00:00-00:00,0,2019-12-16,6,0,ACTUAL,SCL,Total Actual Hourly Integrated Load,SYS_FCST_ACT_MW,3.8,1183,ACTUAL,269
2019-12-16T14:00:00-00:00,2019-12-16T15:00:00-00:00,0,2019-12-16,7,0,ACTUAL,SCL,Total Actual Hourly Integrated Load,SYS_FCST_ACT_MW,3.8,1363,ACTUAL,269
2019-12-17T05:00:00-00:00,2019-12-17T06:00:00-00:00,0,2019-12-16,22,0,ACTUAL,SCL,Total Actual Hourly Integrated Load,SYS_FCST_ACT_MW,3.8,1292,ACTUAL,269
2019-12-17T06:00:00-00:00,2019-12-17T07:00:00-00:00,0,2019-12-16,23,0,ACTUAL,SCL,Total Actual Hourly Integrated Load,SYS_FCST_ACT_MW,3.8,1184,ACTUAL,269
2019-12-16T23:00:00-00:00,2019-12-17T00:00:00-00:00,0,2019-12-16,16,0,ACTUAL,SCL,Total Actual Hourly Integrated Load,SYS_FCST_ACT_MW,3.8,1369,ACTUAL,269
2019-12-17T02:00:00-00:00,2019-12-17T03:00:00-00:00,0,2019-12-16,19,0,ACTUAL,SCL,Total Actual Hourly Integrated Load,SYS_FCST_ACT_MW,3.8,1442,ACTUAL,269
2019-12-17T07:00:00-00:00,2019-12-17T08:00:00-00:00,0,2019-12-16,24,0,ACTUAL,SCL,Total Actual Hourly Integrated Load,SYS_FCST_ACT_MW,3.8,1087,ACTUAL,269
2019-12-16T10:00:00-00:00,2019-12-16T11:00:00-00:00,0,2019-12-16,3,0,ACTUAL,SCL,Total Actual Hourly Integrated Load,SYS_FCST_ACT_MW,3.8,973,ACTUAL,269
2019-12-17T03:00:00-00:00,2019-12-17T04:00:00-00:00,0,2019-12-16,20,0,ACTUAL,SCL,Total Actual Hourly Integrated Load,SYS_FCST_ACT_MW,3.8,1408,ACTUAL,269
2019-12-17T04:00:00-00:00,2019-12-17T05:00:00-00:00,0,2019-12-16,21,0,ACTUAL,SCL,Total Actual Hourly Integrated Load,SYS_FCST_ACT_MW,3.8,1365,ACTUAL,269
2019-12-16T15:00:00-00:00,2019-12-16T16:00:00-00:00,0,2019-12-16,8,0,ACTUAL,SCL,Total Actual Hourly Integrated Load,SYS_FCST_ACT_MW,3.8,1486,ACTUAL,269
2019-12-16T11:00:00-00:00,2019-12-16T12:00:00-00:00,0,2019-12-16,4,0,ACTUAL,SCL,Total Actual Hourly Integrated Load,SYS_FCST_ACT_MW,3.8,994,ACTUAL,269
2019-12-16T17:00:00-00:00,2019-12-16T18:00:00-00:00,0,2019-12-16,10,0,ACTUAL,SCL,Total Actual Hourly Integrated Load,SYS_FCST_ACT_MW,3.8,1450,ACTUAL,269
2019-12-16T20:00:00-00:00,2019-12-16T21:00:00-00:00,0,2019-12-16,13,0,ACTUAL,SCL,Total Actual Hourly Integrated Load,SYS_FCST_ACT_MW,3.8,1404,ACTUAL,269
2019-12-16T21:00:00-00:00,2019-12-16T22:00:00-00:00,0,2019-12-16,14,0,ACTUAL,SCL,Total Actual Hourly Integrated Load,SYS_FCST_ACT_MW,3.8,1388,ACTUAL,269
2019-12-17T00:00:00-00:00,2019-12-17T01:00:00-00:00,0,2019-12-16,17,0,ACTUAL,SCL,Total Actual Hourly Integrated Load,SYS_FCST_ACT_MW,3.8,1419,ACTUAL,269
2019-12-17T01:00:00-00:00,2019-12-17T02:00:00-00:00,0,2019-12-16,18,0,ACTUAL,SCL,Total Actual Hourly Integrated Load,SYS_FCST_ACT_MW,3.8,1463,ACTUAL,269
2019-12-16T16:00:00-00:00,2019-12-16T17:00:00-00:00,0,2019-12-16,9,0,ACTUAL,SCL,Total Actual Hourly Integrated Load,SYS_FCST_ACT_MW,3.8,1476,ACTUAL,269
2019-12-16T18:00:00-00:00,2019-12-16T19:00:00-00:00,0,2019-12-16,11,0,ACTUAL,SCL,Total Actual Hourly Integrated Load,SYS_FCST_ACT_MW,3.8,1433,ACTUAL,269
2019-12-16T15:00:00-00:00,2019-12-16T16:00:00-00:00,0,2019-12-16,8,0,ACTUAL,SDGE-TAC,Total Actual Hourly Integrated Load,SYS_FCST_ACT_MW,3.4,2511,ACTUAL,270
2019-12-16T08:00:00-00:00,2019-12-16T09:00:00-00:00,0,2019-12-16,1,0,ACTUAL,SDGE-TAC,Total Actual Hourly Integrated Load,SYS_FCST_ACT_MW,3.4,1939,ACTUAL,270
2019-12-17T05:00:00-00:00,2019-12-17T06:00:00-00:00,0,2019-12-16,22,0,ACTUAL,SDGE-TAC,Total Actual Hourly Integrated Load,SYS_FCST_ACT_MW,3.4,2612,ACTUAL,270
2019-12-16T21:00:00-00:00,2019-12-16T22:00:00-00:00,0,2019-12-16,14,0,ACTUAL,SDGE-TAC,Total Actual Hourly Integrated Load,SYS_FCST_ACT_MW,3.4,1968,ACTUAL,270
2019-12-16T17:00:00-00:00,2019-12-16T18:00:00-00:00,0,2019-12-16,10,0,ACTUAL,SDGE-TAC,Total Actual Hourly Integrated Load,SYS_FCST_ACT_MW,3.4,2166,ACTUAL,270
2019-12-16T16:00:00-00:00,2019-12-16T17:00:00-00:00,0,2019-12-16,9,0,ACTUAL,SDGE-TAC,Total Actual Hourly Integrated Load,SYS_FCST_ACT_MW,3.4,2350,ACTUAL,270
2019-12-16T10:00:00-00:00,2019-12-16T11:00:00-00:00,0,2019-12-16,3,0,ACTUAL,SDGE-TAC,Total Actual Hourly Integrated Load,SYS_FCST_ACT_MW,3.4,1834,ACTUAL,270
2019-12-17T04:00:00-00:00,2019-12-17T05:00:00-00:00,0,2019-12-16,21,0,ACTUAL,SDGE-TAC,Total Actual Hourly Integrated Load,SYS_FCST_ACT_MW,3.4,2778,ACTUAL,270
2019-12-16T22:00:00-00:00,2019-12-16T23:00:00-00:00,0,2019-12-16,15,0,ACTUAL,SDGE-TAC,Total Actual Hourly Integrated Load,SYS_FCST_ACT_MW,3.4,2098,ACTUAL,270
2019-12-16T23:00:00-00:00,2019-12-17T00:00:00-00:00,0,2019-12-16,16,0,ACTUAL,SDGE-TAC,Total Actual Hourly Integrated Load,SYS_FCST_ACT_MW,3.4,2304,ACTUAL,270
2019-12-16T20:00:00-00:00,2019-12-16T21:00:00-00:00,0,2019-12-16,13,0,ACTUAL,SDGE-TAC,Total Actual Hourly Integrated Load,SYS_FCST_ACT_MW,3.4,1903,ACTUAL,270
2019-12-16T09:00:00-00:00,2019-12-16T10:00:00-00:00,0,2019-12-16,2,0,ACTUAL,SDGE-TAC,Total Actual Hourly Integrated Load,SYS_FCST_ACT_MW,3.4,1876,ACTUAL,270
2019-12-17T07:00:00-00:00,2019-12-17T08:00:00-00:00,0,2019-12-16,24,0,ACTUAL,SDGE-TAC,Total Actual Hourly Integrated Load,SYS_FCST_ACT_MW,3.4,2160,ACTUAL,270
2019-12-16T12:00:00-00:00,2019-12-16T13:00:00-00:00,0,2019-12-16,5,0,ACTUAL,SDGE-TAC,Total Actual Hourly Integrated Load,SYS_FCST_ACT_MW,3.4,1917,ACTUAL,270
2019-12-17T06:00:00-00:00,2019-12-17T07:00:00-00:00,0,2019-12-16,23,0,ACTUAL,SDGE-TAC,Total Actual Hourly Integrated Load,SYS_FCST_ACT_MW,3.4,2366,ACTUAL,270
2019-12-16T13:00:00-00:00,2019-12-16T14:00:00-00:00,0,2019-12-16,6,0,ACTUAL,SDGE-TAC,Total Actual Hourly Integrated Load,SYS_FCST_ACT_MW,3.4,2118,ACTUAL,270
2019-12-17T03:00:00-00:00,2019-12-17T04:00:00-00:00,0,2019-12-16,20,0,ACTUAL,SDGE-TAC,Total Actual Hourly Integrated Load,SYS_FCST_ACT_MW,3.4,2876,ACTUAL,270
2019-12-17T02:00:00-00:00,2019-12-17T03:00:00-00:00,0,2019-12-16,19,0,ACTUAL,SDGE-TAC,Total Actual Hourly Integrated Load,SYS_FCST_ACT_MW,3.4,2942,ACTUAL,270
2019-12-17T01:00:00-00:00,2019-12-17T02:00:00-00:00,0,2019-12-16,18,0,ACTUAL,SDGE-TAC,Total Actual Hourly Integrated Load,SYS_FCST_ACT_MW,3.4,2912,ACTUAL,270
2019-12-17T00:00:00-00:00,2019-12-17T01:00:00-00:00,0,2019-12-16,17,0,ACTUAL,SDGE-TAC,Total Actual Hourly Integrated Load,SYS_FCST_ACT_MW,3.4,2590,ACTUAL,270
2019-12-16T19:00:00-00:00,2019-12-16T20:00:00-00:00,0,2019-12-16,12,0,ACTUAL,SDGE-TAC,Total Actual Hourly Integrated Load,SYS_FCST_ACT_MW,3.4,1919,ACTUAL,270
2019-12-16T11:00:00-00:00,2019-12-16T12:00:00-00:00,0,2019-12-16,4,0,ACTUAL,SDGE-TAC,Total Actual Hourly Integrated Load,SYS_FCST_ACT_MW,3.4,1833,ACTUAL,270
2019-12-16T14:00:00-00:00,2019-12-16T15:00:00-00:00,0,2019-12-16,7,0,ACTUAL,SDGE-TAC,Total Actual Hourly Integrated Load,SYS_FCST_ACT_MW,3.4,2408,ACTUAL,270
2019-12-16T18:00:00-00:00,2019-12-16T19:00:00-00:00,0,2019-12-16,11,0,ACTUAL,SDGE-TAC,Total Actual Hourly Integrated Load,SYS_FCST_ACT_MW,3.4,2021,ACTUAL,270
2019-12-17T05:00:00-00:00,2019-12-17T06:00:00-00:00,0,2019-12-16,22,0,ACTUAL,SRP,Total Actual Hourly Integrated Load,SYS_FCST_ACT_MW,3.8,3075,ACTUAL,271
2019-12-17T03:00:00-00:00,2019-12-17T04:00:00-00:00,0,2019-12-16,20,0,ACTUAL,SRP,Total Actual Hourly Integrated Load,SYS_FCST_ACT_MW,3.8,3350,ACTUAL,271
2019-12-16T20:00:00-00:00,2019-12-16T21:00:00-00:00,0,2019-12-16,13,0,ACTUAL,SRP,Total Actual Hourly Integrated Load,SYS_FCST_ACT_MW,3.8,2665,ACTUAL,271
2019-12-16T12:00:00-00:00,2019-12-16T13:00:00-00:00,0,2019-12-16,5,0,ACTUAL,SRP,Total Actual Hourly Integrated Load,SYS_FCST_ACT_MW,3.8,2977,ACTUAL,271
2019-12-16T10:00:00-00:00,2019-12-16T11:00:00-00:00,0,2019-12-16,3,0,ACTUAL,SRP,Total Actual Hourly Integrated Load,SYS_FCST_ACT_MW,3.8,2547,ACTUAL,271
2019-12-16T15:00:00-00:00,2019-12-16T16:00:00-00:00,0,2019-12-16,8,0,ACTUAL,SRP,Total Actual Hourly Integrated Load,SYS_FCST_ACT_MW,3.8,3286,ACTUAL,271
2019-12-16T14:00:00-00:00,2019-12-16T15:00:00-00:00,0,2019-12-16,7,0,ACTUAL,SRP,Total Actual Hourly Integrated Load,SYS_FCST_ACT_MW,3.8,3449,ACTUAL,271
2019-12-16T11:00:00-00:00,2019-12-16T12:00:00-00:00,0,2019-12-16,4,0,ACTUAL,SRP,Total Actual Hourly Integrated Load,SYS_FCST_ACT_MW,3.8,2703,ACTUAL,271
2019-12-16T08:00:00-00:00,2019-12-16T09:00:00-00:00,0,2019-12-16,1,0,ACTUAL,SRP,Total Actual Hourly Integrated Load,SYS_FCST_ACT_MW,3.8,2495,ACTUAL,271
2019-12-16T16:00:00-00:00,2019-12-16T17:00:00-00:00,0,2019-12-16,9,0,ACTUAL,SRP,Total Actual Hourly Integrated Load,SYS_FCST_ACT_MW,3.8,3133,ACTUAL,271
2019-12-17T06:00:00-00:00,2019-12-17T07:00:00-00:00,0,2019-12-16,23,0,ACTUAL,SRP,Total Actual Hourly Integrated Load,SYS_FCST_ACT_MW,3.8,2889,ACTUAL,271
2019-12-17T04:00:00-00:00,2019-12-17T05:00:00-00:00,0,2019-12-16,21,0,ACTUAL,SRP,Total Actual Hourly Integrated Load,SYS_FCST_ACT_MW,3.8,3276,ACTUAL,271
2019-12-16T18:00:00-00:00,2019-12-16T19:00:00-00:00,0,2019-12-16,11,0,ACTUAL,SRP,Total Actual Hourly Integrated Load,SYS_FCST_ACT_MW,3.8,2825,ACTUAL,271
2019-12-16T09:00:00-00:00,2019-12-16T10:00:00-00:00,0,2019-12-16,2,0,ACTUAL,SRP,Total Actual Hourly Integrated Load,SYS_FCST_ACT_MW,3.8,2493,ACTUAL,271
2019-12-17T02:00:00-00:00,2019-12-17T03:00:00-00:00,0,2019-12-16,19,0,ACTUAL,SRP,Total Actual Hourly Integrated Load,SYS_FCST_ACT_MW,3.8,3349,ACTUAL,271
2019-12-17T00:00:00-00:00,2019-12-17T01:00:00-00:00,0,2019-12-16,17,0,ACTUAL,SRP,Total Actual Hourly Integrated Load,SYS_FCST_ACT_MW,3.8,3047,ACTUAL,271
2019-12-17T07:00:00-00:00,2019-12-17T08:00:00-00:00,0,2019-12-16,24,0,ACTUAL,SRP,Total Actual Hourly Integrated Load,SYS_FCST_ACT_MW,3.8,2781,ACTUAL,271
2019-12-17T01:00:00-00:00,2019-12-17T02:00:00-00:00,0,2019-12-16,18,0,ACTUAL,SRP,Total Actual Hourly Integrated Load,SYS_FCST_ACT_MW,3.8,3294,ACTUAL,271
2019-12-16T23:00:00-00:00,2019-12-17T00:00:00-00:00,0,2019-12-16,16,0,ACTUAL,SRP,Total Actual Hourly Integrated Load,SYS_FCST_ACT_MW,3.8,2755,ACTUAL,271
2019-12-16T22:00:00-00:00,2019-12-16T23:00:00-00:00,0,2019-12-16,15,0,ACTUAL,SRP,Total Actual Hourly Integrated Load,SYS_FCST_ACT_MW,3.8,2634,ACTUAL,271
2019-12-16T13:00:00-00:00,2019-12-16T14:00:00-00:00,0,2019-12-16,6,0,ACTUAL,SRP,Total Actual Hourly Integrated Load,SYS_FCST_ACT_MW,3.8,3349,ACTUAL,271
2019-12-16T17:00:00-00:00,2019-12-16T18:00:00-00:00,0,2019-12-16,10,0,ACTUAL,SRP,Total Actual Hourly Integrated Load,SYS_FCST_ACT_MW,3.8,2960,ACTUAL,271
2019-12-16T19:00:00-00:00,2019-12-16T20:00:00-00:00,0,2019-12-16,12,0,ACTUAL,SRP,Total Actual Hourly Integrated Load,SYS_FCST_ACT_MW,3.8,2734,ACTUAL,271
2019-12-16T21:00:00-00:00,2019-12-16T22:00:00-00:00,0,2019-12-16,14,0,ACTUAL,SRP,Total Actual Hourly Integrated Load,SYS_FCST_ACT_MW,3.8,2635,ACTUAL,271
2019-12-16T23:00:00-00:00,2019-12-17T00:00:00-00:00,0,2019-12-16,16,0,ACTUAL,VEA-TAC,Total Actual Hourly Integrated Load,SYS_FCST_ACT_MW,3.5,66,ACTUAL,272
2019-12-16T22:00:00-00:00,2019-12-16T23:00:00-00:00,0,2019-12-16,15,0,ACTUAL,VEA-TAC,Total Actual Hourly Integrated Load,SYS_FCST_ACT_MW,3.5,64,ACTUAL,272
2019-12-16T21:00:00-00:00,2019-12-16T22:00:00-00:00,0,2019-12-16,14,0,ACTUAL,VEA-TAC,Total Actual Hourly Integrated Load,SYS_FCST_ACT_MW,3.5,65,ACTUAL,272
2019-12-17T00:00:00-00:00,2019-12-17T01:00:00-00:00,0,2019-12-16,17,0,ACTUAL,VEA-TAC,Total Actual Hourly Integrated Load,SYS_FCST_ACT_MW,3.5,78,ACTUAL,272
2019-12-17T01:00:00-00:00,2019-12-17T02:00:00-00:00,0,2019-12-16,18,0,ACTUAL,VEA-TAC,Total Actual Hourly Integrated Load,SYS_FCST_ACT_MW,3.5,89,ACTUAL,272
2019-12-17T04:00:00-00:00,2019-12-17T05:00:00-00:00,0,2019-12-16,21,0,ACTUAL,VEA-TAC,Total Actual Hourly Integrated Load,SYS_FCST_ACT_MW,3.5,95,ACTUAL,272
2019-12-16T10:00:00-00:00,2019-12-16T11:00:00-00:00,0,2019-12-16,3,0,ACTUAL,VEA-TAC,Total Actual Hourly Integrated Load,SYS_FCST_ACT_MW,3.5,79,ACTUAL,272
2019-12-16T12:00:00-00:00,2019-12-16T13:00:00-00:00,0,2019-12-16,5,0,ACTUAL,VEA-TAC,Total Actual Hourly Integrated Load,SYS_FCST_ACT_MW,3.5,89,ACTUAL,272
2019-12-16T18:00:00-00:00,2019-12-16T19:00:00-00:00,0,2019-12-16,11,0,ACTUAL,VEA-TAC,Total Actual Hourly Integrated Load,SYS_FCST_ACT_MW,3.5,79,ACTUAL,272
2019-12-17T03:00:00-00:00,2019-12-17T04:00:00-00:00,0,2019-12-16,20,0,ACTUAL,VEA-TAC,Total Actual Hourly Integrated Load,SYS_FCST_ACT_MW,3.5,94,ACTUAL,272
2019-12-17T07:00:00-00:00,2019-12-17T08:00:00-00:00,0,2019-12-16,24,0,ACTUAL,VEA-TAC,Total Actual Hourly Integrated Load,SYS_FCST_ACT_MW,3.5,89,ACTUAL,272
2019-12-16T09:00:00-00:00,2019-12-16T10:00:00-00:00,0,2019-12-16,2,0,ACTUAL,VEA-TAC,Total Actual Hourly Integrated Load,SYS_FCST_ACT_MW,3.5,77,ACTUAL,272
2019-12-16T11:00:00-00:00,2019-12-16T12:00:00-00:00,0,2019-12-16,4,0,ACTUAL,VEA-TAC,Total Actual Hourly Integrated Load,SYS_FCST_ACT_MW,3.5,82,ACTUAL,272
2019-12-16T16:00:00-00:00,2019-12-16T17:00:00-00:00,0,2019-12-16,9,0,ACTUAL,VEA-TAC,Total Actual Hourly Integrated Load,SYS_FCST_ACT_MW,3.5,97,ACTUAL,272
2019-12-17T05:00:00-00:00,2019-12-17T06:00:00-00:00,0,2019-12-16,22,0,ACTUAL,VEA-TAC,Total Actual Hourly Integrated Load,SYS_FCST_ACT_MW,3.5,94,ACTUAL,272
2019-12-16T17:00:00-00:00,2019-12-16T18:00:00-00:00,0,2019-12-16,10,0,ACTUAL,VEA-TAC,Total Actual Hourly Integrated Load,SYS_FCST_ACT_MW,3.5,87,ACTUAL,272
2019-12-16T19:00:00-00:00,2019-12-16T20:00:00-00:00,0,2019-12-16,12,0,ACTUAL,VEA-TAC,Total Actual Hourly Integrated Load,SYS_FCST_ACT_MW,3.5,74,ACTUAL,272
2019-12-17T02:00:00-00:00,2019-12-17T03:00:00-00:00,0,2019-12-16,19,0,ACTUAL,VEA-TAC,Total Actual Hourly Integrated Load,SYS_FCST_ACT_MW,3.5,92,ACTUAL,272
2019-12-17T06:00:00-00:00,2019-12-17T07:00:00-00:00,0,2019-12-16,23,0,ACTUAL,VEA-TAC,Total Actual Hourly Integrated Load,SYS_FCST_ACT_MW,3.5,91,ACTUAL,272
2019-12-16T08:00:00-00:00,2019-12-16T09:00:00-00:00,0,2019-12-16,1,0,ACTUAL,VEA-TAC,Total Actual Hourly Integrated Load,SYS_FCST_ACT_MW,3.5,76,ACTUAL,272
2019-12-16T13:00:00-00:00,2019-12-16T14:00:00-00:00,0,2019-12-16,6,0,ACTUAL,VEA-TAC,Total Actual Hourly Integrated Load,SYS_FCST_ACT_MW,3.5,98,ACTUAL,272
2019-12-16T15:00:00-00:00,2019-12-16T16:00:00-00:00,0,2019-12-16,8,0,ACTUAL,VEA-TAC,Total Actual Hourly Integrated Load,SYS_FCST_ACT_MW,3.5,107,ACTUAL,272
2019-12-16T20:00:00-00:00,2019-12-16T21:00:00-00:00,0,2019-12-16,13,0,ACTUAL,VEA-TAC,Total Actual Hourly Integrated Load,SYS_FCST_ACT_MW,3.5,69,ACTUAL,272
2019-12-16T14:00:00-00:00,2019-12-16T15:00:00-00:00,0,2019-12-16,7,0,ACTUAL,VEA-TAC,Total Actual Hourly Integrated Load,SYS_FCST_ACT_MW,3.5,108,ACTUAL,272
2019-12-17T11:00:00-00:00,2019-12-17T12:00:00-00:00,0,2019-12-17,4,0,ACTUAL,AZPS,Total Actual Hourly Integrated Load,SYS_FCST_ACT_MW,3.8,3122,ACTUAL,273
2019-12-17T10:00:00-00:00,2019-12-17T11:00:00-00:00,0,2019-12-17,3,0,ACTUAL,AZPS,Total Actual Hourly Integrated Load,SYS_FCST_ACT_MW,3.8,2990,ACTUAL,273
2019-12-17T20:00:00-00:00,2019-12-17T21:00:00-00:00,0,2019-12-17,13,0,ACTUAL,AZPS,Total Actual Hourly Integrated Load,SYS_FCST_ACT_MW,3.8,2503,ACTUAL,273
2019-12-18T00:00:00-00:00,2019-12-18T01:00:00-00:00,0,2019-12-17,17,0,ACTUAL,AZPS,Total Actual Hourly Integrated Load,SYS_FCST_ACT_MW,3.8,3301,ACTUAL,273
2019-12-18T05:00:00-00:00,2019-12-18T06:00:00-00:00,0,2019-12-17,22,0,ACTUAL,AZPS,Total Actual Hourly Integrated Load,SYS_FCST_ACT_MW,3.8,3260,ACTUAL,273
2019-12-18T07:00:00-00:00,2019-12-18T08:00:00-00:00,0,2019-12-17,24,0,ACTUAL,AZPS,Total Actual Hourly Integrated Load,SYS_FCST_ACT_MW,3.8,2951,ACTUAL,273
2019-12-17T16:00:00-00:00,2019-12-17T17:00:00-00:00,0,2019-12-17,9,0,ACTUAL,AZPS,Total Actual Hourly Integrated Load,SYS_FCST_ACT_MW,3.8,3210,ACTUAL,273
2019-12-17T17:00:00-00:00,2019-12-17T18:00:00-00:00,0,2019-12-17,10,0,ACTUAL,AZPS,Total Actual Hourly Integrated Load,SYS_FCST_ACT_MW,3.8,2920,ACTUAL,273
2019-12-17T12:00:00-00:00,2019-12-17T13:00:00-00:00,0,2019-12-17,5,0,ACTUAL,AZPS,Total Actual Hourly Integrated Load,SYS_FCST_ACT_MW,3.8,3405,ACTUAL,273
2019-12-17T19:00:00-00:00,2019-12-17T20:00:00-00:00,0,2019-12-17,12,0,ACTUAL,AZPS,Total Actual Hourly Integrated Load,SYS_FCST_ACT_MW,3.8,2566,ACTUAL,273
2019-12-17T22:00:00-00:00,2019-12-17T23:00:00-00:00,0,2019-12-17,15,0,ACTUAL,AZPS,Total Actual Hourly Integrated Load,SYS_FCST_ACT_MW,3.8,2622,ACTUAL,273
2019-12-18T06:00:00-00:00,2019-12-18T07:00:00-00:00,0,2019-12-17,23,0,ACTUAL,AZPS,Total Actual Hourly Integrated Load,SYS_FCST_ACT_MW,3.8,3062,ACTUAL,273
2019-12-17T08:00:00-00:00,2019-12-17T09:00:00-00:00,0,2019-12-17,1,0,ACTUAL,AZPS,Total Actual Hourly Integrated Load,SYS_FCST_ACT_MW,3.8,2942,ACTUAL,273
2019-12-17T14:00:00-00:00,2019-12-17T15:00:00-00:00,0,2019-12-17,7,0,ACTUAL,AZPS,Total Actual Hourly Integrated Load,SYS_FCST_ACT_MW,3.8,3861,ACTUAL,273
2019-12-18T03:00:00-00:00,2019-12-18T04:00:00-00:00,0,2019-12-17,20,0,ACTUAL,AZPS,Total Actual Hourly Integrated Load,SYS_FCST_ACT_MW,3.8,3590,ACTUAL,273
2019-12-18T02:00:00-00:00,2019-12-18T03:00:00-00:00,0,2019-12-17,19,0,ACTUAL,AZPS,Total Actual Hourly Integrated Load,SYS_FCST_ACT_MW,3.8,3576,ACTUAL,273
2019-12-18T04:00:00-00:00,2019-12-18T05:00:00-00:00,0,2019-12-17,21,0,ACTUAL,AZPS,Total Actual Hourly Integrated Load,SYS_FCST_ACT_MW,3.8,3473,ACTUAL,273
2019-12-17T15:00:00-00:00,2019-12-17T16:00:00-00:00,0,2019-12-17,8,0,ACTUAL,AZPS,Total Actual Hourly Integrated Load,SYS_FCST_ACT_MW,3.8,3583,ACTUAL,273
2019-12-17T23:00:00-00:00,2019-12-18T00:00:00-00:00,0,2019-12-17,16,0,ACTUAL,AZPS,Total Actual Hourly Integrated Load,SYS_FCST_ACT_MW,3.8,2880,ACTUAL,273
2019-12-18T01:00:00-00:00,2019-12-18T02:00:00-00:00,0,2019-12-17,18,0,ACTUAL,AZPS,Total Actual Hourly Integrated Load,SYS_FCST_ACT_MW,3.8,3538,ACTUAL,273
2019-12-17T13:00:00-00:00,2019-12-17T14:00:00-00:00,0,2019-12-17,6,0,ACTUAL,AZPS,Total Actual Hourly Integrated Load,SYS_FCST_ACT_MW,3.8,3773,ACTUAL,273
2019-12-17T21:00:00-00:00,2019-12-17T22:00:00-00:00,0,2019-12-17,14,0,ACTUAL,AZPS,Total Actual Hourly Integrated Load,SYS_FCST_ACT_MW,3.8,2514,ACTUAL,273
2019-12-17T09:00:00-00:00,2019-12-17T10:00:00-00:00,0,2019-12-17,2,0,ACTUAL,AZPS,Total Actual Hourly Integrated Load,SYS_FCST_ACT_MW,3.8,2945,ACTUAL,273
2019-12-17T18:00:00-00:00,2019-12-17T19:00:00-00:00,0,2019-12-17,11,0,ACTUAL,AZPS,Total Actual Hourly Integrated Load,SYS_FCST_ACT_MW,3.8,2702,ACTUAL,273
2019-12-17T09:00:00-00:00,2019-12-17T10:00:00-00:00,0,2019-12-17,2,0,ACTUAL,BANCSMUD,Total Actual Hourly Integrated Load,SYS_FCST_ACT_MW,3.8,1022,ACTUAL,274
2019-12-17T12:00:00-00:00,2019-12-17T13:00:00-00:00,0,2019-12-17,5,0,ACTUAL,BANCSMUD,Total Actual Hourly Integrated Load,SYS_FCST_ACT_MW,3.8,1064,ACTUAL,274
2019-12-18T02:00:00-00:00,2019-12-18T03:00:00-00:00,0,2019-12-17,19,0,ACTUAL,BANCSMUD,Total Actual Hourly Integrated Load,SYS_FCST_ACT_MW,3.8,1463,ACTUAL,274
2019-12-17T08:00:00-00:00,2019-12-17T09:00:00-00:00,0,2019-12-17,1,0,ACTUAL,BANCSMUD,Total Actual Hourly Integrated Load,SYS_FCST_ACT_MW,3.8,1060,ACTUAL,274
2019-12-17T13:00:00-00:00,2019-12-17T14:00:00-00:00,0,2019-12-17,6,0,ACTUAL,BANCSMUD,Total Actual Hourly Integrated Load,SYS_FCST_ACT_MW,3.8,1174,ACTUAL,274
2019-12-18T07:00:00-00:00,2019-12-18T08:00:00-00:00,0,2019-12-17,24,0,ACTUAL,BANCSMUD,Total Actual Hourly Integrated Load,SYS_FCST_ACT_MW,3.8,1132,ACTUAL,274
2019-12-18T04:00:00-00:00,2019-12-18T05:00:00-00:00,0,2019-12-17,21,0,ACTUAL,BANCSMUD,Total Actual Hourly Integrated Load,SYS_FCST_ACT_MW,3.8,1419,ACTUAL,274
2019-12-18T03:00:00-00:00,2019-12-18T04:00:00-00:00,0,2019-12-17,20,0,ACTUAL,BANCSMUD,Total Actual Hourly Integrated Load,SYS_FCST_ACT_MW,3.8,1442,ACTUAL,274
2019-12-18T01:00:00-00:00,2019-12-18T02:00:00-00:00,0,2019-12-17,18,0,ACTUAL,BANCSMUD,Total Actual Hourly Integrated Load,SYS_FCST_ACT_MW,3.8,1461,ACTUAL,274
2019-12-17T23:00:00-00:00,2019-12-18T00:00:00-00:00,0,2019-12-17,16,0,ACTUAL,BANCSMUD,Total Actual Hourly Integrated Load,SYS_FCST_ACT_MW,3.8,1274,ACTUAL,274
2019-12-17T17:00:00-00:00,2019-12-17T18:00:00-00:00,0,2019-12-17,10,0,ACTUAL,BANCSMUD,Total Actual Hourly Integrated Load,SYS_FCST_ACT_MW,3.8,1395,ACTUAL,274
2019-12-17T14:00:00-00:00,2019-12-17T15:00:00-00:00,0,2019-12-17,7,0,ACTUAL,BANCSMUD,Total Actual Hourly Integrated Load,SYS_FCST_ACT_MW,3.8,1329,ACTUAL,274
2019-12-17T11:00:00-00:00,2019-12-17T12:00:00-00:00,0,2019-12-17,4,0,ACTUAL,BANCSMUD,Total Actual Hourly Integrated Load,SYS_FCST_ACT_MW,3.8,1016,ACTUAL,274
2019-12-18T06:00:00-00:00,2019-12-18T07:00:00-00:00,0,2019-12-17,23,0,ACTUAL,BANCSMUD,Total Actual Hourly Integrated Load,SYS_FCST_ACT_MW,3.8,1244,ACTUAL,274
2019-12-17T15:00:00-00:00,2019-12-17T16:00:00-00:00,0,2019-12-17,8,0,ACTUAL,BANCSMUD,Total Actual Hourly Integrated Load,SYS_FCST_ACT_MW,3.8,1411,ACTUAL,274
2019-12-18T05:00:00-00:00,2019-12-18T06:00:00-00:00,0,2019-12-17,22,0,ACTUAL,BANCSMUD,Total Actual Hourly Integrated Load,SYS_FCST_ACT_MW,3.8,1354,ACTUAL,274
2019-12-17T22:00:00-00:00,2019-12-17T23:00:00-00:00,0,2019-12-17,15,0,ACTUAL,BANCSMUD,Total Actual Hourly Integrated Load,SYS_FCST_ACT_MW,3.8,1250,ACTUAL,274
2019-12-17T16:00:00-00:00,2019-12-17T17:00:00-00:00,0,2019-12-17,9,0,ACTUAL,BANCSMUD,Total Actual Hourly Integrated Load,SYS_FCST_ACT_MW,3.8,1399,ACTUAL,274
2019-12-17T20:00:00-00:00,2019-12-17T21:00:00-00:00,0,2019-12-17,13,0,ACTUAL,BANCSMUD,Total Actual Hourly Integrated Load,SYS_FCST_ACT_MW,3.8,1263,ACTUAL,274
2019-12-17T10:00:00-00:00,2019-12-17T11:00:00-00:00,0,2019-12-17,3,0,ACTUAL,BANCSMUD,Total Actual Hourly Integrated Load,SYS_FCST_ACT_MW,3.8,1004,ACTUAL,274
2019-12-18T00:00:00-00:00,2019-12-18T01:00:00-00:00,0,2019-12-17,17,0,ACTUAL,BANCSMUD,Total Actual Hourly Integrated Load,SYS_FCST_ACT_MW,3.8,1353,ACTUAL,274
2019-12-17T21:00:00-00:00,2019-12-17T22:00:00-00:00,0,2019-12-17,14,0,ACTUAL,BANCSMUD,Total Actual Hourly Integrated Load,SYS_FCST_ACT_MW,3.8,1259,ACTUAL,274
2019-12-17T19:00:00-00:00,2019-12-17T20:00:00-00:00,0,2019-12-17,12,0,ACTUAL,BANCSMUD,Total Actual Hourly Integrated Load,SYS_FCST_ACT_MW,3.8,1294,ACTUAL,274
2019-12-17T18:00:00-00:00,2019-12-17T19:00:00-00:00,0,2019-12-17,11,0,ACTUAL,BANCSMUD,Total Actual Hourly Integrated Load,SYS_FCST_ACT_MW,3.8,1348,ACTUAL,274
2019-12-17T19:00:00-00:00,2019-12-17T20:00:00-00:00,0,2019-12-17,12,0,ACTUAL,BCHA,Total Actual Hourly Integrated Load,SYS_FCST_ACT_MW,3.8,8964,ACTUAL,275
2019-12-17T10:00:00-00:00,2019-12-17T11:00:00-00:00,0,2019-12-17,3,0,ACTUAL,BCHA,Total Actual Hourly Integrated Load,SYS_FCST_ACT_MW,3.8,7040,ACTUAL,275
2019-12-17T12:00:00-00:00,2019-12-17T13:00:00-00:00,0,2019-12-17,5,0,ACTUAL,BCHA,Total Actual Hourly Integrated Load,SYS_FCST_ACT_MW,3.8,7149,ACTUAL,275
2019-12-17T09:00:00-00:00,2019-12-17T10:00:00-00:00,0,2019-12-17,2,0,ACTUAL,BCHA,Total Actual Hourly Integrated Load,SYS_FCST_ACT_MW,3.8,7148,ACTUAL,275
2019-12-18T07:00:00-00:00,2019-12-18T08:00:00-00:00,0,2019-12-17,24,0,ACTUAL,BCHA,Total Actual Hourly Integrated Load,SYS_FCST_ACT_MW,3.8,7598,ACTUAL,275
2019-12-18T06:00:00-00:00,2019-12-18T07:00:00-00:00,0,2019-12-17,23,0,ACTUAL,BCHA,Total Actual Hourly Integrated Load,SYS_FCST_ACT_MW,3.8,8209,ACTUAL,275
2019-12-18T03:00:00-00:00,2019-12-18T04:00:00-00:00,0,2019-12-17,20,0,ACTUAL,BCHA,Total Actual Hourly Integrated Load,SYS_FCST_ACT_MW,3.8,9300,ACTUAL,275
2019-12-18T02:00:00-00:00,2019-12-18T03:00:00-00:00,0,2019-12-17,19,0,ACTUAL,BCHA,Total Actual Hourly Integrated Load,SYS_FCST_ACT_MW,3.8,9521,ACTUAL,275
2019-12-18T01:00:00-00:00,2019-12-18T02:00:00-00:00,0,2019-12-17,18,0,ACTUAL,BCHA,Total Actual Hourly Integrated Load,SYS_FCST_ACT_MW,3.8,9666,ACTUAL,275
2019-12-17T22:00:00-00:00,2019-12-17T23:00:00-00:00,0,2019-12-17,15,0,ACTUAL,BCHA,Total Actual Hourly Integrated Load,SYS_FCST_ACT_MW,3.8,8885,ACTUAL,275
2019-12-18T05:00:00-00:00,2019-12-18T06:00:00-00:00,0,2019-12-17,22,0,ACTUAL,BCHA,Total Actual Hourly Integrated Load,SYS_FCST_ACT_MW,3.8,8711,ACTUAL,275
2019-12-17T08:00:00-00:00,2019-12-17T09:00:00-00:00,0,2019-12-17,1,0,ACTUAL,BCHA,Total Actual Hourly Integrated Load,SYS_FCST_ACT_MW,3.8,7344,ACTUAL,275
2019-12-18T00:00:00-00:00,2019-12-18T01:00:00-00:00,0,2019-12-17,17,0,ACTUAL,BCHA,Total Actual Hourly Integrated Load,SYS_FCST_ACT_MW,3.8,9477,ACTUAL,275
2019-12-18T04:00:00-00:00,2019-12-18T05:00:00-00:00,0,2019-12-17,21,0,ACTUAL,BCHA,Total Actual Hourly Integrated Load,SYS_FCST_ACT_MW,3.8,9041,ACTUAL,275
2019-12-17T23:00:00-00:00,2019-12-18T00:00:00-00:00,0,2019-12-17,16,0,ACTUAL,BCHA,Total Actual Hourly Integrated Load,SYS_FCST_ACT_MW,3.8,9034,ACTUAL,275
2019-12-17T17:00:00-00:00,2019-12-17T18:00:00-00:00,0,2019-12-17,10,0,ACTUAL,BCHA,Total Actual Hourly Integrated Load,SYS_FCST_ACT_MW,3.8,9132,ACTUAL,275
2019-12-17T20:00:00-00:00,2019-12-17T21:00:00-00:00,0,2019-12-17,13,0,ACTUAL,BCHA,Total Actual Hourly Integrated Load,SYS_FCST_ACT_MW,3.8,8943,ACTUAL,275
2019-12-17T18:00:00-00:00,2019-12-17T19:00:00-00:00,0,2019-12-17,11,0,ACTUAL,BCHA,Total Actual Hourly Integrated Load,SYS_FCST_ACT_MW,3.8,9038,ACTUAL,275
2019-12-17T21:00:00-00:00,2019-12-17T22:00:00-00:00,0,2019-12-17,14,0,ACTUAL,BCHA,Total Actual Hourly Integrated Load,SYS_FCST_ACT_MW,3.8,8915,ACTUAL,275
2019-12-17T16:00:00-00:00,2019-12-17T17:00:00-00:00,0,2019-12-17,9,0,ACTUAL,BCHA,Total Actual Hourly Integrated Load,SYS_FCST_ACT_MW,3.8,9168,ACTUAL,275
2019-12-17T15:00:00-00:00,2019-12-17T16:00:00-00:00,0,2019-12-17,8,0,ACTUAL,BCHA,Total Actual Hourly Integrated Load,SYS_FCST_ACT_MW,3.8,9023,ACTUAL,275
2019-12-17T14:00:00-00:00,2019-12-17T15:00:00-00:00,0,2019-12-17,7,0,ACTUAL,BCHA,Total Actual Hourly Integrated Load,SYS_FCST_ACT_MW,3.8,8279,ACTUAL,275
2019-12-17T13:00:00-00:00,2019-12-17T14:00:00-00:00,0,2019-12-17,6,0,ACTUAL,BCHA,Total Actual Hourly Integrated Load,SYS_FCST_ACT_MW,3.8,7598,ACTUAL,275
2019-12-17T11:00:00-00:00,2019-12-17T12:00:00-00:00,0,2019-12-17,4,0,ACTUAL,BCHA,Total Actual Hourly Integrated Load,SYS_FCST_ACT_MW,3.8,7009,ACTUAL,275
2019-12-17T10:00:00-00:00,2019-12-17T11:00:00-00:00,0,2019-12-17,3,0,ACTUAL,CA ISO-TAC,Total Actual Hourly Integrated Load,SYS_FCST_ACT_MW,3,21534,ACTUAL,276
2019-12-17T20:00:00-00:00,2019-12-17T21:00:00-00:00,0,2019-12-17,13,0,ACTUAL,CA ISO-TAC,Total Actual Hourly Integrated Load,SYS_FCST_ACT_MW,3,24362,ACTUAL,276
2019-12-17T21:00:00-00:00,2019-12-17T22:00:00-00:00,0,2019-12-17,14,0,ACTUAL,CA ISO-TAC,Total Actual Hourly Integrated Load,SYS_FCST_ACT_MW,3,24758,ACTUAL,276
2019-12-17T23:00:00-00:00,2019-12-18T00:00:00-00:00,0,2019-12-17,16,0,ACTUAL,CA ISO-TAC,Total Actual Hourly Integrated Load,SYS_FCST_ACT_MW,3,25982,ACTUAL,276
2019-12-18T02:00:00-00:00,2019-12-18T03:00:00-00:00,0,2019-12-17,19,0,ACTUAL,CA ISO-TAC,Total Actual Hourly Integrated Load,SYS_FCST_ACT_MW,3,30290,ACTUAL,276
2019-12-17T12:00:00-00:00,2019-12-17T13:00:00-00:00,0,2019-12-17,5,0,ACTUAL,CA ISO-TAC,Total Actual Hourly Integrated Load,SYS_FCST_ACT_MW,3,22218,ACTUAL,276
2019-12-18T06:00:00-00:00,2019-12-18T07:00:00-00:00,0,2019-12-17,23,0,ACTUAL,CA ISO-TAC,Total Actual Hourly Integrated Load,SYS_FCST_ACT_MW,3,25919,ACTUAL,276
2019-12-18T01:00:00-00:00,2019-12-18T02:00:00-00:00,0,2019-12-17,18,0,ACTUAL,CA ISO-TAC,Total Actual Hourly Integrated Load,SYS_FCST_ACT_MW,3,30066,ACTUAL,276
2019-12-18T03:00:00-00:00,2019-12-18T04:00:00-00:00,0,2019-12-17,20,0,ACTUAL,CA ISO-TAC,Total Actual Hourly Integrated Load,SYS_FCST_ACT_MW,3,29991,ACTUAL,276
2019-12-17T08:00:00-00:00,2019-12-17T09:00:00-00:00,0,2019-12-17,1,0,ACTUAL,CA ISO-TAC,Total Actual Hourly Integrated Load,SYS_FCST_ACT_MW,3,22844,ACTUAL,276
2019-12-17T15:00:00-00:00,2019-12-17T16:00:00-00:00,0,2019-12-17,8,0,ACTUAL,CA ISO-TAC,Total Actual Hourly Integrated Load,SYS_FCST_ACT_MW,3,27802,ACTUAL,276
2019-12-17T22:00:00-00:00,2019-12-17T23:00:00-00:00,0,2019-12-17,15,0,ACTUAL,CA ISO-TAC,Total Actual Hourly Integrated Load,SYS_FCST_ACT_MW,3,25097,ACTUAL,276
2019-12-18T04:00:00-00:00,2019-12-18T05:00:00-00:00,0,2019-12-17,21,0,ACTUAL,CA ISO-TAC,Total Actual Hourly Integrated Load,SYS_FCST_ACT_MW,3,29311,ACTUAL,276
2019-12-17T16:00:00-00:00,2019-12-17T17:00:00-00:00,0,2019-12-17,9,0,ACTUAL,CA ISO-TAC,Total Actual Hourly Integrated Load,SYS_FCST_ACT_MW,3,27350,ACTUAL,276
2019-12-17T17:00:00-00:00,2019-12-17T18:00:00-00:00,0,2019-12-17,10,0,ACTUAL,CA ISO-TAC,Total Actual Hourly Integrated Load,SYS_FCST_ACT_MW,3,26488,ACTUAL,276
2019-12-17T18:00:00-00:00,2019-12-17T19:00:00-00:00,0,2019-12-17,11,0,ACTUAL,CA ISO-TAC,Total Actual Hourly Integrated Load,SYS_FCST_ACT_MW,3,25495,ACTUAL,276
2019-12-18T00:00:00-00:00,2019-12-18T01:00:00-00:00,0,2019-12-17,17,0,ACTUAL,CA ISO-TAC,Total Actual Hourly Integrated Load,SYS_FCST_ACT_MW,3,27702,ACTUAL,276
2019-12-18T07:00:00-00:00,2019-12-18T08:00:00-00:00,0,2019-12-17,24,0,ACTUAL,CA ISO-TAC,Total Actual Hourly Integrated Load,SYS_FCST_ACT_MW,3,23949,ACTUAL,276
2019-12-17T09:00:00-00:00,2019-12-17T10:00:00-00:00,0,2019-12-17,2,0,ACTUAL,CA ISO-TAC,Total Actual Hourly Integrated Load,SYS_FCST_ACT_MW,3,22045,ACTUAL,276
2019-12-18T05:00:00-00:00,2019-12-18T06:00:00-00:00,0,2019-12-17,22,0,ACTUAL,CA ISO-TAC,Total Actual Hourly Integrated Load,SYS_FCST_ACT_MW,3,27981,ACTUAL,276
2019-12-17T11:00:00-00:00,2019-12-17T12:00:00-00:00,0,2019-12-17,4,0,ACTUAL,CA ISO-TAC,Total Actual Hourly Integrated Load,SYS_FCST_ACT_MW,3,21507,ACTUAL,276
2019-12-17T13:00:00-00:00,2019-12-17T14:00:00-00:00,0,2019-12-17,6,0,ACTUAL,CA ISO-TAC,Total Actual Hourly Integrated Load,SYS_FCST_ACT_MW,3,23989,ACTUAL,276
2019-12-17T14:00:00-00:00,2019-12-17T15:00:00-00:00,0,2019-12-17,7,0,ACTUAL,CA ISO-TAC,Total Actual Hourly Integrated Load,SYS_FCST_ACT_MW,3,26619,ACTUAL,276
2019-12-17T19:00:00-00:00,2019-12-17T20:00:00-00:00,0,2019-12-17,12,0,ACTUAL,CA ISO-TAC,Total Actual Hourly Integrated Load,SYS_FCST_ACT_MW,3,24660,ACTUAL,276
2019-12-17T19:00:00-00:00,2019-12-17T20:00:00-00:00,0,2019-12-17,12,0,ACTUAL,IPCO,Total Actual Hourly Integrated Load,SYS_FCST_ACT_MW,3.8,2191,ACTUAL,277
2019-12-17T18:00:00-00:00,2019-12-17T19:00:00-00:00,0,2019-12-17,11,0,ACTUAL,IPCO,Total Actual Hourly Integrated Load,SYS_FCST_ACT_MW,3.8,2262,ACTUAL,277
2019-12-18T06:00:00-00:00,2019-12-18T07:00:00-00:00,0,2019-12-17,23,0,ACTUAL,IPCO,Total Actual Hourly Integrated Load,SYS_FCST_ACT_MW,3.8,2033,ACTUAL,277
2019-12-18T01:00:00-00:00,2019-12-18T02:00:00-00:00,0,2019-12-17,18,0,ACTUAL,IPCO,Total Actual Hourly Integrated Load,SYS_FCST_ACT_MW,3.8,2429,ACTUAL,277
2019-12-17T12:00:00-00:00,2019-12-17T13:00:00-00:00,0,2019-12-17,5,0,ACTUAL,IPCO,Total Actual Hourly Integrated Load,SYS_FCST_ACT_MW,3.8,2155,ACTUAL,277
2019-12-17T13:00:00-00:00,2019-12-17T14:00:00-00:00,0,2019-12-17,6,0,ACTUAL,IPCO,Total Actual Hourly Integrated Load,SYS_FCST_ACT_MW,3.8,2361,ACTUAL,277
2019-12-18T02:00:00-00:00,2019-12-18T03:00:00-00:00,0,2019-12-17,19,0,ACTUAL,IPCO,Total Actual Hourly Integrated Load,SYS_FCST_ACT_MW,3.8,2406,ACTUAL,277
2019-12-18T05:00:00-00:00,2019-12-18T06:00:00-00:00,0,2019-12-17,22,0,ACTUAL,IPCO,Total Actual Hourly Integrated Load,SYS_FCST_ACT_MW,3.8,2151,ACTUAL,277
2019-12-17T10:00:00-00:00,2019-12-17T11:00:00-00:00,0,2019-12-17,3,0,ACTUAL,IPCO,Total Actual Hourly Integrated Load,SYS_FCST_ACT_MW,3.8,1965,ACTUAL,277
2019-12-17T14:00:00-00:00,2019-12-17T15:00:00-00:00,0,2019-12-17,7,0,ACTUAL,IPCO,Total Actual Hourly Integrated Load,SYS_FCST_ACT_MW,3.8,2500,ACTUAL,277
2019-12-17T16:00:00-00:00,2019-12-17T17:00:00-00:00,0,2019-12-17,9,0,ACTUAL,IPCO,Total Actual Hourly Integrated Load,SYS_FCST_ACT_MW,3.8,2407,ACTUAL,277
2019-12-17T22:00:00-00:00,2019-12-17T23:00:00-00:00,0,2019-12-17,15,0,ACTUAL,IPCO,Total Actual Hourly Integrated Load,SYS_FCST_ACT_MW,3.8,2151,ACTUAL,277
2019-12-18T04:00:00-00:00,2019-12-18T05:00:00-00:00,0,2019-12-17,21,0,ACTUAL,IPCO,Total Actual Hourly Integrated Load,SYS_FCST_ACT_MW,3.8,2284,ACTUAL,277
2019-12-18T07:00:00-00:00,2019-12-18T08:00:00-00:00,0,2019-12-17,24,0,ACTUAL,IPCO,Total Actual Hourly Integrated Load,SYS_FCST_ACT_MW,3.8,1972,ACTUAL,277
2019-12-17T15:00:00-00:00,2019-12-17T16:00:00-00:00,0,2019-12-17,8,0,ACTUAL,IPCO,Total Actual Hourly Integrated Load,SYS_FCST_ACT_MW,3.8,2491,ACTUAL,277
2019-12-17T17:00:00-00:00,2019-12-17T18:00:00-00:00,0,2019-12-17,10,0,ACTUAL,IPCO,Total Actual Hourly Integrated Load,SYS_FCST_ACT_MW,3.8,2326,ACTUAL,277
2019-12-17T20:00:00-00:00,2019-12-17T21:00:00-00:00,0,2019-12-17,13,0,ACTUAL,IPCO,Total Actual Hourly Integrated Load,SYS_FCST_ACT_MW,3.8,2149,ACTUAL,277
2019-12-17T21:00:00-00:00,2019-12-17T22:00:00-00:00,0,2019-12-17,14,0,ACTUAL,IPCO,Total Actual Hourly Integrated Load,SYS_FCST_ACT_MW,3.8,2130,ACTUAL,277
2019-12-17T23:00:00-00:00,2019-12-18T00:00:00-00:00,0,2019-12-17,16,0,ACTUAL,IPCO,Total Actual Hourly Integrated Load,SYS_FCST_ACT_MW,3.8,2237,ACTUAL,277
2019-12-17T08:00:00-00:00,2019-12-17T09:00:00-00:00,0,2019-12-17,1,0,ACTUAL,IPCO,Total Actual Hourly Integrated Load,SYS_FCST_ACT_MW,3.8,1926,ACTUAL,277
2019-12-17T09:00:00-00:00,2019-12-17T10:00:00-00:00,0,2019-12-17,2,0,ACTUAL,IPCO,Total Actual Hourly Integrated Load,SYS_FCST_ACT_MW,3.8,1937,ACTUAL,277
2019-12-17T11:00:00-00:00,2019-12-17T12:00:00-00:00,0,2019-12-17,4,0,ACTUAL,IPCO,Total Actual Hourly Integrated Load,SYS_FCST_ACT_MW,3.8,2023,ACTUAL,277
2019-12-18T03:00:00-00:00,2019-12-18T04:00:00-00:00,0,2019-12-17,20,0,ACTUAL,IPCO,Total Actual Hourly Integrated Load,SYS_FCST_ACT_MW,3.8,2367,ACTUAL,277
2019-12-18T00:00:00-00:00,2019-12-18T01:00:00-00:00,0,2019-12-17,17,0,ACTUAL,IPCO,Total Actual Hourly Integrated Load,SYS_FCST_ACT_MW,3.8,2386,ACTUAL,277
2019-12-18T06:00:00-00:00,2019-12-18T07:00:00-00:00,0,2019-12-17,23,0,ACTUAL,MWD-TAC,Total Actual Hourly Integrated Load,SYS_FCST_ACT_MW,3.3,91,ACTUAL,278
2019-12-17T20:00:00-00:00,2019-12-17T21:00:00-00:00,0,2019-12-17,13,0,ACTUAL,MWD-TAC,Total Actual Hourly Integrated Load,SYS_FCST_ACT_MW,3.3,92,ACTUAL,278
2019-12-17T22:00:00-00:00,2019-12-17T23:00:00-00:00,0,2019-12-17,15,0,ACTUAL,MWD-TAC,Total Actual Hourly Integrated Load,SYS_FCST_ACT_MW,3.3,94,ACTUAL,278
2019-12-17T23:00:00-00:00,2019-12-18T00:00:00-00:00,0,2019-12-17,16,0,ACTUAL,MWD-TAC,Total Actual Hourly Integrated Load,SYS_FCST_ACT_MW,3.3,92,ACTUAL,278
2019-12-18T02:00:00-00:00,2019-12-18T03:00:00-00:00,0,2019-12-17,19,0,ACTUAL,MWD-TAC,Total Actual Hourly Integrated Load,SYS_FCST_ACT_MW,3.3,95,ACTUAL,278
2019-12-17T08:00:00-00:00,2019-12-17T09:00:00-00:00,0,2019-12-17,1,0,ACTUAL,MWD-TAC,Total Actual Hourly Integrated Load,SYS_FCST_ACT_MW,3.3,92,ACTUAL,278
2019-12-17T15:00:00-00:00,2019-12-17T16:00:00-00:00,0,2019-12-17,8,0,ACTUAL,MWD-TAC,Total Actual Hourly Integrated Load,SYS_FCST_ACT_MW,3.3,97,ACTUAL,278
2019-12-17T17:00:00-00:00,2019-12-17T18:00:00-00:00,0,2019-12-17,10,0,ACTUAL,MWD-TAC,Total Actual Hourly Integrated Load,SYS_FCST_ACT_MW,3.3,96,ACTUAL,278
2019-12-18T03:00:00-00:00,2019-12-18T04:00:00-00:00,0,2019-12-17,20,0,ACTUAL,MWD-TAC,Total Actual Hourly Integrated Load,SYS_FCST_ACT_MW,3.3,94,ACTUAL,278
2019-12-18T04:00:00-00:00,2019-12-18T05:00:00-00:00,0,2019-12-17,21,0,ACTUAL,MWD-TAC,Total Actual Hourly Integrated Load,SYS_FCST_ACT_MW,3.3,92,ACTUAL,278
2019-12-17T10:00:00-00:00,2019-12-17T11:00:00-00:00,0,2019-12-17,3,0,ACTUAL,MWD-TAC,Total Actual Hourly Integrated Load,SYS_FCST_ACT_MW,3.3,87,ACTUAL,278
2019-12-18T01:00:00-00:00,2019-12-18T02:00:00-00:00,0,2019-12-17,18,0,ACTUAL,MWD-TAC,Total Actual Hourly Integrated Load,SYS_FCST_ACT_MW,3.3,97,ACTUAL,278
2019-12-18T07:00:00-00:00,2019-12-18T08:00:00-00:00,0,2019-12-17,24,0,ACTUAL,MWD-TAC,Total Actual Hourly Integrated Load,SYS_FCST_ACT_MW,3.3,93,ACTUAL,278
2019-12-17T11:00:00-00:00,2019-12-17T12:00:00-00:00,0,2019-12-17,4,0,ACTUAL,MWD-TAC,Total Actual Hourly Integrated Load,SYS_FCST_ACT_MW,3.3,94,ACTUAL,278
2019-12-18T00:00:00-00:00,2019-12-18T01:00:00-00:00,0,2019-12-17,17,0,ACTUAL,MWD-TAC,Total Actual Hourly Integrated Load,SYS_FCST_ACT_MW,3.3,94,ACTUAL,278
2019-12-18T05:00:00-00:00,2019-12-18T06:00:00-00:00,0,2019-12-17,22,0,ACTUAL,MWD-TAC,Total Actual Hourly Integrated Load,SYS_FCST_ACT_MW,3.3,90,ACTUAL,278
2019-12-17T09:00:00-00:00,2019-12-17T10:00:00-00:00,0,2019-12-17,2,0,ACTUAL,MWD-TAC,Total Actual Hourly Integrated Load,SYS_FCST_ACT_MW,3.3,87,ACTUAL,278
2019-12-17T14:00:00-00:00,2019-12-17T15:00:00-00:00,0,2019-12-17,7,0,ACTUAL,MWD-TAC,Total Actual Hourly Integrated Load,SYS_FCST_ACT_MW,3.3,98,ACTUAL,278
2019-12-17T21:00:00-00:00,2019-12-17T22:00:00-00:00,0,2019-12-17,14,0,ACTUAL,MWD-TAC,Total Actual Hourly Integrated Load,SYS_FCST_ACT_MW,3.3,92,ACTUAL,278
2019-12-17T12:00:00-00:00,2019-12-17T13:00:00-00:00,0,2019-12-17,5,0,ACTUAL,MWD-TAC,Total Actual Hourly Integrated Load,SYS_FCST_ACT_MW,3.3,93,ACTUAL,278
2019-12-17T18:00:00-00:00,2019-12-17T19:00:00-00:00,0,2019-12-17,11,0,ACTUAL,MWD-TAC,Total Actual Hourly Integrated Load,SYS_FCST_ACT_MW,3.3,95,ACTUAL,278
2019-12-17T19:00:00-00:00,2019-12-17T20:00:00-00:00,0,2019-12-17,12,0,ACTUAL,MWD-TAC,Total Actual Hourly Integrated Load,SYS_FCST_ACT_MW,3.3,93,ACTUAL,278
2019-12-17T13:00:00-00:00,2019-12-17T14:00:00-00:00,0,2019-12-17,6,0,ACTUAL,MWD-TAC,Total Actual Hourly Integrated Load,SYS_FCST_ACT_MW,3.3,93,ACTUAL,278
2019-12-17T16:00:00-00:00,2019-12-17T17:00:00-00:00,0,2019-12-17,9,0,ACTUAL,MWD-TAC,Total Actual Hourly Integrated Load,SYS_FCST_ACT_MW,3.3,95,ACTUAL,278
2019-12-17T16:00:00-00:00,2019-12-17T17:00:00-00:00,0,2019-12-17,9,0,ACTUAL,NEVP,Total Actual Hourly Integrated Load,SYS_FCST_ACT_MW,3.8,4255,ACTUAL,279
2019-12-17T15:00:00-00:00,2019-12-17T16:00:00-00:00,0,2019-12-17,8,0,ACTUAL,NEVP,Total Actual Hourly Integrated Load,SYS_FCST_ACT_MW,3.8,4386,ACTUAL,279
2019-12-18T04:00:00-00:00,2019-12-18T05:00:00-00:00,0,2019-12-17,21,0,ACTUAL,NEVP,Total Actual Hourly Integrated Load,SYS_FCST_ACT_MW,3.8,4536,ACTUAL,279
2019-12-17T23:00:00-00:00,2019-12-18T00:00:00-00:00,0,2019-12-17,16,0,ACTUAL,NEVP,Total Actual Hourly Integrated Load,SYS_FCST_ACT_MW,3.8,4084,ACTUAL,279
2019-12-18T02:00:00-00:00,2019-12-18T03:00:00-00:00,0,2019-12-17,19,0,ACTUAL,NEVP,Total Actual Hourly Integrated Load,SYS_FCST_ACT_MW,3.8,4618,ACTUAL,279
2019-12-18T05:00:00-00:00,2019-12-18T06:00:00-00:00,0,2019-12-17,22,0,ACTUAL,NEVP,Total Actual Hourly Integrated Load,SYS_FCST_ACT_MW,3.8,4374,ACTUAL,279
2019-12-17T14:00:00-00:00,2019-12-17T15:00:00-00:00,0,2019-12-17,7,0,ACTUAL,NEVP,Total Actual Hourly Integrated Load,SYS_FCST_ACT_MW,3.8,4418,ACTUAL,279
2019-12-17T19:00:00-00:00,2019-12-17T20:00:00-00:00,0,2019-12-17,12,0,ACTUAL,NEVP,Total Actual Hourly Integrated Load,SYS_FCST_ACT_MW,3.8,3957,ACTUAL,279
2019-12-18T07:00:00-00:00,2019-12-18T08:00:00-00:00,0,2019-12-17,24,0,ACTUAL,NEVP,Total Actual Hourly Integrated Load,SYS_FCST_ACT_MW,3.8,3995,ACTUAL,279
2019-12-17T09:00:00-00:00,2019-12-17T10:00:00-00:00,0,2019-12-17,2,0,ACTUAL,NEVP,Total Actual Hourly Integrated Load,SYS_FCST_ACT_MW,3.8,3882,ACTUAL,279
2019-12-17T10:00:00-00:00,2019-12-17T11:00:00-00:00,0,2019-12-17,3,0,ACTUAL,NEVP,Total Actual Hourly Integrated Load,SYS_FCST_ACT_MW,3.8,3861,ACTUAL,279
2019-12-18T00:00:00-00:00,2019-12-18T01:00:00-00:00,0,2019-12-17,17,0,ACTUAL,NEVP,Total Actual Hourly Integrated Load,SYS_FCST_ACT_MW,3.8,4384,ACTUAL,279
2019-12-17T11:00:00-00:00,2019-12-17T12:00:00-00:00,0,2019-12-17,4,0,ACTUAL,NEVP,Total Actual Hourly Integrated Load,SYS_FCST_ACT_MW,3.8,3908,ACTUAL,279
2019-12-18T03:00:00-00:00,2019-12-18T04:00:00-00:00,0,2019-12-17,20,0,ACTUAL,NEVP,Total Actual Hourly Integrated Load,SYS_FCST_ACT_MW,3.8,4600,ACTUAL,279
2019-12-18T06:00:00-00:00,2019-12-18T07:00:00-00:00,0,2019-12-17,23,0,ACTUAL,NEVP,Total Actual Hourly Integrated Load,SYS_FCST_ACT_MW,3.8,4173,ACTUAL,279
2019-12-17T17:00:00-00:00,2019-12-17T18:00:00-00:00,0,2019-12-17,10,0,ACTUAL,NEVP,Total Actual Hourly Integrated Load,SYS_FCST_ACT_MW,3.8,4140,ACTUAL,279
2019-12-17T18:00:00-00:00,2019-12-17T19:00:00-00:00,0,2019-12-17,11,0,ACTUAL,NEVP,Total Actual Hourly Integrated Load,SYS_FCST_ACT_MW,3.8,4046,ACTUAL,279
2019-12-17T20:00:00-00:00,2019-12-17T21:00:00-00:00,0,2019-12-17,13,0,ACTUAL,NEVP,Total Actual Hourly Integrated Load,SYS_FCST_ACT_MW,3.8,3927,ACTUAL,279
2019-12-17T22:00:00-00:00,2019-12-17T23:00:00-00:00,0,2019-12-17,15,0,ACTUAL,NEVP,Total Actual Hourly Integrated Load,SYS_FCST_ACT_MW,3.8,3957,ACTUAL,279
2019-12-18T01:00:00-00:00,2019-12-18T02:00:00-00:00,0,2019-12-17,18,0,ACTUAL,NEVP,Total Actual Hourly Integrated Load,SYS_FCST_ACT_MW,3.8,4604,ACTUAL,279
2019-12-17T08:00:00-00:00,2019-12-17T09:00:00-00:00,0,2019-12-17,1,0,ACTUAL,NEVP,Total Actual Hourly Integrated Load,SYS_FCST_ACT_MW,3.8,3947,ACTUAL,279
2019-12-17T12:00:00-00:00,2019-12-17T13:00:00-00:00,0,2019-12-17,5,0,ACTUAL,NEVP,Total Actual Hourly Integrated Load,SYS_FCST_ACT_MW,3.8,4011,ACTUAL,279
2019-12-17T13:00:00-00:00,2019-12-17T14:00:00-00:00,0,2019-12-17,6,0,ACTUAL,NEVP,Total Actual Hourly Integrated Load,SYS_FCST_ACT_MW,3.8,4201,ACTUAL,279
2019-12-17T21:00:00-00:00,2019-12-17T22:00:00-00:00,0,2019-12-17,14,0,ACTUAL,NEVP,Total Actual Hourly Integrated Load,SYS_FCST_ACT_MW,3.8,3908,ACTUAL,279
2019-12-17T15:00:00-00:00,2019-12-17T16:00:00-00:00,0,2019-12-17,8,0,ACTUAL,PACE,Total Actual Hourly Integrated Load,SYS_FCST_ACT_MW,3.8,6315,ACTUAL,280
2019-12-17T08:00:00-00:00,2019-12-17T09:00:00-00:00,0,2019-12-17,1,0,ACTUAL,PACE,Total Actual Hourly Integrated Load,SYS_FCST_ACT_MW,3.8,5285,ACTUAL,280
2019-12-17T19:00:00-00:00,2019-12-17T20:00:00-00:00,0,2019-12-17,12,0,ACTUAL,PACE,Total Actual Hourly Integrated Load,SYS_FCST_ACT_MW,3.8,5886,ACTUAL,280
2019-12-18T01:00:00-00:00,2019-12-18T02:00:00-00:00,0,2019-12-17,18,0,ACTUAL,PACE,Total Actual Hourly Integrated Load,SYS_FCST_ACT_MW,3.8,6494,ACTUAL,280
2019-12-18T03:00:00-00:00,2019-12-18T04:00:00-00:00,0,2019-12-17,20,0,ACTUAL,PACE,Total Actual Hourly Integrated Load,SYS_FCST_ACT_MW,3.8,6371,ACTUAL,280
2019-12-17T11:00:00-00:00,2019-12-17T12:00:00-00:00,0,2019-12-17,4,0,ACTUAL,PACE,Total Actual Hourly Integrated Load,SYS_FCST_ACT_MW,3.8,5373,ACTUAL,280
2019-12-17T13:00:00-00:00,2019-12-17T14:00:00-00:00,0,2019-12-17,6,0,ACTUAL,PACE,Total Actual Hourly Integrated Load,SYS_FCST_ACT_MW,3.8,5999,ACTUAL,280
2019-12-17T20:00:00-00:00,2019-12-17T21:00:00-00:00,0,2019-12-17,13,0,ACTUAL,PACE,Total Actual Hourly Integrated Load,SYS_FCST_ACT_MW,3.8,5827,ACTUAL,280
2019-12-17T22:00:00-00:00,2019-12-17T23:00:00-00:00,0,2019-12-17,15,0,ACTUAL,PACE,Total Actual Hourly Integrated Load,SYS_FCST_ACT_MW,3.8,5802,ACTUAL,280
2019-12-17T16:00:00-00:00,2019-12-17T17:00:00-00:00,0,2019-12-17,9,0,ACTUAL,PACE,Total Actual Hourly Integrated Load,SYS_FCST_ACT_MW,3.8,6221,ACTUAL,280
2019-12-18T06:00:00-00:00,2019-12-18T07:00:00-00:00,0,2019-12-17,23,0,ACTUAL,PACE,Total Actual Hourly Integrated Load,SYS_FCST_ACT_MW,3.8,5549,ACTUAL,280
2019-12-17T14:00:00-00:00,2019-12-17T15:00:00-00:00,0,2019-12-17,7,0,ACTUAL,PACE,Total Actual Hourly Integrated Load,SYS_FCST_ACT_MW,3.8,6313,ACTUAL,280
2019-12-18T07:00:00-00:00,2019-12-18T08:00:00-00:00,0,2019-12-17,24,0,ACTUAL,PACE,Total Actual Hourly Integrated Load,SYS_FCST_ACT_MW,3.8,5361,ACTUAL,280
2019-12-17T17:00:00-00:00,2019-12-17T18:00:00-00:00,0,2019-12-17,10,0,ACTUAL,PACE,Total Actual Hourly Integrated Load,SYS_FCST_ACT_MW,3.8,6108,ACTUAL,280
2019-12-17T09:00:00-00:00,2019-12-17T10:00:00-00:00,0,2019-12-17,2,0,ACTUAL,PACE,Total Actual Hourly Integrated Load,SYS_FCST_ACT_MW,3.8,5269,ACTUAL,280
2019-12-17T10:00:00-00:00,2019-12-17T11:00:00-00:00,0,2019-12-17,3,0,ACTUAL,PACE,Total Actual Hourly Integrated Load,SYS_FCST_ACT_MW,3.8,5280,ACTUAL,280
2019-12-17T21:00:00-00:00,2019-12-17T22:00:00-00:00,0,2019-12-17,14,0,ACTUAL,PACE,Total Actual Hourly Integrated Load,SYS_FCST_ACT_MW,3.8,5784,ACTUAL,280
2019-12-18T05:00:00-00:00,2019-12-18T06:00:00-00:00,0,2019-12-17,22,0,ACTUAL,PACE,Total Actual Hourly Integrated Load,SYS_FCST_ACT_MW,3.8,5862,ACTUAL,280
2019-12-17T12:00:00-00:00,2019-12-17T13:00:00-00:00,0,2019-12-17,5,0,ACTUAL,PACE,Total Actual Hourly Integrated Load,SYS_FCST_ACT_MW,3.8,5607,ACTUAL,280
2019-12-17T23:00:00-00:00,2019-12-18T00:00:00-00:00,0,2019-12-17,16,0,ACTUAL,PACE,Total Actual Hourly Integrated Load,SYS_FCST_ACT_MW,3.8,6012,ACTUAL,280
2019-12-18T00:00:00-00:00,2019-12-18T01:00:00-00:00,0,2019-12-17,17,0,ACTUAL,PACE,Total Actual Hourly Integrated Load,SYS_FCST_ACT_MW,3.8,6415,ACTUAL,280
2019-12-18T02:00:00-00:00,2019-12-18T03:00:00-00:00,0,2019-12-17,19,0,ACTUAL,PACE,Total Actual Hourly Integrated Load,SYS_FCST_ACT_MW,3.8,6452,ACTUAL,280
2019-12-18T04:00:00-00:00,2019-12-18T05:00:00-00:00,0,2019-12-17,21,0,ACTUAL,PACE,Total Actual Hourly Integrated Load,SYS_FCST_ACT_MW,3.8,6192,ACTUAL,280
2019-12-17T18:00:00-00:00,2019-12-17T19:00:00-00:00,0,2019-12-17,11,0,ACTUAL,PACE,Total Actual Hourly Integrated Load,SYS_FCST_ACT_MW,3.8,5985,ACTUAL,280
2019-12-17T08:00:00-00:00,2019-12-17T09:00:00-00:00,0,2019-12-17,1,0,ACTUAL,PACW,Total Actual Hourly Integrated Load,SYS_FCST_ACT_MW,3.8,2520,ACTUAL,281
2019-12-17T10:00:00-00:00,2019-12-17T11:00:00-00:00,0,2019-12-17,3,0,ACTUAL,PACW,Total Actual Hourly Integrated Load,SYS_FCST_ACT_MW,3.8,2472,ACTUAL,281
2019-12-17T23:00:00-00:00,2019-12-18T00:00:00-00:00,0,2019-12-17,16,0,ACTUAL,PACW,Total Actual Hourly Integrated Load,SYS_FCST_ACT_MW,3.8,3140,ACTUAL,281
2019-12-18T00:00:00-00:00,2019-12-18T01:00:00-00:00,0,2019-12-17,17,0,ACTUAL,PACW,Total Actual Hourly Integrated Load,SYS_FCST_ACT_MW,3.8,3254,ACTUAL,281
2019-12-18T01:00:00-00:00,2019-12-18T02:00:00-00:00,0,2019-12-17,18,0,ACTUAL,PACW,Total Actual Hourly Integrated Load,SYS_FCST_ACT_MW,3.8,3349,ACTUAL,281
2019-12-18T04:00:00-00:00,2019-12-18T05:00:00-00:00,0,2019-12-17,21,0,ACTUAL,PACW,Total Actual Hourly Integrated Load,SYS_FCST_ACT_MW,3.8,3172,ACTUAL,281
2019-12-18T05:00:00-00:00,2019-12-18T06:00:00-00:00,0,2019-12-17,22,0,ACTUAL,PACW,Total Actual Hourly Integrated Load,SYS_FCST_ACT_MW,3.8,2993,ACTUAL,281
2019-12-18T03:00:00-00:00,2019-12-18T04:00:00-00:00,0,2019-12-17,20,0,ACTUAL,PACW,Total Actual Hourly Integrated Load,SYS_FCST_ACT_MW,3.8,3270,ACTUAL,281
2019-12-17T12:00:00-00:00,2019-12-17T13:00:00-00:00,0,2019-12-17,5,0,ACTUAL,PACW,Total Actual Hourly Integrated Load,SYS_FCST_ACT_MW,3.8,2624,ACTUAL,281
2019-12-17T15:00:00-00:00,2019-12-17T16:00:00-00:00,0,2019-12-17,8,0,ACTUAL,PACW,Total Actual Hourly Integrated Load,SYS_FCST_ACT_MW,3.8,3460,ACTUAL,281
2019-12-17T16:00:00-00:00,2019-12-17T17:00:00-00:00,0,2019-12-17,9,0,ACTUAL,PACW,Total Actual Hourly Integrated Load,SYS_FCST_ACT_MW,3.8,3409,ACTUAL,281
2019-12-17T17:00:00-00:00,2019-12-17T18:00:00-00:00,0,2019-12-17,10,0,ACTUAL,PACW,Total Actual Hourly Integrated Load,SYS_FCST_ACT_MW,3.8,3347,ACTUAL,281
2019-12-17T11:00:00-00:00,2019-12-17T12:00:00-00:00,0,2019-12-17,4,0,ACTUAL,PACW,Total Actual Hourly Integrated Load,SYS_FCST_ACT_MW,3.8,2500,ACTUAL,281
2019-12-17T18:00:00-00:00,2019-12-17T19:00:00-00:00,0,2019-12-17,11,0,ACTUAL,PACW,Total Actual Hourly Integrated Load,SYS_FCST_ACT_MW,3.8,3288,ACTUAL,281
2019-12-17T20:00:00-00:00,2019-12-17T21:00:00-00:00,0,2019-12-17,13,0,ACTUAL,PACW,Total Actual Hourly Integrated Load,SYS_FCST_ACT_MW,3.8,3179,ACTUAL,281
2019-12-18T02:00:00-00:00,2019-12-18T03:00:00-00:00,0,2019-12-17,19,0,ACTUAL,PACW,Total Actual Hourly Integrated Load,SYS_FCST_ACT_MW,3.8,3324,ACTUAL,281
2019-12-18T07:00:00-00:00,2019-12-18T08:00:00-00:00,0,2019-12-17,24,0,ACTUAL,PACW,Total Actual Hourly Integrated Load,SYS_FCST_ACT_MW,3.8,2585,ACTUAL,281
2019-12-17T22:00:00-00:00,2019-12-17T23:00:00-00:00,0,2019-12-17,15,0,ACTUAL,PACW,Total Actual Hourly Integrated Load,SYS_FCST_ACT_MW,3.8,3103,ACTUAL,281
2019-12-17T09:00:00-00:00,2019-12-17T10:00:00-00:00,0,2019-12-17,2,0,ACTUAL,PACW,Total Actual Hourly Integrated Load,SYS_FCST_ACT_MW,3.8,2485,ACTUAL,281
2019-12-18T06:00:00-00:00,2019-12-18T07:00:00-00:00,0,2019-12-17,23,0,ACTUAL,PACW,Total Actual Hourly Integrated Load,SYS_FCST_ACT_MW,3.8,2767,ACTUAL,281
2019-12-17T19:00:00-00:00,2019-12-17T20:00:00-00:00,0,2019-12-17,12,0,ACTUAL,PACW,Total Actual Hourly Integrated Load,SYS_FCST_ACT_MW,3.8,3215,ACTUAL,281
2019-12-17T21:00:00-00:00,2019-12-17T22:00:00-00:00,0,2019-12-17,14,0,ACTUAL,PACW,Total Actual Hourly Integrated Load,SYS_FCST_ACT_MW,3.8,3134,ACTUAL,281
2019-12-17T13:00:00-00:00,2019-12-17T14:00:00-00:00,0,2019-12-17,6,0,ACTUAL,PACW,Total Actual Hourly Integrated Load,SYS_FCST_ACT_MW,3.8,2899,ACTUAL,281
2019-12-17T14:00:00-00:00,2019-12-17T15:00:00-00:00,0,2019-12-17,7,0,ACTUAL,PACW,Total Actual Hourly Integrated Load,SYS_FCST_ACT_MW,3.8,3281,ACTUAL,281
2019-12-17T09:00:00-00:00,2019-12-17T10:00:00-00:00,0,2019-12-17,2,0,ACTUAL,PGE,Total Actual Hourly Integrated Load,SYS_FCST_ACT_MW,3.8,2215,ACTUAL,282
2019-12-18T07:00:00-00:00,2019-12-18T08:00:00-00:00,0,2019-12-17,24,0,ACTUAL,PGE,Total Actual Hourly Integrated Load,SYS_FCST_ACT_MW,3.8,2448,ACTUAL,282
2019-12-17T11:00:00-00:00,2019-12-17T12:00:00-00:00,0,2019-12-17,4,0,ACTUAL,PGE,Total Actual Hourly Integrated Load,SYS_FCST_ACT_MW,3.8,2235,ACTUAL,282
2019-12-17T13:00:00-00:00,2019-12-17T14:00:00-00:00,0,2019-12-17,6,0,ACTUAL,PGE,Total Actual Hourly Integrated Load,SYS_FCST_ACT_MW,3.8,2625,ACTUAL,282
2019-12-17T10:00:00-00:00,2019-12-17T11:00:00-00:00,0,2019-12-17,3,0,ACTUAL,PGE,Total Actual Hourly Integrated Load,SYS_FCST_ACT_MW,3.8,2201,ACTUAL,282
2019-12-18T04:00:00-00:00,2019-12-18T05:00:00-00:00,0,2019-12-17,21,0,ACTUAL,PGE,Total Actual Hourly Integrated Load,SYS_FCST_ACT_MW,3.8,3080,ACTUAL,282
2019-12-18T02:00:00-00:00,2019-12-18T03:00:00-00:00,0,2019-12-17,19,0,ACTUAL,PGE,Total Actual Hourly Integrated Load,SYS_FCST_ACT_MW,3.8,3234,ACTUAL,282
2019-12-17T22:00:00-00:00,2019-12-17T23:00:00-00:00,0,2019-12-17,15,0,ACTUAL,PGE,Total Actual Hourly Integrated Load,SYS_FCST_ACT_MW,3.8,2906,ACTUAL,282
2019-12-17T12:00:00-00:00,2019-12-17T13:00:00-00:00,0,2019-12-17,5,0,ACTUAL,PGE,Total Actual Hourly Integrated Load,SYS_FCST_ACT_MW,3.8,2360,ACTUAL,282
2019-12-18T03:00:00-00:00,2019-12-18T04:00:00-00:00,0,2019-12-17,20,0,ACTUAL,PGE,Total Actual Hourly Integrated Load,SYS_FCST_ACT_MW,3.8,3175,ACTUAL,282
2019-12-18T00:00:00-00:00,2019-12-18T01:00:00-00:00,0,2019-12-17,17,0,ACTUAL,PGE,Total Actual Hourly Integrated Load,SYS_FCST_ACT_MW,3.8,3113,ACTUAL,282
2019-12-17T21:00:00-00:00,2019-12-17T22:00:00-00:00,0,2019-12-17,14,0,ACTUAL,PGE,Total Actual Hourly Integrated Load,SYS_FCST_ACT_MW,3.8,2923,ACTUAL,282
2019-12-17T20:00:00-00:00,2019-12-17T21:00:00-00:00,0,2019-12-17,13,0,ACTUAL,PGE,Total Actual Hourly Integrated Load,SYS_FCST_ACT_MW,3.8,2961,ACTUAL,282
2019-12-17T08:00:00-00:00,2019-12-17T09:00:00-00:00,0,2019-12-17,1,0,ACTUAL,PGE,Total Actual Hourly Integrated Load,SYS_FCST_ACT_MW,3.8,2278,ACTUAL,282
2019-12-18T05:00:00-00:00,2019-12-18T06:00:00-00:00,0,2019-12-17,22,0,ACTUAL,PGE,Total Actual Hourly Integrated Load,SYS_FCST_ACT_MW,3.8,2908,ACTUAL,282
2019-12-18T01:00:00-00:00,2019-12-18T02:00:00-00:00,0,2019-12-17,18,0,ACTUAL,PGE,Total Actual Hourly Integrated Load,SYS_FCST_ACT_MW,3.8,3248,ACTUAL,282
2019-12-18T06:00:00-00:00,2019-12-18T07:00:00-00:00,0,2019-12-17,23,0,ACTUAL,PGE,Total Actual Hourly Integrated Load,SYS_FCST_ACT_MW,3.8,2661,ACTUAL,282
2019-12-17T23:00:00-00:00,2019-12-18T00:00:00-00:00,0,2019-12-17,16,0,ACTUAL,PGE,Total Actual Hourly Integrated Load,SYS_FCST_ACT_MW,3.8,2949,ACTUAL,282
2019-12-17T15:00:00-00:00,2019-12-17T16:00:00-00:00,0,2019-12-17,8,0,ACTUAL,PGE,Total Actual Hourly Integrated Load,SYS_FCST_ACT_MW,3.8,3182,ACTUAL,282
2019-12-17T17:00:00-00:00,2019-12-17T18:00:00-00:00,0,2019-12-17,10,0,ACTUAL,PGE,Total Actual Hourly Integrated Load,SYS_FCST_ACT_MW,3.8,3109,ACTUAL,282
2019-12-17T16:00:00-00:00,2019-12-17T17:00:00-00:00,0,2019-12-17,9,0,ACTUAL,PGE,Total Actual Hourly Integrated Load,SYS_FCST_ACT_MW,3.8,3161,ACTUAL,282
2019-12-17T19:00:00-00:00,2019-12-17T20:00:00-00:00,0,2019-12-17,12,0,ACTUAL,PGE,Total Actual Hourly Integrated Load,SYS_FCST_ACT_MW,3.8,2999,ACTUAL,282
2019-12-17T14:00:00-00:00,2019-12-17T15:00:00-00:00,0,2019-12-17,7,0,ACTUAL,PGE,Total Actual Hourly Integrated Load,SYS_FCST_ACT_MW,3.8,2980,ACTUAL,282
2019-12-17T18:00:00-00:00,2019-12-17T19:00:00-00:00,0,2019-12-17,11,0,ACTUAL,PGE,Total Actual Hourly Integrated Load,SYS_FCST_ACT_MW,3.8,3045,ACTUAL,282
2019-12-17T13:00:00-00:00,2019-12-17T14:00:00-00:00,0,2019-12-17,6,0,ACTUAL,PGE-TAC,Total Actual Hourly Integrated Load,SYS_FCST_ACT_MW,3.1,10772,ACTUAL,283
2019-12-17T21:00:00-00:00,2019-12-17T22:00:00-00:00,0,2019-12-17,14,0,ACTUAL,PGE-TAC,Total Actual Hourly Integrated Load,SYS_FCST_ACT_MW,3.1,11455,ACTUAL,283
2019-12-18T05:00:00-00:00,2019-12-18T06:00:00-00:00,0,2019-12-17,22,0,ACTUAL,PGE-TAC,Total Actual Hourly Integrated Load,SYS_FCST_ACT_MW,3.1,12629,ACTUAL,283
2019-12-17T19:00:00-00:00,2019-12-17T20:00:00-00:00,0,2019-12-17,12,0,ACTUAL,PGE-TAC,Total Actual Hourly Integrated Load,SYS_FCST_ACT_MW,3.1,11341,ACTUAL,283
2019-12-17T20:00:00-00:00,2019-12-17T21:00:00-00:00,0,2019-12-17,13,0,ACTUAL,PGE-TAC,Total Actual Hourly Integrated Load,SYS_FCST_ACT_MW,3.1,11210,ACTUAL,283
2019-12-17T15:00:00-00:00,2019-12-17T16:00:00-00:00,0,2019-12-17,8,0,ACTUAL,PGE-TAC,Total Actual Hourly Integrated Load,SYS_FCST_ACT_MW,3.1,12844,ACTUAL,283
2019-12-17T17:00:00-00:00,2019-12-17T18:00:00-00:00,0,2019-12-17,10,0,ACTUAL,PGE-TAC,Total Actual Hourly Integrated Load,SYS_FCST_ACT_MW,3.1,12332,ACTUAL,283
2019-12-17T11:00:00-00:00,2019-12-17T12:00:00-00:00,0,2019-12-17,4,0,ACTUAL,PGE-TAC,Total Actual Hourly Integrated Load,SYS_FCST_ACT_MW,3.1,9685,ACTUAL,283
2019-12-17T08:00:00-00:00,2019-12-17T09:00:00-00:00,0,2019-12-17,1,0,ACTUAL,PGE-TAC,Total Actual Hourly Integrated Load,SYS_FCST_ACT_MW,3.1,10325,ACTUAL,283
2019-12-17T14:00:00-00:00,2019-12-17T15:00:00-00:00,0,2019-12-17,7,0,ACTUAL,PGE-TAC,Total Actual Hourly Integrated Load,SYS_FCST_ACT_MW,3.1,12027,ACTUAL,283
2019-12-17T12:00:00-00:00,2019-12-17T13:00:00-00:00,0,2019-12-17,5,0,ACTUAL,PGE-TAC,Total Actual Hourly Integrated Load,SYS_FCST_ACT_MW,3.1,9977,ACTUAL,283
2019-12-17T09:00:00-00:00,2019-12-17T10:00:00-00:00,0,2019-12-17,2,0,ACTUAL,PGE-TAC,Total Actual Hourly Integrated Load,SYS_FCST_ACT_MW,3.1,9994,ACTUAL,283
2019-12-18T02:00:00-00:00,2019-12-18T03:00:00-00:00,0,2019-12-17,19,0,ACTUAL,PGE-TAC,Total Actual Hourly Integrated Load,SYS_FCST_ACT_MW,3.1,13795,ACTUAL,283
2019-12-18T07:00:00-00:00,2019-12-18T08:00:00-00:00,0,2019-12-17,24,0,ACTUAL,PGE-TAC,Total Actual Hourly Integrated Load,SYS_FCST_ACT_MW,3.1,10709,ACTUAL,283
2019-12-17T18:00:00-00:00,2019-12-17T19:00:00-00:00,0,2019-12-17,11,0,ACTUAL,PGE-TAC,Total Actual Hourly Integrated Load,SYS_FCST_ACT_MW,3.1,11816,ACTUAL,283
2019-12-17T10:00:00-00:00,2019-12-17T11:00:00-00:00,0,2019-12-17,3,0,ACTUAL,PGE-TAC,Total Actual Hourly Integrated Load,SYS_FCST_ACT_MW,3.1,9720,ACTUAL,283
2019-12-17T16:00:00-00:00,2019-12-17T17:00:00-00:00,0,2019-12-17,9,0,ACTUAL,PGE-TAC,Total Actual Hourly Integrated Load,SYS_FCST_ACT_MW,3.1,12675,ACTUAL,283
2019-12-18T01:00:00-00:00,2019-12-18T02:00:00-00:00,0,2019-12-17,18,0,ACTUAL,PGE-TAC,Total Actual Hourly Integrated Load,SYS_FCST_ACT_MW,3.1,13642,ACTUAL,283
2019-12-18T06:00:00-00:00,2019-12-18T07:00:00-00:00,0,2019-12-17,23,0,ACTUAL,PGE-TAC,Total Actual Hourly Integrated Load,SYS_FCST_ACT_MW,3.1,11619,ACTUAL,283
2019-12-17T23:00:00-00:00,2019-12-18T00:00:00-00:00,0,2019-12-17,16,0,ACTUAL,PGE-TAC,Total Actual Hourly Integrated Load,SYS_FCST_ACT_MW,3.1,11950,ACTUAL,283
2019-12-17T22:00:00-00:00,2019-12-17T23:00:00-00:00,0,2019-12-17,15,0,ACTUAL,PGE-TAC,Total Actual Hourly Integrated Load,SYS_FCST_ACT_MW,3.1,11595,ACTUAL,283
2019-12-18T04:00:00-00:00,2019-12-18T05:00:00-00:00,0,2019-12-17,21,0,ACTUAL,PGE-TAC,Total Actual Hourly Integrated Load,SYS_FCST_ACT_MW,3.1,13297,ACTUAL,283
2019-12-18T03:00:00-00:00,2019-12-18T04:00:00-00:00,0,2019-12-17,20,0,ACTUAL,PGE-TAC,Total Actual Hourly Integrated Load,SYS_FCST_ACT_MW,3.1,13632,ACTUAL,283
2019-12-18T00:00:00-00:00,2019-12-18T01:00:00-00:00,0,2019-12-17,17,0,ACTUAL,PGE-TAC,Total Actual Hourly Integrated Load,SYS_FCST_ACT_MW,3.1,12625,ACTUAL,283
2019-12-17T10:00:00-00:00,2019-12-17T11:00:00-00:00,0,2019-12-17,3,0,ACTUAL,PSEI,Total Actual Hourly Integrated Load,SYS_FCST_ACT_MW,3.8,2708,ACTUAL,284
2019-12-18T03:00:00-00:00,2019-12-18T04:00:00-00:00,0,2019-12-17,20,0,ACTUAL,PSEI,Total Actual Hourly Integrated Load,SYS_FCST_ACT_MW,3.8,3841,ACTUAL,284
2019-12-17T17:00:00-00:00,2019-12-17T18:00:00-00:00,0,2019-12-17,10,0,ACTUAL,PSEI,Total Actual Hourly Integrated Load,SYS_FCST_ACT_MW,3.8,3814,ACTUAL,284
2019-12-17T21:00:00-00:00,2019-12-17T22:00:00-00:00,0,2019-12-17,14,0,ACTUAL,PSEI,Total Actual Hourly Integrated Load,SYS_FCST_ACT_MW,3.8,3538,ACTUAL,284
2019-12-18T01:00:00-00:00,2019-12-18T02:00:00-00:00,0,2019-12-17,18,0,ACTUAL,PSEI,Total Actual Hourly Integrated Load,SYS_FCST_ACT_MW,3.8,3955,ACTUAL,284
2019-12-18T00:00:00-00:00,2019-12-18T01:00:00-00:00,0,2019-12-17,17,0,ACTUAL,PSEI,Total Actual Hourly Integrated Load,SYS_FCST_ACT_MW,3.8,3809,ACTUAL,284
2019-12-18T06:00:00-00:00,2019-12-18T07:00:00-00:00,0,2019-12-17,23,0,ACTUAL,PSEI,Total Actual Hourly Integrated Load,SYS_FCST_ACT_MW,3.8,3168,ACTUAL,284
2019-12-17T09:00:00-00:00,2019-12-17T10:00:00-00:00,0,2019-12-17,2,0,ACTUAL,PSEI,Total Actual Hourly Integrated Load,SYS_FCST_ACT_MW,3.8,2712,ACTUAL,284
2019-12-17T11:00:00-00:00,2019-12-17T12:00:00-00:00,0,2019-12-17,4,0,ACTUAL,PSEI,Total Actual Hourly Integrated Load,SYS_FCST_ACT_MW,3.8,2774,ACTUAL,284
2019-12-17T16:00:00-00:00,2019-12-17T17:00:00-00:00,0,2019-12-17,9,0,ACTUAL,PSEI,Total Actual Hourly Integrated Load,SYS_FCST_ACT_MW,3.8,3897,ACTUAL,284
2019-12-17T20:00:00-00:00,2019-12-17T21:00:00-00:00,0,2019-12-17,13,0,ACTUAL,PSEI,Total Actual Hourly Integrated Load,SYS_FCST_ACT_MW,3.8,3590,ACTUAL,284
2019-12-18T04:00:00-00:00,2019-12-18T05:00:00-00:00,0,2019-12-17,21,0,ACTUAL,PSEI,Total Actual Hourly Integrated Load,SYS_FCST_ACT_MW,3.8,3711,ACTUAL,284
2019-12-18T02:00:00-00:00,2019-12-18T03:00:00-00:00,0,2019-12-17,19,0,ACTUAL,PSEI,Total Actual Hourly Integrated Load,SYS_FCST_ACT_MW,3.8,3921,ACTUAL,284
2019-12-17T15:00:00-00:00,2019-12-17T16:00:00-00:00,0,2019-12-17,8,0,ACTUAL,PSEI,Total Actual Hourly Integrated Load,SYS_FCST_ACT_MW,3.8,3924,ACTUAL,284
2019-12-17T18:00:00-00:00,2019-12-17T19:00:00-00:00,0,2019-12-17,11,0,ACTUAL,PSEI,Total Actual Hourly Integrated Load,SYS_FCST_ACT_MW,3.8,3730,ACTUAL,284
2019-12-17T23:00:00-00:00,2019-12-18T00:00:00-00:00,0,2019-12-17,16,0,ACTUAL,PSEI,Total Actual Hourly Integrated Load,SYS_FCST_ACT_MW,3.8,3587,ACTUAL,284
2019-12-18T05:00:00-00:00,2019-12-18T06:00:00-00:00,0,2019-12-17,22,0,ACTUAL,PSEI,Total Actual Hourly Integrated Load,SYS_FCST_ACT_MW,3.8,3483,ACTUAL,284
2019-12-18T07:00:00-00:00,2019-12-18T08:00:00-00:00,0,2019-12-17,24,0,ACTUAL,PSEI,Total Actual Hourly Integrated Load,SYS_FCST_ACT_MW,3.8,2895,ACTUAL,284
2019-12-17T12:00:00-00:00,2019-12-17T13:00:00-00:00,0,2019-12-17,5,0,ACTUAL,PSEI,Total Actual Hourly Integrated Load,SYS_FCST_ACT_MW,3.8,2962,ACTUAL,284
2019-12-17T14:00:00-00:00,2019-12-17T15:00:00-00:00,0,2019-12-17,7,0,ACTUAL,PSEI,Total Actual Hourly Integrated Load,SYS_FCST_ACT_MW,3.8,3688,ACTUAL,284
2019-12-17T19:00:00-00:00,2019-12-17T20:00:00-00:00,0,2019-12-17,12,0,ACTUAL,PSEI,Total Actual Hourly Integrated Load,SYS_FCST_ACT_MW,3.8,3648,ACTUAL,284
2019-12-17T22:00:00-00:00,2019-12-17T23:00:00-00:00,0,2019-12-17,15,0,ACTUAL,PSEI,Total Actual Hourly Integrated Load,SYS_FCST_ACT_MW,3.8,3520,ACTUAL,284
2019-12-17T08:00:00-00:00,2019-12-17T09:00:00-00:00,0,2019-12-17,1,0,ACTUAL,PSEI,Total Actual Hourly Integrated Load,SYS_FCST_ACT_MW,3.8,2787,ACTUAL,284
2019-12-17T13:00:00-00:00,2019-12-17T14:00:00-00:00,0,2019-12-17,6,0,ACTUAL,PSEI,Total Actual Hourly Integrated Load,SYS_FCST_ACT_MW,3.8,3294,ACTUAL,284
2019-12-18T03:00:00-00:00,2019-12-18T04:00:00-00:00,0,2019-12-17,20,0,ACTUAL,SCE-TAC,Total Actual Hourly Integrated Load,SYS_FCST_ACT_MW,3.2,13304,ACTUAL,285
2019-12-17T16:00:00-00:00,2019-12-17T17:00:00-00:00,0,2019-12-17,9,0,ACTUAL,SCE-TAC,Total Actual Hourly Integrated Load,SYS_FCST_ACT_MW,3.2,12096,ACTUAL,285
2019-12-17T08:00:00-00:00,2019-12-17T09:00:00-00:00,0,2019-12-17,1,0,ACTUAL,SCE-TAC,Total Actual Hourly Integrated Load,SYS_FCST_ACT_MW,3.2,10298,ACTUAL,285
2019-12-17T09:00:00-00:00,2019-12-17T10:00:00-00:00,0,2019-12-17,2,0,ACTUAL,SCE-TAC,Total Actual Hourly Integrated Load,SYS_FCST_ACT_MW,3.2,9918,ACTUAL,285
2019-12-17T14:00:00-00:00,2019-12-17T15:00:00-00:00,0,2019-12-17,7,0,ACTUAL,SCE-TAC,Total Actual Hourly Integrated Load,SYS_FCST_ACT_MW,3.2,11887,ACTUAL,285
2019-12-18T04:00:00-00:00,2019-12-18T05:00:00-00:00,0,2019-12-17,21,0,ACTUAL,SCE-TAC,Total Actual Hourly Integrated Load,SYS_FCST_ACT_MW,3.2,13047,ACTUAL,285
2019-12-17T15:00:00-00:00,2019-12-17T16:00:00-00:00,0,2019-12-17,8,0,ACTUAL,SCE-TAC,Total Actual Hourly Integrated Load,SYS_FCST_ACT_MW,3.2,12181,ACTUAL,285
2019-12-17T10:00:00-00:00,2019-12-17T11:00:00-00:00,0,2019-12-17,3,0,ACTUAL,SCE-TAC,Total Actual Hourly Integrated Load,SYS_FCST_ACT_MW,3.2,9723,ACTUAL,285
2019-12-17T19:00:00-00:00,2019-12-17T20:00:00-00:00,0,2019-12-17,12,0,ACTUAL,SCE-TAC,Total Actual Hourly Integrated Load,SYS_FCST_ACT_MW,3.2,11229,ACTUAL,285
2019-12-17T22:00:00-00:00,2019-12-17T23:00:00-00:00,0,2019-12-17,15,0,ACTUAL,SCE-TAC,Total Actual Hourly Integrated Load,SYS_FCST_ACT_MW,3.2,11204,ACTUAL,285
2019-12-18T01:00:00-00:00,2019-12-18T02:00:00-00:00,0,2019-12-17,18,0,ACTUAL,SCE-TAC,Total Actual Hourly Integrated Load,SYS_FCST_ACT_MW,3.2,13341,ACTUAL,285
2019-12-18T05:00:00-00:00,2019-12-18T06:00:00-00:00,0,2019-12-17,22,0,ACTUAL,SCE-TAC,Total Actual Hourly Integrated Load,SYS_FCST_ACT_MW,3.2,12562,ACTUAL,285
2019-12-18T07:00:00-00:00,2019-12-18T08:00:00-00:00,0,2019-12-17,24,0,ACTUAL,SCE-TAC,Total Actual Hourly Integrated Load,SYS_FCST_ACT_MW,3.2,10897,ACTUAL,285
2019-12-17T11:00:00-00:00,2019-12-17T12:00:00-00:00,0,2019-12-17,4,0,ACTUAL,SCE-TAC,Total Actual Hourly Integrated Load,SYS_FCST_ACT_MW,3.2,9722,ACTUAL,285
2019-12-17T17:00:00-00:00,2019-12-17T18:00:00-00:00,0,2019-12-17,10,0,ACTUAL,SCE-TAC,Total Actual Hourly Integrated Load,SYS_FCST_ACT_MW,3.2,11794,ACTUAL,285
2019-12-17T18:00:00-00:00,2019-12-17T19:00:00-00:00,0,2019-12-17,11,0,ACTUAL,SCE-TAC,Total Actual Hourly Integrated Load,SYS_FCST_ACT_MW,3.2,11467,ACTUAL,285
2019-12-17T12:00:00-00:00,2019-12-17T13:00:00-00:00,0,2019-12-17,5,0,ACTUAL,SCE-TAC,Total Actual Hourly Integrated Load,SYS_FCST_ACT_MW,3.2,10058,ACTUAL,285
2019-12-18T06:00:00-00:00,2019-12-18T07:00:00-00:00,0,2019-12-17,23,0,ACTUAL,SCE-TAC,Total Actual Hourly Integrated Load,SYS_FCST_ACT_MW,3.2,11747,ACTUAL,285
2019-12-17T13:00:00-00:00,2019-12-17T14:00:00-00:00,0,2019-12-17,6,0,ACTUAL,SCE-TAC,Total Actual Hourly Integrated Load,SYS_FCST_ACT_MW,3.2,10818,ACTUAL,285
2019-12-17T20:00:00-00:00,2019-12-17T21:00:00-00:00,0,2019-12-17,13,0,ACTUAL,SCE-TAC,Total Actual Hourly Integrated Load,SYS_FCST_ACT_MW,3.2,11069,ACTUAL,285
2019-12-17T21:00:00-00:00,2019-12-17T22:00:00-00:00,0,2019-12-17,14,0,ACTUAL,SCE-TAC,Total Actual Hourly Integrated Load,SYS_FCST_ACT_MW,3.2,11177,ACTUAL,285
2019-12-17T23:00:00-00:00,2019-12-18T00:00:00-00:00,0,2019-12-17,16,0,ACTUAL,SCE-TAC,Total Actual Hourly Integrated Load,SYS_FCST_ACT_MW,3.2,11551,ACTUAL,285
2019-12-18T00:00:00-00:00,2019-12-18T01:00:00-00:00,0,2019-12-17,17,0,ACTUAL,SCE-TAC,Total Actual Hourly Integrated Load,SYS_FCST_ACT_MW,3.2,12319,ACTUAL,285
2019-12-18T02:00:00-00:00,2019-12-18T03:00:00-00:00,0,2019-12-17,19,0,ACTUAL,SCE-TAC,Total Actual Hourly Integrated Load,SYS_FCST_ACT_MW,3.2,13397,ACTUAL,285
2019-12-18T05:00:00-00:00,2019-12-18T06:00:00-00:00,0,2019-12-17,22,0,ACTUAL,SCL,Total Actual Hourly Integrated Load,SYS_FCST_ACT_MW,3.8,1270,ACTUAL,286
2019-12-17T17:00:00-00:00,2019-12-17T18:00:00-00:00,0,2019-12-17,10,0,ACTUAL,SCL,Total Actual Hourly Integrated Load,SYS_FCST_ACT_MW,3.8,1434,ACTUAL,286
2019-12-17T14:00:00-00:00,2019-12-17T15:00:00-00:00,0,2019-12-17,7,0,ACTUAL,SCL,Total Actual Hourly Integrated Load,SYS_FCST_ACT_MW,3.8,1351,ACTUAL,286
2019-12-17T15:00:00-00:00,2019-12-17T16:00:00-00:00,0,2019-12-17,8,0,ACTUAL,SCL,Total Actual Hourly Integrated Load,SYS_FCST_ACT_MW,3.8,1466,ACTUAL,286
2019-12-17T13:00:00-00:00,2019-12-17T14:00:00-00:00,0,2019-12-17,6,0,ACTUAL,SCL,Total Actual Hourly Integrated Load,SYS_FCST_ACT_MW,3.8,1174,ACTUAL,286
2019-12-17T23:00:00-00:00,2019-12-18T00:00:00-00:00,0,2019-12-17,16,0,ACTUAL,SCL,Total Actual Hourly Integrated Load,SYS_FCST_ACT_MW,3.8,1335,ACTUAL,286
2019-12-18T02:00:00-00:00,2019-12-18T03:00:00-00:00,0,2019-12-17,19,0,ACTUAL,SCL,Total Actual Hourly Integrated Load,SYS_FCST_ACT_MW,3.8,1418,ACTUAL,286
2019-12-17T08:00:00-00:00,2019-12-17T09:00:00-00:00,0,2019-12-17,1,0,ACTUAL,SCL,Total Actual Hourly Integrated Load,SYS_FCST_ACT_MW,3.8,1020,ACTUAL,286
2019-12-18T07:00:00-00:00,2019-12-18T08:00:00-00:00,0,2019-12-17,24,0,ACTUAL,SCL,Total Actual Hourly Integrated Load,SYS_FCST_ACT_MW,3.8,1068,ACTUAL,286
2019-12-17T11:00:00-00:00,2019-12-17T12:00:00-00:00,0,2019-12-17,4,0,ACTUAL,SCL,Total Actual Hourly Integrated Load,SYS_FCST_ACT_MW,3.8,984,ACTUAL,286
2019-12-17T16:00:00-00:00,2019-12-17T17:00:00-00:00,0,2019-12-17,9,0,ACTUAL,SCL,Total Actual Hourly Integrated Load,SYS_FCST_ACT_MW,3.8,1456,ACTUAL,286
2019-12-17T19:00:00-00:00,2019-12-17T20:00:00-00:00,0,2019-12-17,12,0,ACTUAL,SCL,Total Actual Hourly Integrated Load,SYS_FCST_ACT_MW,3.8,1402,ACTUAL,286
2019-12-17T20:00:00-00:00,2019-12-17T21:00:00-00:00,0,2019-12-17,13,0,ACTUAL,SCL,Total Actual Hourly Integrated Load,SYS_FCST_ACT_MW,3.8,1347,ACTUAL,286
2019-12-18T03:00:00-00:00,2019-12-18T04:00:00-00:00,0,2019-12-17,20,0,ACTUAL,SCL,Total Actual Hourly Integrated Load,SYS_FCST_ACT_MW,3.8,1384,ACTUAL,286
2019-12-18T04:00:00-00:00,2019-12-18T05:00:00-00:00,0,2019-12-17,21,0,ACTUAL,SCL,Total Actual Hourly Integrated Load,SYS_FCST_ACT_MW,3.8,1342,ACTUAL,286
2019-12-17T18:00:00-00:00,2019-12-17T19:00:00-00:00,0,2019-12-17,11,0,ACTUAL,SCL,Total Actual Hourly Integrated Load,SYS_FCST_ACT_MW,3.8,1433,ACTUAL,286
2019-12-18T00:00:00-00:00,2019-12-18T01:00:00-00:00,0,2019-12-17,17,0,ACTUAL,SCL,Total Actual Hourly Integrated Load,SYS_FCST_ACT_MW,3.8,1396,ACTUAL,286
2019-12-18T06:00:00-00:00,2019-12-18T07:00:00-00:00,0,2019-12-17,23,0,ACTUAL,SCL,Total Actual Hourly Integrated Load,SYS_FCST_ACT_MW,3.8,1168,ACTUAL,286
2019-12-17T21:00:00-00:00,2019-12-17T22:00:00-00:00,0,2019-12-17,14,0,ACTUAL,SCL,Total Actual Hourly Integrated Load,SYS_FCST_ACT_MW,3.8,1343,ACTUAL,286
2019-12-17T22:00:00-00:00,2019-12-17T23:00:00-00:00,0,2019-12-17,15,0,ACTUAL,SCL,Total Actual Hourly Integrated Load,SYS_FCST_ACT_MW,3.8,1331,ACTUAL,286
2019-12-18T01:00:00-00:00,2019-12-18T02:00:00-00:00,0,2019-12-17,18,0,ACTUAL,SCL,Total Actual Hourly Integrated Load,SYS_FCST_ACT_MW,3.8,1441,ACTUAL,286
2019-12-17T10:00:00-00:00,2019-12-17T11:00:00-00:00,0,2019-12-17,3,0,ACTUAL,SCL,Total Actual Hourly Integrated Load,SYS_FCST_ACT_MW,3.8,970,ACTUAL,286
2019-12-17T09:00:00-00:00,2019-12-17T10:00:00-00:00,0,2019-12-17,2,0,ACTUAL,SCL,Total Actual Hourly Integrated Load,SYS_FCST_ACT_MW,3.8,981,ACTUAL,286
2019-12-17T12:00:00-00:00,2019-12-17T13:00:00-00:00,0,2019-12-17,5,0,ACTUAL,SCL,Total Actual Hourly Integrated Load,SYS_FCST_ACT_MW,3.8,1046,ACTUAL,286
2019-12-18T06:00:00-00:00,2019-12-18T07:00:00-00:00,0,2019-12-17,23,0,ACTUAL,SDGE-TAC,Total Actual Hourly Integrated Load,SYS_FCST_ACT_MW,3.4,2373,ACTUAL,287
2019-12-18T04:00:00-00:00,2019-12-18T05:00:00-00:00,0,2019-12-17,21,0,ACTUAL,SDGE-TAC,Total Actual Hourly Integrated Load,SYS_FCST_ACT_MW,3.4,2780,ACTUAL,287
2019-12-17T13:00:00-00:00,2019-12-17T14:00:00-00:00,0,2019-12-17,6,0,ACTUAL,SDGE-TAC,Total Actual Hourly Integrated Load,SYS_FCST_ACT_MW,3.4,2190,ACTUAL,287
2019-12-17T14:00:00-00:00,2019-12-17T15:00:00-00:00,0,2019-12-17,7,0,ACTUAL,SDGE-TAC,Total Actual Hourly Integrated Load,SYS_FCST_ACT_MW,3.4,2482,ACTUAL,287
2019-12-17T17:00:00-00:00,2019-12-17T18:00:00-00:00,0,2019-12-17,10,0,ACTUAL,SDGE-TAC,Total Actual Hourly Integrated Load,SYS_FCST_ACT_MW,3.4,2168,ACTUAL,287
2019-12-17T23:00:00-00:00,2019-12-18T00:00:00-00:00,0,2019-12-17,16,0,ACTUAL,SDGE-TAC,Total Actual Hourly Integrated Load,SYS_FCST_ACT_MW,3.4,2314,ACTUAL,287
2019-12-17T09:00:00-00:00,2019-12-17T10:00:00-00:00,0,2019-12-17,2,0,ACTUAL,SDGE-TAC,Total Actual Hourly Integrated Load,SYS_FCST_ACT_MW,3.4,1954,ACTUAL,287
2019-12-17T10:00:00-00:00,2019-12-17T11:00:00-00:00,0,2019-12-17,3,0,ACTUAL,SDGE-TAC,Total Actual Hourly Integrated Load,SYS_FCST_ACT_MW,3.4,1909,ACTUAL,287
2019-12-17T11:00:00-00:00,2019-12-17T12:00:00-00:00,0,2019-12-17,4,0,ACTUAL,SDGE-TAC,Total Actual Hourly Integrated Load,SYS_FCST_ACT_MW,3.4,1906,ACTUAL,287
2019-12-18T00:00:00-00:00,2019-12-18T01:00:00-00:00,0,2019-12-17,17,0,ACTUAL,SDGE-TAC,Total Actual Hourly Integrated Load,SYS_FCST_ACT_MW,3.4,2578,ACTUAL,287
2019-12-17T08:00:00-00:00,2019-12-17T09:00:00-00:00,0,2019-12-17,1,0,ACTUAL,SDGE-TAC,Total Actual Hourly Integrated Load,SYS_FCST_ACT_MW,3.4,2039,ACTUAL,287
2019-12-17T16:00:00-00:00,2019-12-17T17:00:00-00:00,0,2019-12-17,9,0,ACTUAL,SDGE-TAC,Total Actual Hourly Integrated Load,SYS_FCST_ACT_MW,3.4,2374,ACTUAL,287
2019-12-17T12:00:00-00:00,2019-12-17T13:00:00-00:00,0,2019-12-17,5,0,ACTUAL,SDGE-TAC,Total Actual Hourly Integrated Load,SYS_FCST_ACT_MW,3.4,1984,ACTUAL,287
2019-12-17T20:00:00-00:00,2019-12-17T21:00:00-00:00,0,2019-12-17,13,0,ACTUAL,SDGE-TAC,Total Actual Hourly Integrated Load,SYS_FCST_ACT_MW,3.4,1918,ACTUAL,287
2019-12-18T05:00:00-00:00,2019-12-18T06:00:00-00:00,0,2019-12-17,22,0,ACTUAL,SDGE-TAC,Total Actual Hourly Integrated Load,SYS_FCST_ACT_MW,3.4,2608,ACTUAL,287
2019-12-17T19:00:00-00:00,2019-12-17T20:00:00-00:00,0,2019-12-17,12,0,ACTUAL,SDGE-TAC,Total Actual Hourly Integrated Load,SYS_FCST_ACT_MW,3.4,1918,ACTUAL,287
2019-12-17T18:00:00-00:00,2019-12-17T19:00:00-00:00,0,2019-12-17,11,0,ACTUAL,SDGE-TAC,Total Actual Hourly Integrated Load,SYS_FCST_ACT_MW,3.4,2030,ACTUAL,287
2019-12-17T21:00:00-00:00,2019-12-17T22:00:00-00:00,0,2019-12-17,14,0,ACTUAL,SDGE-TAC,Total Actual Hourly Integrated Load,SYS_FCST_ACT_MW,3.4,1965,ACTUAL,287
2019-12-17T22:00:00-00:00,2019-12-17T23:00:00-00:00,0,2019-12-17,15,0,ACTUAL,SDGE-TAC,Total Actual Hourly Integrated Load,SYS_FCST_ACT_MW,3.4,2135,ACTUAL,287
2019-12-18T03:00:00-00:00,2019-12-18T04:00:00-00:00,0,2019-12-17,20,0,ACTUAL,SDGE-TAC,Total Actual Hourly Integrated Load,SYS_FCST_ACT_MW,3.4,2864,ACTUAL,287
2019-12-18T01:00:00-00:00,2019-12-18T02:00:00-00:00,0,2019-12-17,18,0,ACTUAL,SDGE-TAC,Total Actual Hourly Integrated Load,SYS_FCST_ACT_MW,3.4,2892,ACTUAL,287
2019-12-18T02:00:00-00:00,2019-12-18T03:00:00-00:00,0,2019-12-17,19,0,ACTUAL,SDGE-TAC,Total Actual Hourly Integrated Load,SYS_FCST_ACT_MW,3.4,2907,ACTUAL,287
2019-12-17T15:00:00-00:00,2019-12-17T16:00:00-00:00,0,2019-12-17,8,0,ACTUAL,SDGE-TAC,Total Actual Hourly Integrated Load,SYS_FCST_ACT_MW,3.4,2556,ACTUAL,287
2019-12-18T07:00:00-00:00,2019-12-18T08:00:00-00:00,0,2019-12-17,24,0,ACTUAL,SDGE-TAC,Total Actual Hourly Integrated Load,SYS_FCST_ACT_MW,3.4,2164,ACTUAL,287
2019-12-17T14:00:00-00:00,2019-12-17T15:00:00-00:00,0,2019-12-17,7,0,ACTUAL,SRP,Total Actual Hourly Integrated Load,SYS_FCST_ACT_MW,3.8,3620,ACTUAL,288
2019-12-18T00:00:00-00:00,2019-12-18T01:00:00-00:00,0,2019-12-17,17,0,ACTUAL,SRP,Total Actual Hourly Integrated Load,SYS_FCST_ACT_MW,3.8,3071,ACTUAL,288
2019-12-17T09:00:00-00:00,2019-12-17T10:00:00-00:00,0,2019-12-17,2,0,ACTUAL,SRP,Total Actual Hourly Integrated Load,SYS_FCST_ACT_MW,3.8,2721,ACTUAL,288
2019-12-17T11:00:00-00:00,2019-12-17T12:00:00-00:00,0,2019-12-17,4,0,ACTUAL,SRP,Total Actual Hourly Integrated Load,SYS_FCST_ACT_MW,3.8,2925,ACTUAL,288
2019-12-17T16:00:00-00:00,2019-12-17T17:00:00-00:00,0,2019-12-17,9,0,ACTUAL,SRP,Total Actual Hourly Integrated Load,SYS_FCST_ACT_MW,3.8,3180,ACTUAL,288
2019-12-18T06:00:00-00:00,2019-12-18T07:00:00-00:00,0,2019-12-17,23,0,ACTUAL,SRP,Total Actual Hourly Integrated Load,SYS_FCST_ACT_MW,3.8,2899,ACTUAL,288
2019-12-17T13:00:00-00:00,2019-12-17T14:00:00-00:00,0,2019-12-17,6,0,ACTUAL,SRP,Total Actual Hourly Integrated Load,SYS_FCST_ACT_MW,3.8,3569,ACTUAL,288
2019-12-17T21:00:00-00:00,2019-12-17T22:00:00-00:00,0,2019-12-17,14,0,ACTUAL,SRP,Total Actual Hourly Integrated Load,SYS_FCST_ACT_MW,3.8,2651,ACTUAL,288
2019-12-18T05:00:00-00:00,2019-12-18T06:00:00-00:00,0,2019-12-17,22,0,ACTUAL,SRP,Total Actual Hourly Integrated Load,SYS_FCST_ACT_MW,3.8,3107,ACTUAL,288
2019-12-18T07:00:00-00:00,2019-12-18T08:00:00-00:00,0,2019-12-17,24,0,ACTUAL,SRP,Total Actual Hourly Integrated Load,SYS_FCST_ACT_MW,3.8,2772,ACTUAL,288
2019-12-17T19:00:00-00:00,2019-12-17T20:00:00-00:00,0,2019-12-17,12,0,ACTUAL,SRP,Total Actual Hourly Integrated Load,SYS_FCST_ACT_MW,3.8,2781,ACTUAL,288
2019-12-17T23:00:00-00:00,2019-12-18T00:00:00-00:00,0,2019-12-17,16,0,ACTUAL,SRP,Total Actual Hourly Integrated Load,SYS_FCST_ACT_MW,3.8,2768,ACTUAL,288
2019-12-17T10:00:00-00:00,2019-12-17T11:00:00-00:00,0,2019-12-17,3,0,ACTUAL,SRP,Total Actual Hourly Integrated Load,SYS_FCST_ACT_MW,3.8,2767,ACTUAL,288
2019-12-17T12:00:00-00:00,2019-12-17T13:00:00-00:00,0,2019-12-17,5,0,ACTUAL,SRP,Total Actual Hourly Integrated Load,SYS_FCST_ACT_MW,3.8,3207,ACTUAL,288
2019-12-17T15:00:00-00:00,2019-12-17T16:00:00-00:00,0,2019-12-17,8,0,ACTUAL,SRP,Total Actual Hourly Integrated Load,SYS_FCST_ACT_MW,3.8,3412,ACTUAL,288
2019-12-17T20:00:00-00:00,2019-12-17T21:00:00-00:00,0,2019-12-17,13,0,ACTUAL,SRP,Total Actual Hourly Integrated Load,SYS_FCST_ACT_MW,3.8,2693,ACTUAL,288
2019-12-18T04:00:00-00:00,2019-12-18T05:00:00-00:00,0,2019-12-17,21,0,ACTUAL,SRP,Total Actual Hourly Integrated Load,SYS_FCST_ACT_MW,3.8,3304,ACTUAL,288
2019-12-18T03:00:00-00:00,2019-12-18T04:00:00-00:00,0,2019-12-17,20,0,ACTUAL,SRP,Total Actual Hourly Integrated Load,SYS_FCST_ACT_MW,3.8,3413,ACTUAL,288
2019-12-17T08:00:00-00:00,2019-12-17T09:00:00-00:00,0,2019-12-17,1,0,ACTUAL,SRP,Total Actual Hourly Integrated Load,SYS_FCST_ACT_MW,3.8,2734,ACTUAL,288
2019-12-17T22:00:00-00:00,2019-12-17T23:00:00-00:00,0,2019-12-17,15,0,ACTUAL,SRP,Total Actual Hourly Integrated Load,SYS_FCST_ACT_MW,3.8,2657,ACTUAL,288
2019-12-18T01:00:00-00:00,2019-12-18T02:00:00-00:00,0,2019-12-17,18,0,ACTUAL,SRP,Total Actual Hourly Integrated Load,SYS_FCST_ACT_MW,3.8,3343,ACTUAL,288
2019-12-18T02:00:00-00:00,2019-12-18T03:00:00-00:00,0,2019-12-17,19,0,ACTUAL,SRP,Total Actual Hourly Integrated Load,SYS_FCST_ACT_MW,3.8,3420,ACTUAL,288
2019-12-17T18:00:00-00:00,2019-12-17T19:00:00-00:00,0,2019-12-17,11,0,ACTUAL,SRP,Total Actual Hourly Integrated Load,SYS_FCST_ACT_MW,3.8,2874,ACTUAL,288
2019-12-17T17:00:00-00:00,2019-12-17T18:00:00-00:00,0,2019-12-17,10,0,ACTUAL,SRP,Total Actual Hourly Integrated Load,SYS_FCST_ACT_MW,3.8,3035,ACTUAL,288
2019-12-17T19:00:00-00:00,2019-12-17T20:00:00-00:00,0,2019-12-17,12,0,ACTUAL,VEA-TAC,Total Actual Hourly Integrated Load,SYS_FCST_ACT_MW,3.5,79,ACTUAL,289
2019-12-17T14:00:00-00:00,2019-12-17T15:00:00-00:00,0,2019-12-17,7,0,ACTUAL,VEA-TAC,Total Actual Hourly Integrated Load,SYS_FCST_ACT_MW,3.5,125,ACTUAL,289
2019-12-17T22:00:00-00:00,2019-12-17T23:00:00-00:00,0,2019-12-17,15,0,ACTUAL,VEA-TAC,Total Actual Hourly Integrated Load,SYS_FCST_ACT_MW,3.5,69,ACTUAL,289
2019-12-18T07:00:00-00:00,2019-12-18T08:00:00-00:00,0,2019-12-17,24,0,ACTUAL,VEA-TAC,Total Actual Hourly Integrated Load,SYS_FCST_ACT_MW,3.5,86,ACTUAL,289
2019-12-17T15:00:00-00:00,2019-12-17T16:00:00-00:00,0,2019-12-17,8,0,ACTUAL,VEA-TAC,Total Actual Hourly Integrated Load,SYS_FCST_ACT_MW,3.5,124,ACTUAL,289
2019-12-17T17:00:00-00:00,2019-12-17T18:00:00-00:00,0,2019-12-17,10,0,ACTUAL,VEA-TAC,Total Actual Hourly Integrated Load,SYS_FCST_ACT_MW,3.5,98,ACTUAL,289
2019-12-18T04:00:00-00:00,2019-12-18T05:00:00-00:00,0,2019-12-17,21,0,ACTUAL,VEA-TAC,Total Actual Hourly Integrated Load,SYS_FCST_ACT_MW,3.5,95,ACTUAL,289
2019-12-17T11:00:00-00:00,2019-12-17T12:00:00-00:00,0,2019-12-17,4,0,ACTUAL,VEA-TAC,Total Actual Hourly Integrated Load,SYS_FCST_ACT_MW,3.5,100,ACTUAL,289
2019-12-17T10:00:00-00:00,2019-12-17T11:00:00-00:00,0,2019-12-17,3,0,ACTUAL,VEA-TAC,Total Actual Hourly Integrated Load,SYS_FCST_ACT_MW,3.5,95,ACTUAL,289
2019-12-18T05:00:00-00:00,2019-12-18T06:00:00-00:00,0,2019-12-17,22,0,ACTUAL,VEA-TAC,Total Actual Hourly Integrated Load,SYS_FCST_ACT_MW,3.5,92,ACTUAL,289
2019-12-17T08:00:00-00:00,2019-12-17T09:00:00-00:00,0,2019-12-17,1,0,ACTUAL,VEA-TAC,Total Actual Hourly Integrated Load,SYS_FCST_ACT_MW,3.5,90,ACTUAL,289
2019-12-17T09:00:00-00:00,2019-12-17T10:00:00-00:00,0,2019-12-17,2,0,ACTUAL,VEA-TAC,Total Actual Hourly Integrated Load,SYS_FCST_ACT_MW,3.5,92,ACTUAL,289
2019-12-17T12:00:00-00:00,2019-12-17T13:00:00-00:00,0,2019-12-17,5,0,ACTUAL,VEA-TAC,Total Actual Hourly Integrated Load,SYS_FCST_ACT_MW,3.5,106,ACTUAL,289
2019-12-17T16:00:00-00:00,2019-12-17T17:00:00-00:00,0,2019-12-17,9,0,ACTUAL,VEA-TAC,Total Actual Hourly Integrated Load,SYS_FCST_ACT_MW,3.5,110,ACTUAL,289
2019-12-17T18:00:00-00:00,2019-12-17T19:00:00-00:00,0,2019-12-17,11,0,ACTUAL,VEA-TAC,Total Actual Hourly Integrated Load,SYS_FCST_ACT_MW,3.5,87,ACTUAL,289
2019-12-18T02:00:00-00:00,2019-12-18T03:00:00-00:00,0,2019-12-17,19,0,ACTUAL,VEA-TAC,Total Actual Hourly Integrated Load,SYS_FCST_ACT_MW,3.5,96,ACTUAL,289
2019-12-17T21:00:00-00:00,2019-12-17T22:00:00-00:00,0,2019-12-17,14,0,ACTUAL,VEA-TAC,Total Actual Hourly Integrated Load,SYS_FCST_ACT_MW,3.5,69,ACTUAL,289
2019-12-17T23:00:00-00:00,2019-12-18T00:00:00-00:00,0,2019-12-17,16,0,ACTUAL,VEA-TAC,Total Actual Hourly Integrated Load,SYS_FCST_ACT_MW,3.5,75,ACTUAL,289
2019-12-17T13:00:00-00:00,2019-12-17T14:00:00-00:00,0,2019-12-17,6,0,ACTUAL,VEA-TAC,Total Actual Hourly Integrated Load,SYS_FCST_ACT_MW,3.5,116,ACTUAL,289
2019-12-18T01:00:00-00:00,2019-12-18T02:00:00-00:00,0,2019-12-17,18,0,ACTUAL,VEA-TAC,Total Actual Hourly Integrated Load,SYS_FCST_ACT_MW,3.5,94,ACTUAL,289
2019-12-18T00:00:00-00:00,2019-12-18T01:00:00-00:00,0,2019-12-17,17,0,ACTUAL,VEA-TAC,Total Actual Hourly Integrated Load,SYS_FCST_ACT_MW,3.5,86,ACTUAL,289
2019-12-18T03:00:00-00:00,2019-12-18T04:00:00-00:00,0,2019-12-17,20,0,ACTUAL,VEA-TAC,Total Actual Hourly Integrated Load,SYS_FCST_ACT_MW,3.5,97,ACTUAL,289
2019-12-18T06:00:00-00:00,2019-12-18T07:00:00-00:00,0,2019-12-17,23,0,ACTUAL,VEA-TAC,Total Actual Hourly Integrated Load,SYS_FCST_ACT_MW,3.5,89,ACTUAL,289
2019-12-17T20:00:00-00:00,2019-12-17T21:00:00-00:00,0,2019-12-17,13,0,ACTUAL,VEA-TAC,Total Actual Hourly Integrated Load,SYS_FCST_ACT_MW,3.5,73,ACTUAL,289
2019-12-19T05:00:00-00:00,2019-12-19T06:00:00-00:00,0,2019-12-18,22,0,ACTUAL,AZPS,Total Actual Hourly Integrated Load,SYS_FCST_ACT_MW,3.8,3199,ACTUAL,290
2019-12-18T09:00:00-00:00,2019-12-18T10:00:00-00:00,0,2019-12-18,2,0,ACTUAL,AZPS,Total Actual Hourly Integrated Load,SYS_FCST_ACT_MW,3.8,2891,ACTUAL,290
2019-12-18T14:00:00-00:00,2019-12-18T15:00:00-00:00,0,2019-12-18,7,0,ACTUAL,AZPS,Total Actual Hourly Integrated Load,SYS_FCST_ACT_MW,3.8,3757,ACTUAL,290
2019-12-18T21:00:00-00:00,2019-12-18T22:00:00-00:00,0,2019-12-18,14,0,ACTUAL,AZPS,Total Actual Hourly Integrated Load,SYS_FCST_ACT_MW,3.8,2530,ACTUAL,290
2019-12-18T23:00:00-00:00,2019-12-19T00:00:00-00:00,0,2019-12-18,16,0,ACTUAL,AZPS,Total Actual Hourly Integrated Load,SYS_FCST_ACT_MW,3.8,2887,ACTUAL,290
2019-12-19T00:00:00-00:00,2019-12-19T01:00:00-00:00,0,2019-12-18,17,0,ACTUAL,AZPS,Total Actual Hourly Integrated Load,SYS_FCST_ACT_MW,3.8,3256,ACTUAL,290
2019-12-19T03:00:00-00:00,2019-12-19T04:00:00-00:00,0,2019-12-18,20,0,ACTUAL,AZPS,Total Actual Hourly Integrated Load,SYS_FCST_ACT_MW,3.8,3473,ACTUAL,290
2019-12-19T01:00:00-00:00,2019-12-19T02:00:00-00:00,0,2019-12-18,18,0,ACTUAL,AZPS,Total Actual Hourly Integrated Load,SYS_FCST_ACT_MW,3.8,3445,ACTUAL,290
2019-12-18T16:00:00-00:00,2019-12-18T17:00:00-00:00,0,2019-12-18,9,0,ACTUAL,AZPS,Total Actual Hourly Integrated Load,SYS_FCST_ACT_MW,3.8,3183,ACTUAL,290
2019-12-18T17:00:00-00:00,2019-12-18T18:00:00-00:00,0,2019-12-18,10,0,ACTUAL,AZPS,Total Actual Hourly Integrated Load,SYS_FCST_ACT_MW,3.8,2855,ACTUAL,290
2019-12-18T19:00:00-00:00,2019-12-18T20:00:00-00:00,0,2019-12-18,12,0,ACTUAL,AZPS,Total Actual Hourly Integrated Load,SYS_FCST_ACT_MW,3.8,2515,ACTUAL,290
2019-12-19T04:00:00-00:00,2019-12-19T05:00:00-00:00,0,2019-12-18,21,0,ACTUAL,AZPS,Total Actual Hourly Integrated Load,SYS_FCST_ACT_MW,3.8,3390,ACTUAL,290
2019-12-19T02:00:00-00:00,2019-12-19T03:00:00-00:00,0,2019-12-18,19,0,ACTUAL,AZPS,Total Actual Hourly Integrated Load,SYS_FCST_ACT_MW,3.8,3462,ACTUAL,290
2019-12-18T18:00:00-00:00,2019-12-18T19:00:00-00:00,0,2019-12-18,11,0,ACTUAL,AZPS,Total Actual Hourly Integrated Load,SYS_FCST_ACT_MW,3.8,2646,ACTUAL,290
2019-12-18T22:00:00-00:00,2019-12-18T23:00:00-00:00,0,2019-12-18,15,0,ACTUAL,AZPS,Total Actual Hourly Integrated Load,SYS_FCST_ACT_MW,3.8,2651,ACTUAL,290
2019-12-18T08:00:00-00:00,2019-12-18T09:00:00-00:00,0,2019-12-18,1,0,ACTUAL,AZPS,Total Actual Hourly Integrated Load,SYS_FCST_ACT_MW,3.8,2904,ACTUAL,290
2019-12-18T10:00:00-00:00,2019-12-18T11:00:00-00:00,0,2019-12-18,3,0,ACTUAL,AZPS,Total Actual Hourly Integrated Load,SYS_FCST_ACT_MW,3.8,2926,ACTUAL,290
2019-12-18T12:00:00-00:00,2019-12-18T13:00:00-00:00,0,2019-12-18,5,0,ACTUAL,AZPS,Total Actual Hourly Integrated Load,SYS_FCST_ACT_MW,3.8,3345,ACTUAL,290
2019-12-18T20:00:00-00:00,2019-12-18T21:00:00-00:00,0,2019-12-18,13,0,ACTUAL,AZPS,Total Actual Hourly Integrated Load,SYS_FCST_ACT_MW,3.8,2472,ACTUAL,290
2019-12-18T11:00:00-00:00,2019-12-18T12:00:00-00:00,0,2019-12-18,4,0,ACTUAL,AZPS,Total Actual Hourly Integrated Load,SYS_FCST_ACT_MW,3.8,3054,ACTUAL,290
2019-12-18T15:00:00-00:00,2019-12-18T16:00:00-00:00,0,2019-12-18,8,0,ACTUAL,AZPS,Total Actual Hourly Integrated Load,SYS_FCST_ACT_MW,3.8,3569,ACTUAL,290
2019-12-19T06:00:00-00:00,2019-12-19T07:00:00-00:00,0,2019-12-18,23,0,ACTUAL,AZPS,Total Actual Hourly Integrated Load,SYS_FCST_ACT_MW,3.8,3005,ACTUAL,290
2019-12-19T07:00:00-00:00,2019-12-19T08:00:00-00:00,0,2019-12-18,24,0,ACTUAL,AZPS,Total Actual Hourly Integrated Load,SYS_FCST_ACT_MW,3.8,2918,ACTUAL,290
2019-12-18T13:00:00-00:00,2019-12-18T14:00:00-00:00,0,2019-12-18,6,0,ACTUAL,AZPS,Total Actual Hourly Integrated Load,SYS_FCST_ACT_MW,3.8,3684,ACTUAL,290
2019-12-18T08:00:00-00:00,2019-12-18T09:00:00-00:00,0,2019-12-18,1,0,ACTUAL,BANCSMUD,Total Actual Hourly Integrated Load,SYS_FCST_ACT_MW,3.8,1058,ACTUAL,291
2019-12-19T01:00:00-00:00,2019-12-19T02:00:00-00:00,0,2019-12-18,18,0,ACTUAL,BANCSMUD,Total Actual Hourly Integrated Load,SYS_FCST_ACT_MW,3.8,1433,ACTUAL,291
2019-12-18T22:00:00-00:00,2019-12-18T23:00:00-00:00,0,2019-12-18,15,0,ACTUAL,BANCSMUD,Total Actual Hourly Integrated Load,SYS_FCST_ACT_MW,3.8,1265,ACTUAL,291
2019-12-18T11:00:00-00:00,2019-12-18T12:00:00-00:00,0,2019-12-18,4,0,ACTUAL,BANCSMUD,Total Actual Hourly Integrated Load,SYS_FCST_ACT_MW,3.8,992,ACTUAL,291
2019-12-18T10:00:00-00:00,2019-12-18T11:00:00-00:00,0,2019-12-18,3,0,ACTUAL,BANCSMUD,Total Actual Hourly Integrated Load,SYS_FCST_ACT_MW,3.8,990,ACTUAL,291
2019-12-19T00:00:00-00:00,2019-12-19T01:00:00-00:00,0,2019-12-18,17,0,ACTUAL,BANCSMUD,Total Actual Hourly Integrated Load,SYS_FCST_ACT_MW,3.8,1348,ACTUAL,291
2019-12-18T21:00:00-00:00,2019-12-18T22:00:00-00:00,0,2019-12-18,14,0,ACTUAL,BANCSMUD,Total Actual Hourly Integrated Load,SYS_FCST_ACT_MW,3.8,1260,ACTUAL,291
2019-12-18T19:00:00-00:00,2019-12-18T20:00:00-00:00,0,2019-12-18,12,0,ACTUAL,BANCSMUD,Total Actual Hourly Integrated Load,SYS_FCST_ACT_MW,3.8,1334,ACTUAL,291
2019-12-18T16:00:00-00:00,2019-12-18T17:00:00-00:00,0,2019-12-18,9,0,ACTUAL,BANCSMUD,Total Actual Hourly Integrated Load,SYS_FCST_ACT_MW,3.8,1364,ACTUAL,291
2019-12-18T14:00:00-00:00,2019-12-18T15:00:00-00:00,0,2019-12-18,7,0,ACTUAL,BANCSMUD,Total Actual Hourly Integrated Load,SYS_FCST_ACT_MW,3.8,1281,ACTUAL,291
2019-12-19T07:00:00-00:00,2019-12-19T08:00:00-00:00,0,2019-12-18,24,0,ACTUAL,BANCSMUD,Total Actual Hourly Integrated Load,SYS_FCST_ACT_MW,3.8,1087,ACTUAL,291
2019-12-19T04:00:00-00:00,2019-12-19T05:00:00-00:00,0,2019-12-18,21,0,ACTUAL,BANCSMUD,Total Actual Hourly Integrated Load,SYS_FCST_ACT_MW,3.8,1373,ACTUAL,291
2019-12-18T13:00:00-00:00,2019-12-18T14:00:00-00:00,0,2019-12-18,6,0,ACTUAL,BANCSMUD,Total Actual Hourly Integrated Load,SYS_FCST_ACT_MW,3.8,1132,ACTUAL,291
2019-12-18T12:00:00-00:00,2019-12-18T13:00:00-00:00,0,2019-12-18,5,0,ACTUAL,BANCSMUD,Total Actual Hourly Integrated Load,SYS_FCST_ACT_MW,3.8,1032,ACTUAL,291
2019-12-19T05:00:00-00:00,2019-12-19T06:00:00-00:00,0,2019-12-18,22,0,ACTUAL,BANCSMUD,Total Actual Hourly Integrated Load,SYS_FCST_ACT_MW,3.8,1303,ACTUAL,291
2019-12-18T18:00:00-00:00,2019-12-18T19:00:00-00:00,0,2019-12-18,11,0,ACTUAL,BANCSMUD,Total Actual Hourly Integrated Load,SYS_FCST_ACT_MW,3.8,1351,ACTUAL,291
2019-12-18T15:00:00-00:00,2019-12-18T16:00:00-00:00,0,2019-12-18,8,0,ACTUAL,BANCSMUD,Total Actual Hourly Integrated Load,SYS_FCST_ACT_MW,3.8,1362,ACTUAL,291
2019-12-18T09:00:00-00:00,2019-12-18T10:00:00-00:00,0,2019-12-18,2,0,ACTUAL,BANCSMUD,Total Actual Hourly Integrated Load,SYS_FCST_ACT_MW,3.8,1012,ACTUAL,291
2019-12-19T03:00:00-00:00,2019-12-19T04:00:00-00:00,0,2019-12-18,20,0,ACTUAL,BANCSMUD,Total Actual Hourly Integrated Load,SYS_FCST_ACT_MW,3.8,1407,ACTUAL,291
2019-12-18T23:00:00-00:00,2019-12-19T00:00:00-00:00,0,2019-12-18,16,0,ACTUAL,BANCSMUD,Total Actual Hourly Integrated Load,SYS_FCST_ACT_MW,3.8,1283,ACTUAL,291
2019-12-18T20:00:00-00:00,2019-12-18T21:00:00-00:00,0,2019-12-18,13,0,ACTUAL,BANCSMUD,Total Actual Hourly Integrated Load,SYS_FCST_ACT_MW,3.8,1291,ACTUAL,291
2019-12-19T06:00:00-00:00,2019-12-19T07:00:00-00:00,0,2019-12-18,23,0,ACTUAL,BANCSMUD,Total Actual Hourly Integrated Load,SYS_FCST_ACT_MW,3.8,1197,ACTUAL,291
2019-12-19T02:00:00-00:00,2019-12-19T03:00:00-00:00,0,2019-12-18,19,0,ACTUAL,BANCSMUD,Total Actual Hourly Integrated Load,SYS_FCST_ACT_MW,3.8,1431,ACTUAL,291
2019-12-18T17:00:00-00:00,2019-12-18T18:00:00-00:00,0,2019-12-18,10,0,ACTUAL,BANCSMUD,Total Actual Hourly Integrated Load,SYS_FCST_ACT_MW,3.8,1363,ACTUAL,291
2019-12-19T02:00:00-00:00,2019-12-19T03:00:00-00:00,0,2019-12-18,19,0,ACTUAL,BCHA,Total Actual Hourly Integrated Load,SYS_FCST_ACT_MW,3.8,9500,ACTUAL,292
2019-12-19T06:00:00-00:00,2019-12-19T07:00:00-00:00,0,2019-12-18,23,0,ACTUAL,BCHA,Total Actual Hourly Integrated Load,SYS_FCST_ACT_MW,3.8,8218,ACTUAL,292
2019-12-19T07:00:00-00:00,2019-12-19T08:00:00-00:00,0,2019-12-18,24,0,ACTUAL,BCHA,Total Actual Hourly Integrated Load,SYS_FCST_ACT_MW,3.8,7707,ACTUAL,292
2019-12-18T08:00:00-00:00,2019-12-18T09:00:00-00:00,0,2019-12-18,1,0,ACTUAL,BCHA,Total Actual Hourly Integrated Load,SYS_FCST_ACT_MW,3.8,7191,ACTUAL,292
2019-12-19T05:00:00-00:00,2019-12-19T06:00:00-00:00,0,2019-12-18,22,0,ACTUAL,BCHA,Total Actual Hourly Integrated Load,SYS_FCST_ACT_MW,3.8,8753,ACTUAL,292
2019-12-18T22:00:00-00:00,2019-12-18T23:00:00-00:00,0,2019-12-18,15,0,ACTUAL,BCHA,Total Actual Hourly Integrated Load,SYS_FCST_ACT_MW,3.8,8797,ACTUAL,292
2019-12-18T14:00:00-00:00,2019-12-18T15:00:00-00:00,0,2019-12-18,7,0,ACTUAL,BCHA,Total Actual Hourly Integrated Load,SYS_FCST_ACT_MW,3.8,8030,ACTUAL,292
2019-12-18T13:00:00-00:00,2019-12-18T14:00:00-00:00,0,2019-12-18,6,0,ACTUAL,BCHA,Total Actual Hourly Integrated Load,SYS_FCST_ACT_MW,3.8,7366,ACTUAL,292
2019-12-18T12:00:00-00:00,2019-12-18T13:00:00-00:00,0,2019-12-18,5,0,ACTUAL,BCHA,Total Actual Hourly Integrated Load,SYS_FCST_ACT_MW,3.8,7043,ACTUAL,292
2019-12-18T19:00:00-00:00,2019-12-18T20:00:00-00:00,0,2019-12-18,12,0,ACTUAL,BCHA,Total Actual Hourly Integrated Load,SYS_FCST_ACT_MW,3.8,8820,ACTUAL,292
2019-12-19T01:00:00-00:00,2019-12-19T02:00:00-00:00,0,2019-12-18,18,0,ACTUAL,BCHA,Total Actual Hourly Integrated Load,SYS_FCST_ACT_MW,3.8,9612,ACTUAL,292
2019-12-18T15:00:00-00:00,2019-12-18T16:00:00-00:00,0,2019-12-18,8,0,ACTUAL,BCHA,Total Actual Hourly Integrated Load,SYS_FCST_ACT_MW,3.8,8714,ACTUAL,292
2019-12-18T18:00:00-00:00,2019-12-18T19:00:00-00:00,0,2019-12-18,11,0,ACTUAL,BCHA,Total Actual Hourly Integrated Load,SYS_FCST_ACT_MW,3.8,8849,ACTUAL,292
2019-12-18T23:00:00-00:00,2019-12-19T00:00:00-00:00,0,2019-12-18,16,0,ACTUAL,BCHA,Total Actual Hourly Integrated Load,SYS_FCST_ACT_MW,3.8,9010,ACTUAL,292
2019-12-18T17:00:00-00:00,2019-12-18T18:00:00-00:00,0,2019-12-18,10,0,ACTUAL,BCHA,Total Actual Hourly Integrated Load,SYS_FCST_ACT_MW,3.8,8855,ACTUAL,292
2019-12-18T21:00:00-00:00,2019-12-18T22:00:00-00:00,0,2019-12-18,14,0,ACTUAL,BCHA,Total Actual Hourly Integrated Load,SYS_FCST_ACT_MW,3.8,8806,ACTUAL,292
2019-12-18T11:00:00-00:00,2019-12-18T12:00:00-00:00,0,2019-12-18,4,0,ACTUAL,BCHA,Total Actual Hourly Integrated Load,SYS_FCST_ACT_MW,3.8,6918,ACTUAL,292
2019-12-18T10:00:00-00:00,2019-12-18T11:00:00-00:00,0,2019-12-18,3,0,ACTUAL,BCHA,Total Actual Hourly Integrated Load,SYS_FCST_ACT_MW,3.8,6895,ACTUAL,292
2019-12-18T20:00:00-00:00,2019-12-18T21:00:00-00:00,0,2019-12-18,13,0,ACTUAL,BCHA,Total Actual Hourly Integrated Load,SYS_FCST_ACT_MW,3.8,8813,ACTUAL,292
2019-12-19T04:00:00-00:00,2019-12-19T05:00:00-00:00,0,2019-12-18,21,0,ACTUAL,BCHA,Total Actual Hourly Integrated Load,SYS_FCST_ACT_MW,3.8,9129,ACTUAL,292
2019-12-18T16:00:00-00:00,2019-12-18T17:00:00-00:00,0,2019-12-18,9,0,ACTUAL,BCHA,Total Actual Hourly Integrated Load,SYS_FCST_ACT_MW,3.8,8907,ACTUAL,292
2019-12-18T09:00:00-00:00,2019-12-18T10:00:00-00:00,0,2019-12-18,2,0,ACTUAL,BCHA,Total Actual Hourly Integrated Load,SYS_FCST_ACT_MW,3.8,6998,ACTUAL,292
2019-12-19T03:00:00-00:00,2019-12-19T04:00:00-00:00,0,2019-12-18,20,0,ACTUAL,BCHA,Total Actual Hourly Integrated Load,SYS_FCST_ACT_MW,3.8,9341,ACTUAL,292
2019-12-19T00:00:00-00:00,2019-12-19T01:00:00-00:00,0,2019-12-18,17,0,ACTUAL,BCHA,Total Actual Hourly Integrated Load,SYS_FCST_ACT_MW,3.8,9461,ACTUAL,292
2019-12-18T08:00:00-00:00,2019-12-18T09:00:00-00:00,0,2019-12-18,1,0,ACTUAL,CA ISO-TAC,Total Actual Hourly Integrated Load,SYS_FCST_ACT_MW,3,22664,ACTUAL,293
2019-12-18T14:00:00-00:00,2019-12-18T15:00:00-00:00,0,2019-12-18,7,0,ACTUAL,CA ISO-TAC,Total Actual Hourly Integrated Load,SYS_FCST_ACT_MW,3,26490,ACTUAL,293
2019-12-18T22:00:00-00:00,2019-12-18T23:00:00-00:00,0,2019-12-18,15,0,ACTUAL,CA ISO-TAC,Total Actual Hourly Integrated Load,SYS_FCST_ACT_MW,3,25548,ACTUAL,293
2019-12-19T04:00:00-00:00,2019-12-19T05:00:00-00:00,0,2019-12-18,21,0,ACTUAL,CA ISO-TAC,Total Actual Hourly Integrated Load,SYS_FCST_ACT_MW,3,29198,ACTUAL,293
2019-12-19T07:00:00-00:00,2019-12-19T08:00:00-00:00,0,2019-12-18,24,0,ACTUAL,CA ISO-TAC,Total Actual Hourly Integrated Load,SYS_FCST_ACT_MW,3,24108,ACTUAL,293
2019-12-18T11:00:00-00:00,2019-12-18T12:00:00-00:00,0,2019-12-18,4,0,ACTUAL,CA ISO-TAC,Total Actual Hourly Integrated Load,SYS_FCST_ACT_MW,3,21426,ACTUAL,293
2019-12-18T16:00:00-00:00,2019-12-18T17:00:00-00:00,0,2019-12-18,9,0,ACTUAL,CA ISO-TAC,Total Actual Hourly Integrated Load,SYS_FCST_ACT_MW,3,27757,ACTUAL,293
2019-12-18T10:00:00-00:00,2019-12-18T11:00:00-00:00,0,2019-12-18,3,0,ACTUAL,CA ISO-TAC,Total Actual Hourly Integrated Load,SYS_FCST_ACT_MW,3,21405,ACTUAL,293
2019-12-18T18:00:00-00:00,2019-12-18T19:00:00-00:00,0,2019-12-18,11,0,ACTUAL,CA ISO-TAC,Total Actual Hourly Integrated Load,SYS_FCST_ACT_MW,3,26725,ACTUAL,293
2019-12-18T20:00:00-00:00,2019-12-18T21:00:00-00:00,0,2019-12-18,13,0,ACTUAL,CA ISO-TAC,Total Actual Hourly Integrated Load,SYS_FCST_ACT_MW,3,25332,ACTUAL,293
2019-12-19T06:00:00-00:00,2019-12-19T07:00:00-00:00,0,2019-12-18,23,0,ACTUAL,CA ISO-TAC,Total Actual Hourly Integrated Load,SYS_FCST_ACT_MW,3,26035,ACTUAL,293
2019-12-18T15:00:00-00:00,2019-12-18T16:00:00-00:00,0,2019-12-18,8,0,ACTUAL,CA ISO-TAC,Total Actual Hourly Integrated Load,SYS_FCST_ACT_MW,3,27762,ACTUAL,293
2019-12-19T00:00:00-00:00,2019-12-19T01:00:00-00:00,0,2019-12-18,17,0,ACTUAL,CA ISO-TAC,Total Actual Hourly Integrated Load,SYS_FCST_ACT_MW,3,27840,ACTUAL,293
2019-12-18T09:00:00-00:00,2019-12-18T10:00:00-00:00,0,2019-12-18,2,0,ACTUAL,CA ISO-TAC,Total Actual Hourly Integrated Load,SYS_FCST_ACT_MW,3,21827,ACTUAL,293
2019-12-18T13:00:00-00:00,2019-12-18T14:00:00-00:00,0,2019-12-18,6,0,ACTUAL,CA ISO-TAC,Total Actual Hourly Integrated Load,SYS_FCST_ACT_MW,3,23917,ACTUAL,293
2019-12-18T23:00:00-00:00,2019-12-19T00:00:00-00:00,0,2019-12-18,16,0,ACTUAL,CA ISO-TAC,Total Actual Hourly Integrated Load,SYS_FCST_ACT_MW,3,26200,ACTUAL,293
2019-12-19T03:00:00-00:00,2019-12-19T04:00:00-00:00,0,2019-12-18,20,0,ACTUAL,CA ISO-TAC,Total Actual Hourly Integrated Load,SYS_FCST_ACT_MW,3,29892,ACTUAL,293
2019-12-18T21:00:00-00:00,2019-12-18T22:00:00-00:00,0,2019-12-18,14,0,ACTUAL,CA ISO-TAC,Total Actual Hourly Integrated Load,SYS_FCST_ACT_MW,3,25184,ACTUAL,293
2019-12-19T05:00:00-00:00,2019-12-19T06:00:00-00:00,0,2019-12-18,22,0,ACTUAL,CA ISO-TAC,Total Actual Hourly Integrated Load,SYS_FCST_ACT_MW,3,28049,ACTUAL,293
2019-12-18T12:00:00-00:00,2019-12-18T13:00:00-00:00,0,2019-12-18,5,0,ACTUAL,CA ISO-TAC,Total Actual Hourly Integrated Load,SYS_FCST_ACT_MW,3,22151,ACTUAL,293
2019-12-18T17:00:00-00:00,2019-12-18T18:00:00-00:00,0,2019-12-18,10,0,ACTUAL,CA ISO-TAC,Total Actual Hourly Integrated Load,SYS_FCST_ACT_MW,3,27354,ACTUAL,293
2019-12-19T01:00:00-00:00,2019-12-19T02:00:00-00:00,0,2019-12-18,18,0,ACTUAL,CA ISO-TAC,Total Actual Hourly Integrated Load,SYS_FCST_ACT_MW,3,30073,ACTUAL,293
2019-12-19T02:00:00-00:00,2019-12-19T03:00:00-00:00,0,2019-12-18,19,0,ACTUAL,CA ISO-TAC,Total Actual Hourly Integrated Load,SYS_FCST_ACT_MW,3,30274,ACTUAL,293
2019-12-18T19:00:00-00:00,2019-12-18T20:00:00-00:00,0,2019-12-18,12,0,ACTUAL,CA ISO-TAC,Total Actual Hourly Integrated Load,SYS_FCST_ACT_MW,3,25891,ACTUAL,293
2019-12-18T19:00:00-00:00,2019-12-18T20:00:00-00:00,0,2019-12-18,12,0,ACTUAL,IPCO,Total Actual Hourly Integrated Load,SYS_FCST_ACT_MW,3.8,2200,ACTUAL,294
2019-12-19T05:00:00-00:00,2019-12-19T06:00:00-00:00,0,2019-12-18,22,0,ACTUAL,IPCO,Total Actual Hourly Integrated Load,SYS_FCST_ACT_MW,3.8,2055,ACTUAL,294
2019-12-19T03:00:00-00:00,2019-12-19T04:00:00-00:00,0,2019-12-18,20,0,ACTUAL,IPCO,Total Actual Hourly Integrated Load,SYS_FCST_ACT_MW,3.8,2276,ACTUAL,294
2019-12-19T06:00:00-00:00,2019-12-19T07:00:00-00:00,0,2019-12-18,23,0,ACTUAL,IPCO,Total Actual Hourly Integrated Load,SYS_FCST_ACT_MW,3.8,1933,ACTUAL,294
2019-12-18T22:00:00-00:00,2019-12-18T23:00:00-00:00,0,2019-12-18,15,0,ACTUAL,IPCO,Total Actual Hourly Integrated Load,SYS_FCST_ACT_MW,3.8,2117,ACTUAL,294
2019-12-19T07:00:00-00:00,2019-12-19T08:00:00-00:00,0,2019-12-18,24,0,ACTUAL,IPCO,Total Actual Hourly Integrated Load,SYS_FCST_ACT_MW,3.8,1865,ACTUAL,294
2019-12-18T14:00:00-00:00,2019-12-18T15:00:00-00:00,0,2019-12-18,7,0,ACTUAL,IPCO,Total Actual Hourly Integrated Load,SYS_FCST_ACT_MW,3.8,2424,ACTUAL,294
2019-12-18T09:00:00-00:00,2019-12-18T10:00:00-00:00,0,2019-12-18,2,0,ACTUAL,IPCO,Total Actual Hourly Integrated Load,SYS_FCST_ACT_MW,3.8,1947,ACTUAL,294
2019-12-18T10:00:00-00:00,2019-12-18T11:00:00-00:00,0,2019-12-18,3,0,ACTUAL,IPCO,Total Actual Hourly Integrated Load,SYS_FCST_ACT_MW,3.8,1959,ACTUAL,294
2019-12-18T11:00:00-00:00,2019-12-18T12:00:00-00:00,0,2019-12-18,4,0,ACTUAL,IPCO,Total Actual Hourly Integrated Load,SYS_FCST_ACT_MW,3.8,2005,ACTUAL,294
2019-12-18T13:00:00-00:00,2019-12-18T14:00:00-00:00,0,2019-12-18,6,0,ACTUAL,IPCO,Total Actual Hourly Integrated Load,SYS_FCST_ACT_MW,3.8,2301,ACTUAL,294
2019-12-19T00:00:00-00:00,2019-12-19T01:00:00-00:00,0,2019-12-18,17,0,ACTUAL,IPCO,Total Actual Hourly Integrated Load,SYS_FCST_ACT_MW,3.8,2315,ACTUAL,294
2019-12-19T01:00:00-00:00,2019-12-19T02:00:00-00:00,0,2019-12-18,18,0,ACTUAL,IPCO,Total Actual Hourly Integrated Load,SYS_FCST_ACT_MW,3.8,2352,ACTUAL,294
2019-12-18T12:00:00-00:00,2019-12-18T13:00:00-00:00,0,2019-12-18,5,0,ACTUAL,IPCO,Total Actual Hourly Integrated Load,SYS_FCST_ACT_MW,3.8,2113,ACTUAL,294
2019-12-18T15:00:00-00:00,2019-12-18T16:00:00-00:00,0,2019-12-18,8,0,ACTUAL,IPCO,Total Actual Hourly Integrated Load,SYS_FCST_ACT_MW,3.8,2427,ACTUAL,294
2019-12-18T18:00:00-00:00,2019-12-18T19:00:00-00:00,0,2019-12-18,11,0,ACTUAL,IPCO,Total Actual Hourly Integrated Load,SYS_FCST_ACT_MW,3.8,2284,ACTUAL,294
2019-12-18T21:00:00-00:00,2019-12-18T22:00:00-00:00,0,2019-12-18,14,0,ACTUAL,IPCO,Total Actual Hourly Integrated Load,SYS_FCST_ACT_MW,3.8,2130,ACTUAL,294
2019-12-18T23:00:00-00:00,2019-12-19T00:00:00-00:00,0,2019-12-18,16,0,ACTUAL,IPCO,Total Actual Hourly Integrated Load,SYS_FCST_ACT_MW,3.8,2163,ACTUAL,294
2019-12-19T02:00:00-00:00,2019-12-19T03:00:00-00:00,0,2019-12-18,19,0,ACTUAL,IPCO,Total Actual Hourly Integrated Load,SYS_FCST_ACT_MW,3.8,2322,ACTUAL,294
2019-12-19T04:00:00-00:00,2019-12-19T05:00:00-00:00,0,2019-12-18,21,0,ACTUAL,IPCO,Total Actual Hourly Integrated Load,SYS_FCST_ACT_MW,3.8,2191,ACTUAL,294
2019-12-18T08:00:00-00:00,2019-12-18T09:00:00-00:00,0,2019-12-18,1,0,ACTUAL,IPCO,Total Actual Hourly Integrated Load,SYS_FCST_ACT_MW,3.8,1952,ACTUAL,294
2019-12-18T16:00:00-00:00,2019-12-18T17:00:00-00:00,0,2019-12-18,9,0,ACTUAL,IPCO,Total Actual Hourly Integrated Load,SYS_FCST_ACT_MW,3.8,2393,ACTUAL,294
2019-12-18T17:00:00-00:00,2019-12-18T18:00:00-00:00,0,2019-12-18,10,0,ACTUAL,IPCO,Total Actual Hourly Integrated Load,SYS_FCST_ACT_MW,3.8,2356,ACTUAL,294
2019-12-18T20:00:00-00:00,2019-12-18T21:00:00-00:00,0,2019-12-18,13,0,ACTUAL,IPCO,Total Actual Hourly Integrated Load,SYS_FCST_ACT_MW,3.8,2153,ACTUAL,294
2019-12-19T03:00:00-00:00,2019-12-19T04:00:00-00:00,0,2019-12-18,20,0,ACTUAL,MWD-TAC,Total Actual Hourly Integrated Load,SYS_FCST_ACT_MW,3.3,88,ACTUAL,295
2019-12-19T02:00:00-00:00,2019-12-19T03:00:00-00:00,0,2019-12-18,19,0,ACTUAL,MWD-TAC,Total Actual Hourly Integrated Load,SYS_FCST_ACT_MW,3.3,88,ACTUAL,295
2019-12-18T21:00:00-00:00,2019-12-18T22:00:00-00:00,0,2019-12-18,14,0,ACTUAL,MWD-TAC,Total Actual Hourly Integrated Load,SYS_FCST_ACT_MW,3.3,114,ACTUAL,295
2019-12-18T23:00:00-00:00,2019-12-19T00:00:00-00:00,0,2019-12-18,16,0,ACTUAL,MWD-TAC,Total Actual Hourly Integrated Load,SYS_FCST_ACT_MW,3.3,104,ACTUAL,295
2019-12-19T05:00:00-00:00,2019-12-19T06:00:00-00:00,0,2019-12-18,22,0,ACTUAL,MWD-TAC,Total Actual Hourly Integrated Load,SYS_FCST_ACT_MW,3.3,88,ACTUAL,295
2019-12-19T07:00:00-00:00,2019-12-19T08:00:00-00:00,0,2019-12-18,24,0,ACTUAL,MWD-TAC,Total Actual Hourly Integrated Load,SYS_FCST_ACT_MW,3.3,93,ACTUAL,295
2019-12-19T01:00:00-00:00,2019-12-19T02:00:00-00:00,0,2019-12-18,18,0,ACTUAL,MWD-TAC,Total Actual Hourly Integrated Load,SYS_FCST_ACT_MW,3.3,95,ACTUAL,295
2019-12-19T04:00:00-00:00,2019-12-19T05:00:00-00:00,0,2019-12-18,21,0,ACTUAL,MWD-TAC,Total Actual Hourly Integrated Load,SYS_FCST_ACT_MW,3.3,91,ACTUAL,295
2019-12-18T10:00:00-00:00,2019-12-18T11:00:00-00:00,0,2019-12-18,3,0,ACTUAL,MWD-TAC,Total Actual Hourly Integrated Load,SYS_FCST_ACT_MW,3.3,98,ACTUAL,295
2019-12-18T12:00:00-00:00,2019-12-18T13:00:00-00:00,0,2019-12-18,5,0,ACTUAL,MWD-TAC,Total Actual Hourly Integrated Load,SYS_FCST_ACT_MW,3.3,98,ACTUAL,295
2019-12-19T00:00:00-00:00,2019-12-19T01:00:00-00:00,0,2019-12-18,17,0,ACTUAL,MWD-TAC,Total Actual Hourly Integrated Load,SYS_FCST_ACT_MW,3.3,94,ACTUAL,295
2019-12-18T09:00:00-00:00,2019-12-18T10:00:00-00:00,0,2019-12-18,2,0,ACTUAL,MWD-TAC,Total Actual Hourly Integrated Load,SYS_FCST_ACT_MW,3.3,98,ACTUAL,295
2019-12-18T16:00:00-00:00,2019-12-18T17:00:00-00:00,0,2019-12-18,9,0,ACTUAL,MWD-TAC,Total Actual Hourly Integrated Load,SYS_FCST_ACT_MW,3.3,99,ACTUAL,295
2019-12-18T19:00:00-00:00,2019-12-18T20:00:00-00:00,0,2019-12-18,12,0,ACTUAL,MWD-TAC,Total Actual Hourly Integrated Load,SYS_FCST_ACT_MW,3.3,107,ACTUAL,295
2019-12-18T20:00:00-00:00,2019-12-18T21:00:00-00:00,0,2019-12-18,13,0,ACTUAL,MWD-TAC,Total Actual Hourly Integrated Load,SYS_FCST_ACT_MW,3.3,110,ACTUAL,295
2019-12-18T08:00:00-00:00,2019-12-18T09:00:00-00:00,0,2019-12-18,1,0,ACTUAL,MWD-TAC,Total Actual Hourly Integrated Load,SYS_FCST_ACT_MW,3.3,92,ACTUAL,295
2019-12-18T13:00:00-00:00,2019-12-18T14:00:00-00:00,0,2019-12-18,6,0,ACTUAL,MWD-TAC,Total Actual Hourly Integrated Load,SYS_FCST_ACT_MW,3.3,98,ACTUAL,295
2019-12-19T06:00:00-00:00,2019-12-19T07:00:00-00:00,0,2019-12-18,23,0,ACTUAL,MWD-TAC,Total Actual Hourly Integrated Load,SYS_FCST_ACT_MW,3.3,88,ACTUAL,295
2019-12-18T11:00:00-00:00,2019-12-18T12:00:00-00:00,0,2019-12-18,4,0,ACTUAL,MWD-TAC,Total Actual Hourly Integrated Load,SYS_FCST_ACT_MW,3.3,99,ACTUAL,295
2019-12-18T14:00:00-00:00,2019-12-18T15:00:00-00:00,0,2019-12-18,7,0,ACTUAL,MWD-TAC,Total Actual Hourly Integrated Load,SYS_FCST_ACT_MW,3.3,107,ACTUAL,295
2019-12-18T17:00:00-00:00,2019-12-18T18:00:00-00:00,0,2019-12-18,10,0,ACTUAL,MWD-TAC,Total Actual Hourly Integrated Load,SYS_FCST_ACT_MW,3.3,99,ACTUAL,295
2019-12-18T18:00:00-00:00,2019-12-18T19:00:00-00:00,0,2019-12-18,11,0,ACTUAL,MWD-TAC,Total Actual Hourly Integrated Load,SYS_FCST_ACT_MW,3.3,102,ACTUAL,295
2019-12-18T22:00:00-00:00,2019-12-18T23:00:00-00:00,0,2019-12-18,15,0,ACTUAL,MWD-TAC,Total Actual Hourly Integrated Load,SYS_FCST_ACT_MW,3.3,110,ACTUAL,295
2019-12-18T15:00:00-00:00,2019-12-18T16:00:00-00:00,0,2019-12-18,8,0,ACTUAL,MWD-TAC,Total Actual Hourly Integrated Load,SYS_FCST_ACT_MW,3.3,104,ACTUAL,295
2019-12-19T06:00:00-00:00,2019-12-19T07:00:00-00:00,0,2019-12-18,23,0,ACTUAL,NEVP,Total Actual Hourly Integrated Load,SYS_FCST_ACT_MW,3.8,4104,ACTUAL,296
2019-12-18T18:00:00-00:00,2019-12-18T19:00:00-00:00,0,2019-12-18,11,0,ACTUAL,NEVP,Total Actual Hourly Integrated Load,SYS_FCST_ACT_MW,3.8,4009,ACTUAL,296
2019-12-18T10:00:00-00:00,2019-12-18T11:00:00-00:00,0,2019-12-18,3,0,ACTUAL,NEVP,Total Actual Hourly Integrated Load,SYS_FCST_ACT_MW,3.8,3757,ACTUAL,296
2019-12-18T12:00:00-00:00,2019-12-18T13:00:00-00:00,0,2019-12-18,5,0,ACTUAL,NEVP,Total Actual Hourly Integrated Load,SYS_FCST_ACT_MW,3.8,3894,ACTUAL,296
2019-12-18T21:00:00-00:00,2019-12-18T22:00:00-00:00,0,2019-12-18,14,0,ACTUAL,NEVP,Total Actual Hourly Integrated Load,SYS_FCST_ACT_MW,3.8,4001,ACTUAL,296
2019-12-18T23:00:00-00:00,2019-12-19T00:00:00-00:00,0,2019-12-18,16,0,ACTUAL,NEVP,Total Actual Hourly Integrated Load,SYS_FCST_ACT_MW,3.8,4075,ACTUAL,296
2019-12-19T02:00:00-00:00,2019-12-19T03:00:00-00:00,0,2019-12-18,19,0,ACTUAL,NEVP,Total Actual Hourly Integrated Load,SYS_FCST_ACT_MW,3.8,4544,ACTUAL,296
2019-12-19T03:00:00-00:00,2019-12-19T04:00:00-00:00,0,2019-12-18,20,0,ACTUAL,NEVP,Total Actual Hourly Integrated Load,SYS_FCST_ACT_MW,3.8,4513,ACTUAL,296
2019-12-18T11:00:00-00:00,2019-12-18T12:00:00-00:00,0,2019-12-18,4,0,ACTUAL,NEVP,Total Actual Hourly Integrated Load,SYS_FCST_ACT_MW,3.8,3793,ACTUAL,296
2019-12-18T16:00:00-00:00,2019-12-18T17:00:00-00:00,0,2019-12-18,9,0,ACTUAL,NEVP,Total Actual Hourly Integrated Load,SYS_FCST_ACT_MW,3.8,4180,ACTUAL,296
2019-12-18T15:00:00-00:00,2019-12-18T16:00:00-00:00,0,2019-12-18,8,0,ACTUAL,NEVP,Total Actual Hourly Integrated Load,SYS_FCST_ACT_MW,3.8,4272,ACTUAL,296
2019-12-18T20:00:00-00:00,2019-12-18T21:00:00-00:00,0,2019-12-18,13,0,ACTUAL,NEVP,Total Actual Hourly Integrated Load,SYS_FCST_ACT_MW,3.8,4016,ACTUAL,296
2019-12-19T04:00:00-00:00,2019-12-19T05:00:00-00:00,0,2019-12-18,21,0,ACTUAL,NEVP,Total Actual Hourly Integrated Load,SYS_FCST_ACT_MW,3.8,4422,ACTUAL,296
2019-12-19T07:00:00-00:00,2019-12-19T08:00:00-00:00,0,2019-12-18,24,0,ACTUAL,NEVP,Total Actual Hourly Integrated Load,SYS_FCST_ACT_MW,3.8,3940,ACTUAL,296
2019-12-18T09:00:00-00:00,2019-12-18T10:00:00-00:00,0,2019-12-18,2,0,ACTUAL,NEVP,Total Actual Hourly Integrated Load,SYS_FCST_ACT_MW,3.8,3775,ACTUAL,296
2019-12-18T13:00:00-00:00,2019-12-18T14:00:00-00:00,0,2019-12-18,6,0,ACTUAL,NEVP,Total Actual Hourly Integrated Load,SYS_FCST_ACT_MW,3.8,4091,ACTUAL,296
2019-12-19T00:00:00-00:00,2019-12-19T01:00:00-00:00,0,2019-12-18,17,0,ACTUAL,NEVP,Total Actual Hourly Integrated Load,SYS_FCST_ACT_MW,3.8,4338,ACTUAL,296
2019-12-18T14:00:00-00:00,2019-12-18T15:00:00-00:00,0,2019-12-18,7,0,ACTUAL,NEVP,Total Actual Hourly Integrated Load,SYS_FCST_ACT_MW,3.8,4309,ACTUAL,296
2019-12-18T19:00:00-00:00,2019-12-18T20:00:00-00:00,0,2019-12-18,12,0,ACTUAL,NEVP,Total Actual Hourly Integrated Load,SYS_FCST_ACT_MW,3.8,4004,ACTUAL,296
2019-12-18T22:00:00-00:00,2019-12-18T23:00:00-00:00,0,2019-12-18,15,0,ACTUAL,NEVP,Total Actual Hourly Integrated Load,SYS_FCST_ACT_MW,3.8,3983,ACTUAL,296
2019-12-19T01:00:00-00:00,2019-12-19T02:00:00-00:00,0,2019-12-18,18,0,ACTUAL,NEVP,Total Actual Hourly Integrated Load,SYS_FCST_ACT_MW,3.8,4549,ACTUAL,296
2019-12-19T05:00:00-00:00,2019-12-19T06:00:00-00:00,0,2019-12-18,22,0,ACTUAL,NEVP,Total Actual Hourly Integrated Load,SYS_FCST_ACT_MW,3.8,4282,ACTUAL,296
2019-12-18T17:00:00-00:00,2019-12-18T18:00:00-00:00,0,2019-12-18,10,0,ACTUAL,NEVP,Total Actual Hourly Integrated Load,SYS_FCST_ACT_MW,3.8,4076,ACTUAL,296
2019-12-18T08:00:00-00:00,2019-12-18T09:00:00-00:00,0,2019-12-18,1,0,ACTUAL,NEVP,Total Actual Hourly Integrated Load,SYS_FCST_ACT_MW,3.8,3852,ACTUAL,296
2019-12-19T05:00:00-00:00,2019-12-19T06:00:00-00:00,0,2019-12-18,22,0,ACTUAL,PACE,Total Actual Hourly Integrated Load,SYS_FCST_ACT_MW,3.8,5693,ACTUAL,297
2019-12-18T13:00:00-00:00,2019-12-18T14:00:00-00:00,0,2019-12-18,6,0,ACTUAL,PACE,Total Actual Hourly Integrated Load,SYS_FCST_ACT_MW,3.8,5993,ACTUAL,297
2019-12-19T01:00:00-00:00,2019-12-19T02:00:00-00:00,0,2019-12-18,18,0,ACTUAL,PACE,Total Actual Hourly Integrated Load,SYS_FCST_ACT_MW,3.8,6425,ACTUAL,297
2019-12-18T14:00:00-00:00,2019-12-18T15:00:00-00:00,0,2019-12-18,7,0,ACTUAL,PACE,Total Actual Hourly Integrated Load,SYS_FCST_ACT_MW,3.8,6304,ACTUAL,297
2019-12-18T16:00:00-00:00,2019-12-18T17:00:00-00:00,0,2019-12-18,9,0,ACTUAL,PACE,Total Actual Hourly Integrated Load,SYS_FCST_ACT_MW,3.8,6275,ACTUAL,297
2019-12-18T15:00:00-00:00,2019-12-18T16:00:00-00:00,0,2019-12-18,8,0,ACTUAL,PACE,Total Actual Hourly Integrated Load,SYS_FCST_ACT_MW,3.8,6337,ACTUAL,297
2019-12-18T18:00:00-00:00,2019-12-18T19:00:00-00:00,0,2019-12-18,11,0,ACTUAL,PACE,Total Actual Hourly Integrated Load,SYS_FCST_ACT_MW,3.8,6022,ACTUAL,297
2019-12-18T19:00:00-00:00,2019-12-18T20:00:00-00:00,0,2019-12-18,12,0,ACTUAL,PACE,Total Actual Hourly Integrated Load,SYS_FCST_ACT_MW,3.8,5894,ACTUAL,297
2019-12-18T23:00:00-00:00,2019-12-19T00:00:00-00:00,0,2019-12-18,16,0,ACTUAL,PACE,Total Actual Hourly Integrated Load,SYS_FCST_ACT_MW,3.8,6129,ACTUAL,297
2019-12-19T02:00:00-00:00,2019-12-19T03:00:00-00:00,0,2019-12-18,19,0,ACTUAL,PACE,Total Actual Hourly Integrated Load,SYS_FCST_ACT_MW,3.8,6355,ACTUAL,297
2019-12-18T09:00:00-00:00,2019-12-18T10:00:00-00:00,0,2019-12-18,2,0,ACTUAL,PACE,Total Actual Hourly Integrated Load,SYS_FCST_ACT_MW,3.8,5284,ACTUAL,297
2019-12-19T00:00:00-00:00,2019-12-19T01:00:00-00:00,0,2019-12-18,17,0,ACTUAL,PACE,Total Actual Hourly Integrated Load,SYS_FCST_ACT_MW,3.8,6436,ACTUAL,297
2019-12-19T06:00:00-00:00,2019-12-19T07:00:00-00:00,0,2019-12-18,23,0,ACTUAL,PACE,Total Actual Hourly Integrated Load,SYS_FCST_ACT_MW,3.8,5365,ACTUAL,297
2019-12-18T21:00:00-00:00,2019-12-18T22:00:00-00:00,0,2019-12-18,14,0,ACTUAL,PACE,Total Actual Hourly Integrated Load,SYS_FCST_ACT_MW,3.8,5875,ACTUAL,297
2019-12-19T03:00:00-00:00,2019-12-19T04:00:00-00:00,0,2019-12-18,20,0,ACTUAL,PACE,Total Actual Hourly Integrated Load,SYS_FCST_ACT_MW,3.8,6248,ACTUAL,297
2019-12-18T11:00:00-00:00,2019-12-18T12:00:00-00:00,0,2019-12-18,4,0,ACTUAL,PACE,Total Actual Hourly Integrated Load,SYS_FCST_ACT_MW,3.8,5381,ACTUAL,297
2019-12-19T04:00:00-00:00,2019-12-19T05:00:00-00:00,0,2019-12-18,21,0,ACTUAL,PACE,Total Actual Hourly Integrated Load,SYS_FCST_ACT_MW,3.8,6036,ACTUAL,297
2019-12-18T12:00:00-00:00,2019-12-18T13:00:00-00:00,0,2019-12-18,5,0,ACTUAL,PACE,Total Actual Hourly Integrated Load,SYS_FCST_ACT_MW,3.8,5608,ACTUAL,297
2019-12-18T20:00:00-00:00,2019-12-18T21:00:00-00:00,0,2019-12-18,13,0,ACTUAL,PACE,Total Actual Hourly Integrated Load,SYS_FCST_ACT_MW,3.8,5867,ACTUAL,297
2019-12-18T17:00:00-00:00,2019-12-18T18:00:00-00:00,0,2019-12-18,10,0,ACTUAL,PACE,Total Actual Hourly Integrated Load,SYS_FCST_ACT_MW,3.8,6153,ACTUAL,297
2019-12-18T22:00:00-00:00,2019-12-18T23:00:00-00:00,0,2019-12-18,15,0,ACTUAL,PACE,Total Actual Hourly Integrated Load,SYS_FCST_ACT_MW,3.8,5962,ACTUAL,297
2019-12-19T07:00:00-00:00,2019-12-19T08:00:00-00:00,0,2019-12-18,24,0,ACTUAL,PACE,Total Actual Hourly Integrated Load,SYS_FCST_ACT_MW,3.8,5174,ACTUAL,297
2019-12-18T08:00:00-00:00,2019-12-18T09:00:00-00:00,0,2019-12-18,1,0,ACTUAL,PACE,Total Actual Hourly Integrated Load,SYS_FCST_ACT_MW,3.8,5290,ACTUAL,297
2019-12-18T10:00:00-00:00,2019-12-18T11:00:00-00:00,0,2019-12-18,3,0,ACTUAL,PACE,Total Actual Hourly Integrated Load,SYS_FCST_ACT_MW,3.8,5314,ACTUAL,297
2019-12-19T06:00:00-00:00,2019-12-19T07:00:00-00:00,0,2019-12-18,23,0,ACTUAL,PACW,Total Actual Hourly Integrated Load,SYS_FCST_ACT_MW,3.8,2654,ACTUAL,298
2019-12-18T17:00:00-00:00,2019-12-18T18:00:00-00:00,0,2019-12-18,10,0,ACTUAL,PACW,Total Actual Hourly Integrated Load,SYS_FCST_ACT_MW,3.8,3342,ACTUAL,298
2019-12-18T22:00:00-00:00,2019-12-18T23:00:00-00:00,0,2019-12-18,15,0,ACTUAL,PACW,Total Actual Hourly Integrated Load,SYS_FCST_ACT_MW,3.8,3045,ACTUAL,298
2019-12-19T01:00:00-00:00,2019-12-19T02:00:00-00:00,0,2019-12-18,18,0,ACTUAL,PACW,Total Actual Hourly Integrated Load,SYS_FCST_ACT_MW,3.8,3264,ACTUAL,298
2019-12-19T00:00:00-00:00,2019-12-19T01:00:00-00:00,0,2019-12-18,17,0,ACTUAL,PACW,Total Actual Hourly Integrated Load,SYS_FCST_ACT_MW,3.8,3175,ACTUAL,298
2019-12-18T14:00:00-00:00,2019-12-18T15:00:00-00:00,0,2019-12-18,7,0,ACTUAL,PACW,Total Actual Hourly Integrated Load,SYS_FCST_ACT_MW,3.8,3261,ACTUAL,298
2019-12-19T02:00:00-00:00,2019-12-19T03:00:00-00:00,0,2019-12-18,19,0,ACTUAL,PACW,Total Actual Hourly Integrated Load,SYS_FCST_ACT_MW,3.8,3235,ACTUAL,298
2019-12-19T04:00:00-00:00,2019-12-19T05:00:00-00:00,0,2019-12-18,21,0,ACTUAL,PACW,Total Actual Hourly Integrated Load,SYS_FCST_ACT_MW,3.8,3051,ACTUAL,298
2019-12-18T18:00:00-00:00,2019-12-18T19:00:00-00:00,0,2019-12-18,11,0,ACTUAL,PACW,Total Actual Hourly Integrated Load,SYS_FCST_ACT_MW,3.8,3264,ACTUAL,298
2019-12-18T12:00:00-00:00,2019-12-18T13:00:00-00:00,0,2019-12-18,5,0,ACTUAL,PACW,Total Actual Hourly Integrated Load,SYS_FCST_ACT_MW,3.8,2599,ACTUAL,298
2019-12-18T15:00:00-00:00,2019-12-18T16:00:00-00:00,0,2019-12-18,8,0,ACTUAL,PACW,Total Actual Hourly Integrated Load,SYS_FCST_ACT_MW,3.8,3452,ACTUAL,298
2019-12-18T21:00:00-00:00,2019-12-18T22:00:00-00:00,0,2019-12-18,14,0,ACTUAL,PACW,Total Actual Hourly Integrated Load,SYS_FCST_ACT_MW,3.8,3052,ACTUAL,298
2019-12-18T13:00:00-00:00,2019-12-18T14:00:00-00:00,0,2019-12-18,6,0,ACTUAL,PACW,Total Actual Hourly Integrated Load,SYS_FCST_ACT_MW,3.8,2881,ACTUAL,298
2019-12-18T09:00:00-00:00,2019-12-18T10:00:00-00:00,0,2019-12-18,2,0,ACTUAL,PACW,Total Actual Hourly Integrated Load,SYS_FCST_ACT_MW,3.8,2436,ACTUAL,298
2019-12-18T19:00:00-00:00,2019-12-18T20:00:00-00:00,0,2019-12-18,12,0,ACTUAL,PACW,Total Actual Hourly Integrated Load,SYS_FCST_ACT_MW,3.8,3159,ACTUAL,298
2019-12-18T20:00:00-00:00,2019-12-18T21:00:00-00:00,0,2019-12-18,13,0,ACTUAL,PACW,Total Actual Hourly Integrated Load,SYS_FCST_ACT_MW,3.8,3097,ACTUAL,298
2019-12-18T16:00:00-00:00,2019-12-18T17:00:00-00:00,0,2019-12-18,9,0,ACTUAL,PACW,Total Actual Hourly Integrated Load,SYS_FCST_ACT_MW,3.8,3399,ACTUAL,298
2019-12-18T08:00:00-00:00,2019-12-18T09:00:00-00:00,0,2019-12-18,1,0,ACTUAL,PACW,Total Actual Hourly Integrated Load,SYS_FCST_ACT_MW,3.8,2477,ACTUAL,298
2019-12-18T11:00:00-00:00,2019-12-18T12:00:00-00:00,0,2019-12-18,4,0,ACTUAL,PACW,Total Actual Hourly Integrated Load,SYS_FCST_ACT_MW,3.8,2470,ACTUAL,298
2019-12-18T10:00:00-00:00,2019-12-18T11:00:00-00:00,0,2019-12-18,3,0,ACTUAL,PACW,Total Actual Hourly Integrated Load,SYS_FCST_ACT_MW,3.8,2421,ACTUAL,298
2019-12-19T05:00:00-00:00,2019-12-19T06:00:00-00:00,0,2019-12-18,22,0,ACTUAL,PACW,Total Actual Hourly Integrated Load,SYS_FCST_ACT_MW,3.8,2877,ACTUAL,298
2019-12-19T03:00:00-00:00,2019-12-19T04:00:00-00:00,0,2019-12-18,20,0,ACTUAL,PACW,Total Actual Hourly Integrated Load,SYS_FCST_ACT_MW,3.8,3166,ACTUAL,298
2019-12-19T07:00:00-00:00,2019-12-19T08:00:00-00:00,0,2019-12-18,24,0,ACTUAL,PACW,Total Actual Hourly Integrated Load,SYS_FCST_ACT_MW,3.8,2458,ACTUAL,298
2019-12-18T23:00:00-00:00,2019-12-19T00:00:00-00:00,0,2019-12-18,16,0,ACTUAL,PACW,Total Actual Hourly Integrated Load,SYS_FCST_ACT_MW,3.8,3061,ACTUAL,298
2019-12-19T05:00:00-00:00,2019-12-19T06:00:00-00:00,0,2019-12-18,22,0,ACTUAL,PGE,Total Actual Hourly Integrated Load,SYS_FCST_ACT_MW,3.8,2863,ACTUAL,299
2019-12-19T04:00:00-00:00,2019-12-19T05:00:00-00:00,0,2019-12-18,21,0,ACTUAL,PGE,Total Actual Hourly Integrated Load,SYS_FCST_ACT_MW,3.8,3052,ACTUAL,299
2019-12-19T03:00:00-00:00,2019-12-19T04:00:00-00:00,0,2019-12-18,20,0,ACTUAL,PGE,Total Actual Hourly Integrated Load,SYS_FCST_ACT_MW,3.8,3157,ACTUAL,299
2019-12-18T19:00:00-00:00,2019-12-18T20:00:00-00:00,0,2019-12-18,12,0,ACTUAL,PGE,Total Actual Hourly Integrated Load,SYS_FCST_ACT_MW,3.8,3023,ACTUAL,299
2019-12-18T08:00:00-00:00,2019-12-18T09:00:00-00:00,0,2019-12-18,1,0,ACTUAL,PGE,Total Actual Hourly Integrated Load,SYS_FCST_ACT_MW,3.8,2313,ACTUAL,299
2019-12-18T13:00:00-00:00,2019-12-18T14:00:00-00:00,0,2019-12-18,6,0,ACTUAL,PGE,Total Actual Hourly Integrated Load,SYS_FCST_ACT_MW,3.8,2653,ACTUAL,299
2019-12-18T09:00:00-00:00,2019-12-18T10:00:00-00:00,0,2019-12-18,2,0,ACTUAL,PGE,Total Actual Hourly Integrated Load,SYS_FCST_ACT_MW,3.8,2250,ACTUAL,299
2019-12-18T18:00:00-00:00,2019-12-18T19:00:00-00:00,0,2019-12-18,11,0,ACTUAL,PGE,Total Actual Hourly Integrated Load,SYS_FCST_ACT_MW,3.8,3100,ACTUAL,299
2019-12-18T11:00:00-00:00,2019-12-18T12:00:00-00:00,0,2019-12-18,4,0,ACTUAL,PGE,Total Actual Hourly Integrated Load,SYS_FCST_ACT_MW,3.8,2268,ACTUAL,299
2019-12-19T01:00:00-00:00,2019-12-19T02:00:00-00:00,0,2019-12-18,18,0,ACTUAL,PGE,Total Actual Hourly Integrated Load,SYS_FCST_ACT_MW,3.8,3265,ACTUAL,299
2019-12-18T12:00:00-00:00,2019-12-18T13:00:00-00:00,0,2019-12-18,5,0,ACTUAL,PGE,Total Actual Hourly Integrated Load,SYS_FCST_ACT_MW,3.8,2389,ACTUAL,299
2019-12-19T00:00:00-00:00,2019-12-19T01:00:00-00:00,0,2019-12-18,17,0,ACTUAL,PGE,Total Actual Hourly Integrated Load,SYS_FCST_ACT_MW,3.8,3155,ACTUAL,299
2019-12-18T16:00:00-00:00,2019-12-18T17:00:00-00:00,0,2019-12-18,9,0,ACTUAL,PGE,Total Actual Hourly Integrated Load,SYS_FCST_ACT_MW,3.8,3205,ACTUAL,299
2019-12-18T15:00:00-00:00,2019-12-18T16:00:00-00:00,0,2019-12-18,8,0,ACTUAL,PGE,Total Actual Hourly Integrated Load,SYS_FCST_ACT_MW,3.8,3212,ACTUAL,299
2019-12-19T02:00:00-00:00,2019-12-19T03:00:00-00:00,0,2019-12-18,19,0,ACTUAL,PGE,Total Actual Hourly Integrated Load,SYS_FCST_ACT_MW,3.8,3228,ACTUAL,299
2019-12-18T20:00:00-00:00,2019-12-18T21:00:00-00:00,0,2019-12-18,13,0,ACTUAL,PGE,Total Actual Hourly Integrated Load,SYS_FCST_ACT_MW,3.8,2956,ACTUAL,299
2019-12-18T14:00:00-00:00,2019-12-18T15:00:00-00:00,0,2019-12-18,7,0,ACTUAL,PGE,Total Actual Hourly Integrated Load,SYS_FCST_ACT_MW,3.8,3000,ACTUAL,299
2019-12-18T10:00:00-00:00,2019-12-18T11:00:00-00:00,0,2019-12-18,3,0,ACTUAL,PGE,Total Actual Hourly Integrated Load,SYS_FCST_ACT_MW,3.8,2235,ACTUAL,299
2019-12-19T07:00:00-00:00,2019-12-19T08:00:00-00:00,0,2019-12-18,24,0,ACTUAL,PGE,Total Actual Hourly Integrated Load,SYS_FCST_ACT_MW,3.8,2390,ACTUAL,299
2019-12-18T23:00:00-00:00,2019-12-19T00:00:00-00:00,0,2019-12-18,16,0,ACTUAL,PGE,Total Actual Hourly Integrated Load,SYS_FCST_ACT_MW,3.8,2997,ACTUAL,299
2019-12-18T21:00:00-00:00,2019-12-18T22:00:00-00:00,0,2019-12-18,14,0,ACTUAL,PGE,Total Actual Hourly Integrated Load,SYS_FCST_ACT_MW,3.8,2939,ACTUAL,299
2019-12-18T17:00:00-00:00,2019-12-18T18:00:00-00:00,0,2019-12-18,10,0,ACTUAL,PGE,Total Actual Hourly Integrated Load,SYS_FCST_ACT_MW,3.8,3161,ACTUAL,299
2019-12-19T06:00:00-00:00,2019-12-19T07:00:00-00:00,0,2019-12-18,23,0,ACTUAL,PGE,Total Actual Hourly Integrated Load,SYS_FCST_ACT_MW,3.8,2617,ACTUAL,299
2019-12-18T22:00:00-00:00,2019-12-18T23:00:00-00:00,0,2019-12-18,15,0,ACTUAL,PGE,Total Actual Hourly Integrated Load,SYS_FCST_ACT_MW,3.8,2948,ACTUAL,299
2019-12-18T18:00:00-00:00,2019-12-18T19:00:00-00:00,0,2019-12-18,11,0,ACTUAL,PGE-TAC,Total Actual Hourly Integrated Load,SYS_FCST_ACT_MW,3.1,11957,ACTUAL,300
2019-12-19T03:00:00-00:00,2019-12-19T04:00:00-00:00,0,2019-12-18,20,0,ACTUAL,PGE-TAC,Total Actual Hourly Integrated Load,SYS_FCST_ACT_MW,3.1,13366,ACTUAL,300
2019-12-18T11:00:00-00:00,2019-12-18T12:00:00-00:00,0,2019-12-18,4,0,ACTUAL,PGE-TAC,Total Actual Hourly Integrated Load,SYS_FCST_ACT_MW,3.1,9532,ACTUAL,300
2019-12-18T14:00:00-00:00,2019-12-18T15:00:00-00:00,0,2019-12-18,7,0,ACTUAL,PGE-TAC,Total Actual Hourly Integrated Load,SYS_FCST_ACT_MW,3.1,11761,ACTUAL,300
2019-12-18T08:00:00-00:00,2019-12-18T09:00:00-00:00,0,2019-12-18,1,0,ACTUAL,PGE-TAC,Total Actual Hourly Integrated Load,SYS_FCST_ACT_MW,3.1,10173,ACTUAL,300
2019-12-18T16:00:00-00:00,2019-12-18T17:00:00-00:00,0,2019-12-18,9,0,ACTUAL,PGE-TAC,Total Actual Hourly Integrated Load,SYS_FCST_ACT_MW,3.1,12533,ACTUAL,300
2019-12-19T01:00:00-00:00,2019-12-19T02:00:00-00:00,0,2019-12-18,18,0,ACTUAL,PGE-TAC,Total Actual Hourly Integrated Load,SYS_FCST_ACT_MW,3.1,13578,ACTUAL,300
2019-12-19T04:00:00-00:00,2019-12-19T05:00:00-00:00,0,2019-12-18,21,0,ACTUAL,PGE-TAC,Total Actual Hourly Integrated Load,SYS_FCST_ACT_MW,3.1,12982,ACTUAL,300
2019-12-19T06:00:00-00:00,2019-12-19T07:00:00-00:00,0,2019-12-18,23,0,ACTUAL,PGE-TAC,Total Actual Hourly Integrated Load,SYS_FCST_ACT_MW,3.1,11412,ACTUAL,300
2019-12-19T00:00:00-00:00,2019-12-19T01:00:00-00:00,0,2019-12-18,17,0,ACTUAL,PGE-TAC,Total Actual Hourly Integrated Load,SYS_FCST_ACT_MW,3.1,12744,ACTUAL,300
2019-12-19T02:00:00-00:00,2019-12-19T03:00:00-00:00,0,2019-12-18,19,0,ACTUAL,PGE-TAC,Total Actual Hourly Integrated Load,SYS_FCST_ACT_MW,3.1,13610,ACTUAL,300
2019-12-18T17:00:00-00:00,2019-12-18T18:00:00-00:00,0,2019-12-18,10,0,ACTUAL,PGE-TAC,Total Actual Hourly Integrated Load,SYS_FCST_ACT_MW,3.1,12275,ACTUAL,300
2019-12-18T23:00:00-00:00,2019-12-19T00:00:00-00:00,0,2019-12-18,16,0,ACTUAL,PGE-TAC,Total Actual Hourly Integrated Load,SYS_FCST_ACT_MW,3.1,12092,ACTUAL,300
2019-12-18T21:00:00-00:00,2019-12-18T22:00:00-00:00,0,2019-12-18,14,0,ACTUAL,PGE-TAC,Total Actual Hourly Integrated Load,SYS_FCST_ACT_MW,3.1,11567,ACTUAL,300
2019-12-18T12:00:00-00:00,2019-12-18T13:00:00-00:00,0,2019-12-18,5,0,ACTUAL,PGE-TAC,Total Actual Hourly Integrated Load,SYS_FCST_ACT_MW,3.1,9834,ACTUAL,300
2019-12-18T13:00:00-00:00,2019-12-18T14:00:00-00:00,0,2019-12-18,6,0,ACTUAL,PGE-TAC,Total Actual Hourly Integrated Load,SYS_FCST_ACT_MW,3.1,10600,ACTUAL,300
2019-12-18T19:00:00-00:00,2019-12-18T20:00:00-00:00,0,2019-12-18,12,0,ACTUAL,PGE-TAC,Total Actual Hourly Integrated Load,SYS_FCST_ACT_MW,3.1,11635,ACTUAL,300
2019-12-18T22:00:00-00:00,2019-12-18T23:00:00-00:00,0,2019-12-18,15,0,ACTUAL,PGE-TAC,Total Actual Hourly Integrated Load,SYS_FCST_ACT_MW,3.1,11743,ACTUAL,300
2019-12-19T05:00:00-00:00,2019-12-19T06:00:00-00:00,0,2019-12-18,22,0,ACTUAL,PGE-TAC,Total Actual Hourly Integrated Load,SYS_FCST_ACT_MW,3.1,12380,ACTUAL,300
2019-12-19T07:00:00-00:00,2019-12-19T08:00:00-00:00,0,2019-12-18,24,0,ACTUAL,PGE-TAC,Total Actual Hourly Integrated Load,SYS_FCST_ACT_MW,3.1,10558,ACTUAL,300
2019-12-18T09:00:00-00:00,2019-12-18T10:00:00-00:00,0,2019-12-18,2,0,ACTUAL,PGE-TAC,Total Actual Hourly Integrated Load,SYS_FCST_ACT_MW,3.1,9750,ACTUAL,300
2019-12-18T10:00:00-00:00,2019-12-18T11:00:00-00:00,0,2019-12-18,3,0,ACTUAL,PGE-TAC,Total Actual Hourly Integrated Load,SYS_FCST_ACT_MW,3.1,9523,ACTUAL,300
2019-12-18T20:00:00-00:00,2019-12-18T21:00:00-00:00,0,2019-12-18,13,0,ACTUAL,PGE-TAC,Total Actual Hourly Integrated Load,SYS_FCST_ACT_MW,3.1,11504,ACTUAL,300
2019-12-18T15:00:00-00:00,2019-12-18T16:00:00-00:00,0,2019-12-18,8,0,ACTUAL,PGE-TAC,Total Actual Hourly Integrated Load,SYS_FCST_ACT_MW,3.1,12566,ACTUAL,300
2019-12-18T15:00:00-00:00,2019-12-18T16:00:00-00:00,0,2019-12-18,8,0,ACTUAL,PSEI,Total Actual Hourly Integrated Load,SYS_FCST_ACT_MW,3.8,3792,ACTUAL,301
2019-12-18T12:00:00-00:00,2019-12-18T13:00:00-00:00,0,2019-12-18,5,0,ACTUAL,PSEI,Total Actual Hourly Integrated Load,SYS_FCST_ACT_MW,3.8,2859,ACTUAL,301
2019-12-18T22:00:00-00:00,2019-12-18T23:00:00-00:00,0,2019-12-18,15,0,ACTUAL,PSEI,Total Actual Hourly Integrated Load,SYS_FCST_ACT_MW,3.8,3502,ACTUAL,301
2019-12-18T23:00:00-00:00,2019-12-19T00:00:00-00:00,0,2019-12-18,16,0,ACTUAL,PSEI,Total Actual Hourly Integrated Load,SYS_FCST_ACT_MW,3.8,3587,ACTUAL,301
2019-12-19T06:00:00-00:00,2019-12-19T07:00:00-00:00,0,2019-12-18,23,0,ACTUAL,PSEI,Total Actual Hourly Integrated Load,SYS_FCST_ACT_MW,3.8,3164,ACTUAL,301
2019-12-18T13:00:00-00:00,2019-12-18T14:00:00-00:00,0,2019-12-18,6,0,ACTUAL,PSEI,Total Actual Hourly Integrated Load,SYS_FCST_ACT_MW,3.8,3176,ACTUAL,301
2019-12-18T16:00:00-00:00,2019-12-18T17:00:00-00:00,0,2019-12-18,9,0,ACTUAL,PSEI,Total Actual Hourly Integrated Load,SYS_FCST_ACT_MW,3.8,3772,ACTUAL,301
2019-12-18T21:00:00-00:00,2019-12-18T22:00:00-00:00,0,2019-12-18,14,0,ACTUAL,PSEI,Total Actual Hourly Integrated Load,SYS_FCST_ACT_MW,3.8,3499,ACTUAL,301
2019-12-18T10:00:00-00:00,2019-12-18T11:00:00-00:00,0,2019-12-18,3,0,ACTUAL,PSEI,Total Actual Hourly Integrated Load,SYS_FCST_ACT_MW,3.8,2640,ACTUAL,301
2019-12-18T17:00:00-00:00,2019-12-18T18:00:00-00:00,0,2019-12-18,10,0,ACTUAL,PSEI,Total Actual Hourly Integrated Load,SYS_FCST_ACT_MW,3.8,3710,ACTUAL,301
2019-12-19T04:00:00-00:00,2019-12-19T05:00:00-00:00,0,2019-12-18,21,0,ACTUAL,PSEI,Total Actual Hourly Integrated Load,SYS_FCST_ACT_MW,3.8,3692,ACTUAL,301
2019-12-19T05:00:00-00:00,2019-12-19T06:00:00-00:00,0,2019-12-18,22,0,ACTUAL,PSEI,Total Actual Hourly Integrated Load,SYS_FCST_ACT_MW,3.8,3472,ACTUAL,301
2019-12-18T08:00:00-00:00,2019-12-18T09:00:00-00:00,0,2019-12-18,1,0,ACTUAL,PSEI,Total Actual Hourly Integrated Load,SYS_FCST_ACT_MW,3.8,2732,ACTUAL,301
2019-12-19T07:00:00-00:00,2019-12-19T08:00:00-00:00,0,2019-12-18,24,0,ACTUAL,PSEI,Total Actual Hourly Integrated Load,SYS_FCST_ACT_MW,3.8,2889,ACTUAL,301
2019-12-18T11:00:00-00:00,2019-12-18T12:00:00-00:00,0,2019-12-18,4,0,ACTUAL,PSEI,Total Actual Hourly Integrated Load,SYS_FCST_ACT_MW,3.8,2686,ACTUAL,301
2019-12-18T18:00:00-00:00,2019-12-18T19:00:00-00:00,0,2019-12-18,11,0,ACTUAL,PSEI,Total Actual Hourly Integrated Load,SYS_FCST_ACT_MW,3.8,3660,ACTUAL,301
2019-12-19T01:00:00-00:00,2019-12-19T02:00:00-00:00,0,2019-12-18,18,0,ACTUAL,PSEI,Total Actual Hourly Integrated Load,SYS_FCST_ACT_MW,3.8,3936,ACTUAL,301
2019-12-19T02:00:00-00:00,2019-12-19T03:00:00-00:00,0,2019-12-18,19,0,ACTUAL,PSEI,Total Actual Hourly Integrated Load,SYS_FCST_ACT_MW,3.8,3899,ACTUAL,301
2019-12-18T14:00:00-00:00,2019-12-18T15:00:00-00:00,0,2019-12-18,7,0,ACTUAL,PSEI,Total Actual Hourly Integrated Load,SYS_FCST_ACT_MW,3.8,3563,ACTUAL,301
2019-12-18T19:00:00-00:00,2019-12-18T20:00:00-00:00,0,2019-12-18,12,0,ACTUAL,PSEI,Total Actual Hourly Integrated Load,SYS_FCST_ACT_MW,3.8,3589,ACTUAL,301
2019-12-19T00:00:00-00:00,2019-12-19T01:00:00-00:00,0,2019-12-18,17,0,ACTUAL,PSEI,Total Actual Hourly Integrated Load,SYS_FCST_ACT_MW,3.8,3811,ACTUAL,301
2019-12-19T03:00:00-00:00,2019-12-19T04:00:00-00:00,0,2019-12-18,20,0,ACTUAL,PSEI,Total Actual Hourly Integrated Load,SYS_FCST_ACT_MW,3.8,3812,ACTUAL,301
2019-12-18T09:00:00-00:00,2019-12-18T10:00:00-00:00,0,2019-12-18,2,0,ACTUAL,PSEI,Total Actual Hourly Integrated Load,SYS_FCST_ACT_MW,3.8,2655,ACTUAL,301
2019-12-18T20:00:00-00:00,2019-12-18T21:00:00-00:00,0,2019-12-18,13,0,ACTUAL,PSEI,Total Actual Hourly Integrated Load,SYS_FCST_ACT_MW,3.8,3527,ACTUAL,301
2019-12-18T22:00:00-00:00,2019-12-18T23:00:00-00:00,0,2019-12-18,15,0,ACTUAL,SCE-TAC,Total Actual Hourly Integrated Load,SYS_FCST_ACT_MW,3.2,11495,ACTUAL,302
2019-12-19T04:00:00-00:00,2019-12-19T05:00:00-00:00,0,2019-12-18,21,0,ACTUAL,SCE-TAC,Total Actual Hourly Integrated Load,SYS_FCST_ACT_MW,3.2,13186,ACTUAL,302
2019-12-18T14:00:00-00:00,2019-12-18T15:00:00-00:00,0,2019-12-18,7,0,ACTUAL,SCE-TAC,Total Actual Hourly Integrated Load,SYS_FCST_ACT_MW,3.2,12010,ACTUAL,302
2019-12-18T15:00:00-00:00,2019-12-18T16:00:00-00:00,0,2019-12-18,8,0,ACTUAL,SCE-TAC,Total Actual Hourly Integrated Load,SYS_FCST_ACT_MW,3.2,12407,ACTUAL,302
2019-12-18T20:00:00-00:00,2019-12-18T21:00:00-00:00,0,2019-12-18,13,0,ACTUAL,SCE-TAC,Total Actual Hourly Integrated Load,SYS_FCST_ACT_MW,3.2,11344,ACTUAL,302
2019-12-18T11:00:00-00:00,2019-12-18T12:00:00-00:00,0,2019-12-18,4,0,ACTUAL,SCE-TAC,Total Actual Hourly Integrated Load,SYS_FCST_ACT_MW,3.2,9795,ACTUAL,302
2019-12-18T12:00:00-00:00,2019-12-18T13:00:00-00:00,0,2019-12-18,5,0,ACTUAL,SCE-TAC,Total Actual Hourly Integrated Load,SYS_FCST_ACT_MW,3.2,10135,ACTUAL,302
2019-12-18T23:00:00-00:00,2019-12-19T00:00:00-00:00,0,2019-12-18,16,0,ACTUAL,SCE-TAC,Total Actual Hourly Integrated Load,SYS_FCST_ACT_MW,3.2,11616,ACTUAL,302
2019-12-19T05:00:00-00:00,2019-12-19T06:00:00-00:00,0,2019-12-18,22,0,ACTUAL,SCE-TAC,Total Actual Hourly Integrated Load,SYS_FCST_ACT_MW,3.2,12792,ACTUAL,302
2019-12-18T08:00:00-00:00,2019-12-18T09:00:00-00:00,0,2019-12-18,1,0,ACTUAL,SCE-TAC,Total Actual Hourly Integrated Load,SYS_FCST_ACT_MW,3.2,10276,ACTUAL,302
2019-12-18T13:00:00-00:00,2019-12-18T14:00:00-00:00,0,2019-12-18,6,0,ACTUAL,SCE-TAC,Total Actual Hourly Integrated Load,SYS_FCST_ACT_MW,3.2,10925,ACTUAL,302
2019-12-18T19:00:00-00:00,2019-12-18T20:00:00-00:00,0,2019-12-18,12,0,ACTUAL,SCE-TAC,Total Actual Hourly Integrated Load,SYS_FCST_ACT_MW,3.2,11813,ACTUAL,302
2019-12-19T00:00:00-00:00,2019-12-19T01:00:00-00:00,0,2019-12-18,17,0,ACTUAL,SCE-TAC,Total Actual Hourly Integrated Load,SYS_FCST_ACT_MW,3.2,12311,ACTUAL,302
2019-12-19T01:00:00-00:00,2019-12-19T02:00:00-00:00,0,2019-12-18,18,0,ACTUAL,SCE-TAC,Total Actual Hourly Integrated Load,SYS_FCST_ACT_MW,3.2,13379,ACTUAL,302
2019-12-19T02:00:00-00:00,2019-12-19T03:00:00-00:00,0,2019-12-18,19,0,ACTUAL,SCE-TAC,Total Actual Hourly Integrated Load,SYS_FCST_ACT_MW,3.2,13520,ACTUAL,302
2019-12-19T03:00:00-00:00,2019-12-19T04:00:00-00:00,0,2019-12-18,20,0,ACTUAL,SCE-TAC,Total Actual Hourly Integrated Load,SYS_FCST_ACT_MW,3.2,13405,ACTUAL,302
2019-12-18T09:00:00-00:00,2019-12-18T10:00:00-00:00,0,2019-12-18,2,0,ACTUAL,SCE-TAC,Total Actual Hourly Integrated Load,SYS_FCST_ACT_MW,3.2,9933,ACTUAL,302
2019-12-18T17:00:00-00:00,2019-12-18T18:00:00-00:00,0,2019-12-18,10,0,ACTUAL,SCE-TAC,Total Actual Hourly Integrated Load,SYS_FCST_ACT_MW,3.2,12432,ACTUAL,302
2019-12-18T18:00:00-00:00,2019-12-18T19:00:00-00:00,0,2019-12-18,11,0,ACTUAL,SCE-TAC,Total Actual Hourly Integrated Load,SYS_FCST_ACT_MW,3.2,12283,ACTUAL,302
2019-12-18T16:00:00-00:00,2019-12-18T17:00:00-00:00,0,2019-12-18,9,0,ACTUAL,SCE-TAC,Total Actual Hourly Integrated Load,SYS_FCST_ACT_MW,3.2,12535,ACTUAL,302
2019-12-19T06:00:00-00:00,2019-12-19T07:00:00-00:00,0,2019-12-18,23,0,ACTUAL,SCE-TAC,Total Actual Hourly Integrated Load,SYS_FCST_ACT_MW,3.2,11981,ACTUAL,302
2019-12-18T10:00:00-00:00,2019-12-18T11:00:00-00:00,0,2019-12-18,3,0,ACTUAL,SCE-TAC,Total Actual Hourly Integrated Load,SYS_FCST_ACT_MW,3.2,9779,ACTUAL,302
2019-12-18T21:00:00-00:00,2019-12-18T22:00:00-00:00,0,2019-12-18,14,0,ACTUAL,SCE-TAC,Total Actual Hourly Integrated Load,SYS_FCST_ACT_MW,3.2,11387,ACTUAL,302
2019-12-19T07:00:00-00:00,2019-12-19T08:00:00-00:00,0,2019-12-18,24,0,ACTUAL,SCE-TAC,Total Actual Hourly Integrated Load,SYS_FCST_ACT_MW,3.2,11121,ACTUAL,302
2019-12-19T06:00:00-00:00,2019-12-19T07:00:00-00:00,0,2019-12-18,23,0,ACTUAL,SCL,Total Actual Hourly Integrated Load,SYS_FCST_ACT_MW,3.8,1189,ACTUAL,303
2019-12-18T08:00:00-00:00,2019-12-18T09:00:00-00:00,0,2019-12-18,1,0,ACTUAL,SCL,Total Actual Hourly Integrated Load,SYS_FCST_ACT_MW,3.8,997,ACTUAL,303
2019-12-19T04:00:00-00:00,2019-12-19T05:00:00-00:00,0,2019-12-18,21,0,ACTUAL,SCL,Total Actual Hourly Integrated Load,SYS_FCST_ACT_MW,3.8,1352,ACTUAL,303
2019-12-18T11:00:00-00:00,2019-12-18T12:00:00-00:00,0,2019-12-18,4,0,ACTUAL,SCL,Total Actual Hourly Integrated Load,SYS_FCST_ACT_MW,3.8,953,ACTUAL,303
2019-12-18T18:00:00-00:00,2019-12-18T19:00:00-00:00,0,2019-12-18,11,0,ACTUAL,SCL,Total Actual Hourly Integrated Load,SYS_FCST_ACT_MW,3.8,1378,ACTUAL,303
2019-12-18T10:00:00-00:00,2019-12-18T11:00:00-00:00,0,2019-12-18,3,0,ACTUAL,SCL,Total Actual Hourly Integrated Load,SYS_FCST_ACT_MW,3.8,949,ACTUAL,303
2019-12-18T13:00:00-00:00,2019-12-18T14:00:00-00:00,0,2019-12-18,6,0,ACTUAL,SCL,Total Actual Hourly Integrated Load,SYS_FCST_ACT_MW,3.8,1138,ACTUAL,303
2019-12-18T15:00:00-00:00,2019-12-18T16:00:00-00:00,0,2019-12-18,8,0,ACTUAL,SCL,Total Actual Hourly Integrated Load,SYS_FCST_ACT_MW,3.8,1421,ACTUAL,303
2019-12-18T21:00:00-00:00,2019-12-18T22:00:00-00:00,0,2019-12-18,14,0,ACTUAL,SCL,Total Actual Hourly Integrated Load,SYS_FCST_ACT_MW,3.8,1335,ACTUAL,303
2019-12-18T22:00:00-00:00,2019-12-18T23:00:00-00:00,0,2019-12-18,15,0,ACTUAL,SCL,Total Actual Hourly Integrated Load,SYS_FCST_ACT_MW,3.8,1325,ACTUAL,303
2019-12-18T23:00:00-00:00,2019-12-19T00:00:00-00:00,0,2019-12-18,16,0,ACTUAL,SCL,Total Actual Hourly Integrated Load,SYS_FCST_ACT_MW,3.8,1342,ACTUAL,303
2019-12-19T02:00:00-00:00,2019-12-19T03:00:00-00:00,0,2019-12-18,19,0,ACTUAL,SCL,Total Actual Hourly Integrated Load,SYS_FCST_ACT_MW,3.8,1414,ACTUAL,303
2019-12-19T05:00:00-00:00,2019-12-19T06:00:00-00:00,0,2019-12-18,22,0,ACTUAL,SCL,Total Actual Hourly Integrated Load,SYS_FCST_ACT_MW,3.8,1290,ACTUAL,303
2019-12-18T20:00:00-00:00,2019-12-18T21:00:00-00:00,0,2019-12-18,13,0,ACTUAL,SCL,Total Actual Hourly Integrated Load,SYS_FCST_ACT_MW,3.8,1348,ACTUAL,303
2019-12-18T19:00:00-00:00,2019-12-18T20:00:00-00:00,0,2019-12-18,12,0,ACTUAL,SCL,Total Actual Hourly Integrated Load,SYS_FCST_ACT_MW,3.8,1362,ACTUAL,303
2019-12-18T16:00:00-00:00,2019-12-18T17:00:00-00:00,0,2019-12-18,9,0,ACTUAL,SCL,Total Actual Hourly Integrated Load,SYS_FCST_ACT_MW,3.8,1416,ACTUAL,303
2019-12-18T17:00:00-00:00,2019-12-18T18:00:00-00:00,0,2019-12-18,10,0,ACTUAL,SCL,Total Actual Hourly Integrated Load,SYS_FCST_ACT_MW,3.8,1395,ACTUAL,303
2019-12-19T01:00:00-00:00,2019-12-19T02:00:00-00:00,0,2019-12-18,18,0,ACTUAL,SCL,Total Actual Hourly Integrated Load,SYS_FCST_ACT_MW,3.8,1439,ACTUAL,303
2019-12-18T09:00:00-00:00,2019-12-18T10:00:00-00:00,0,2019-12-18,2,0,ACTUAL,SCL,Total Actual Hourly Integrated Load,SYS_FCST_ACT_MW,3.8,967,ACTUAL,303
2019-12-18T12:00:00-00:00,2019-12-18T13:00:00-00:00,0,2019-12-18,5,0,ACTUAL,SCL,Total Actual Hourly Integrated Load,SYS_FCST_ACT_MW,3.8,1010,ACTUAL,303
2019-12-19T07:00:00-00:00,2019-12-19T08:00:00-00:00,0,2019-12-18,24,0,ACTUAL,SCL,Total Actual Hourly Integrated Load,SYS_FCST_ACT_MW,3.8,1089,ACTUAL,303
2019-12-19T03:00:00-00:00,2019-12-19T04:00:00-00:00,0,2019-12-18,20,0,ACTUAL,SCL,Total Actual Hourly Integrated Load,SYS_FCST_ACT_MW,3.8,1388,ACTUAL,303
2019-12-18T14:00:00-00:00,2019-12-18T15:00:00-00:00,0,2019-12-18,7,0,ACTUAL,SCL,Total Actual Hourly Integrated Load,SYS_FCST_ACT_MW,3.8,1309,ACTUAL,303
2019-12-19T00:00:00-00:00,2019-12-19T01:00:00-00:00,0,2019-12-18,17,0,ACTUAL,SCL,Total Actual Hourly Integrated Load,SYS_FCST_ACT_MW,3.8,1405,ACTUAL,303
2019-12-18T20:00:00-00:00,2019-12-18T21:00:00-00:00,0,2019-12-18,13,0,ACTUAL,SDGE-TAC,Total Actual Hourly Integrated Load,SYS_FCST_ACT_MW,3.4,2294,ACTUAL,304
2019-12-19T05:00:00-00:00,2019-12-19T06:00:00-00:00,0,2019-12-18,22,0,ACTUAL,SDGE-TAC,Total Actual Hourly Integrated Load,SYS_FCST_ACT_MW,3.4,2698,ACTUAL,304
2019-12-19T02:00:00-00:00,2019-12-19T03:00:00-00:00,0,2019-12-18,19,0,ACTUAL,SDGE-TAC,Total Actual Hourly Integrated Load,SYS_FCST_ACT_MW,3.4,2962,ACTUAL,304
2019-12-18T22:00:00-00:00,2019-12-18T23:00:00-00:00,0,2019-12-18,15,0,ACTUAL,SDGE-TAC,Total Actual Hourly Integrated Load,SYS_FCST_ACT_MW,3.4,2125,ACTUAL,304
2019-12-18T16:00:00-00:00,2019-12-18T17:00:00-00:00,0,2019-12-18,9,0,ACTUAL,SDGE-TAC,Total Actual Hourly Integrated Load,SYS_FCST_ACT_MW,3.4,2479,ACTUAL,304
2019-12-18T15:00:00-00:00,2019-12-18T16:00:00-00:00,0,2019-12-18,8,0,ACTUAL,SDGE-TAC,Total Actual Hourly Integrated Load,SYS_FCST_ACT_MW,3.4,2567,ACTUAL,304
2019-12-19T03:00:00-00:00,2019-12-19T04:00:00-00:00,0,2019-12-18,20,0,ACTUAL,SDGE-TAC,Total Actual Hourly Integrated Load,SYS_FCST_ACT_MW,3.4,2938,ACTUAL,304
2019-12-18T12:00:00-00:00,2019-12-18T13:00:00-00:00,0,2019-12-18,5,0,ACTUAL,SDGE-TAC,Total Actual Hourly Integrated Load,SYS_FCST_ACT_MW,3.4,1984,ACTUAL,304
2019-12-18T10:00:00-00:00,2019-12-18T11:00:00-00:00,0,2019-12-18,3,0,ACTUAL,SDGE-TAC,Total Actual Hourly Integrated Load,SYS_FCST_ACT_MW,3.4,1915,ACTUAL,304
2019-12-18T08:00:00-00:00,2019-12-18T09:00:00-00:00,0,2019-12-18,1,0,ACTUAL,SDGE-TAC,Total Actual Hourly Integrated Load,SYS_FCST_ACT_MW,3.4,2038,ACTUAL,304
2019-12-19T00:00:00-00:00,2019-12-19T01:00:00-00:00,0,2019-12-18,17,0,ACTUAL,SDGE-TAC,Total Actual Hourly Integrated Load,SYS_FCST_ACT_MW,3.4,2602,ACTUAL,304
2019-12-18T18:00:00-00:00,2019-12-18T19:00:00-00:00,0,2019-12-18,11,0,ACTUAL,SDGE-TAC,Total Actual Hourly Integrated Load,SYS_FCST_ACT_MW,3.4,2291,ACTUAL,304
2019-12-18T13:00:00-00:00,2019-12-18T14:00:00-00:00,0,2019-12-18,6,0,ACTUAL,SDGE-TAC,Total Actual Hourly Integrated Load,SYS_FCST_ACT_MW,3.4,2185,ACTUAL,304
2019-12-18T09:00:00-00:00,2019-12-18T10:00:00-00:00,0,2019-12-18,2,0,ACTUAL,SDGE-TAC,Total Actual Hourly Integrated Load,SYS_FCST_ACT_MW,3.4,1960,ACTUAL,304
2019-12-18T23:00:00-00:00,2019-12-19T00:00:00-00:00,0,2019-12-18,16,0,ACTUAL,SDGE-TAC,Total Actual Hourly Integrated Load,SYS_FCST_ACT_MW,3.4,2305,ACTUAL,304
2019-12-19T01:00:00-00:00,2019-12-19T02:00:00-00:00,0,2019-12-18,18,0,ACTUAL,SDGE-TAC,Total Actual Hourly Integrated Load,SYS_FCST_ACT_MW,3.4,2928,ACTUAL,304
2019-12-18T21:00:00-00:00,2019-12-18T22:00:00-00:00,0,2019-12-18,14,0,ACTUAL,SDGE-TAC,Total Actual Hourly Integrated Load,SYS_FCST_ACT_MW,3.4,2042,ACTUAL,304
2019-12-18T11:00:00-00:00,2019-12-18T12:00:00-00:00,0,2019-12-18,4,0,ACTUAL,SDGE-TAC,Total Actual Hourly Integrated Load,SYS_FCST_ACT_MW,3.4,1906,ACTUAL,304
2019-12-19T06:00:00-00:00,2019-12-19T07:00:00-00:00,0,2019-12-18,23,0,ACTUAL,SDGE-TAC,Total Actual Hourly Integrated Load,SYS_FCST_ACT_MW,3.4,2465,ACTUAL,304
2019-12-19T04:00:00-00:00,2019-12-19T05:00:00-00:00,0,2019-12-18,21,0,ACTUAL,SDGE-TAC,Total Actual Hourly Integrated Load,SYS_FCST_ACT_MW,3.4,2846,ACTUAL,304
2019-12-19T07:00:00-00:00,2019-12-19T08:00:00-00:00,0,2019-12-18,24,0,ACTUAL,SDGE-TAC,Total Actual Hourly Integrated Load,SYS_FCST_ACT_MW,3.4,2249,ACTUAL,304
2019-12-18T19:00:00-00:00,2019-12-18T20:00:00-00:00,0,2019-12-18,12,0,ACTUAL,SDGE-TAC,Total Actual Hourly Integrated Load,SYS_FCST_ACT_MW,3.4,2253,ACTUAL,304
2019-12-18T14:00:00-00:00,2019-12-18T15:00:00-00:00,0,2019-12-18,7,0,ACTUAL,SDGE-TAC,Total Actual Hourly Integrated Load,SYS_FCST_ACT_MW,3.4,2493,ACTUAL,304
2019-12-18T17:00:00-00:00,2019-12-18T18:00:00-00:00,0,2019-12-18,10,0,ACTUAL,SDGE-TAC,Total Actual Hourly Integrated Load,SYS_FCST_ACT_MW,3.4,2446,ACTUAL,304
2019-12-18T20:00:00-00:00,2019-12-18T21:00:00-00:00,0,2019-12-18,13,0,ACTUAL,SRP,Total Actual Hourly Integrated Load,SYS_FCST_ACT_MW,3.8,2640,ACTUAL,305
2019-12-19T02:00:00-00:00,2019-12-19T03:00:00-00:00,0,2019-12-18,19,0,ACTUAL,SRP,Total Actual Hourly Integrated Load,SYS_FCST_ACT_MW,3.8,3245,ACTUAL,305
2019-12-19T03:00:00-00:00,2019-12-19T04:00:00-00:00,0,2019-12-18,20,0,ACTUAL,SRP,Total Actual Hourly Integrated Load,SYS_FCST_ACT_MW,3.8,3241,ACTUAL,305
2019-12-19T00:00:00-00:00,2019-12-19T01:00:00-00:00,0,2019-12-18,17,0,ACTUAL,SRP,Total Actual Hourly Integrated Load,SYS_FCST_ACT_MW,3.8,3005,ACTUAL,305
2019-12-18T21:00:00-00:00,2019-12-18T22:00:00-00:00,0,2019-12-18,14,0,ACTUAL,SRP,Total Actual Hourly Integrated Load,SYS_FCST_ACT_MW,3.8,2611,ACTUAL,305
2019-12-19T06:00:00-00:00,2019-12-19T07:00:00-00:00,0,2019-12-18,23,0,ACTUAL,SRP,Total Actual Hourly Integrated Load,SYS_FCST_ACT_MW,3.8,2808,ACTUAL,305
2019-12-18T16:00:00-00:00,2019-12-18T17:00:00-00:00,0,2019-12-18,9,0,ACTUAL,SRP,Total Actual Hourly Integrated Load,SYS_FCST_ACT_MW,3.8,3105,ACTUAL,305
2019-12-18T13:00:00-00:00,2019-12-18T14:00:00-00:00,0,2019-12-18,6,0,ACTUAL,SRP,Total Actual Hourly Integrated Load,SYS_FCST_ACT_MW,3.8,3410,ACTUAL,305
2019-12-18T12:00:00-00:00,2019-12-18T13:00:00-00:00,0,2019-12-18,5,0,ACTUAL,SRP,Total Actual Hourly Integrated Load,SYS_FCST_ACT_MW,3.8,3114,ACTUAL,305
2019-12-18T18:00:00-00:00,2019-12-18T19:00:00-00:00,0,2019-12-18,11,0,ACTUAL,SRP,Total Actual Hourly Integrated Load,SYS_FCST_ACT_MW,3.8,2788,ACTUAL,305
2019-12-18T15:00:00-00:00,2019-12-18T16:00:00-00:00,0,2019-12-18,8,0,ACTUAL,SRP,Total Actual Hourly Integrated Load,SYS_FCST_ACT_MW,3.8,3255,ACTUAL,305
2019-12-19T04:00:00-00:00,2019-12-19T05:00:00-00:00,0,2019-12-18,21,0,ACTUAL,SRP,Total Actual Hourly Integrated Load,SYS_FCST_ACT_MW,3.8,3165,ACTUAL,305
2019-12-18T14:00:00-00:00,2019-12-18T15:00:00-00:00,0,2019-12-18,7,0,ACTUAL,SRP,Total Actual Hourly Integrated Load,SYS_FCST_ACT_MW,3.8,3441,ACTUAL,305
2019-12-19T01:00:00-00:00,2019-12-19T02:00:00-00:00,0,2019-12-18,18,0,ACTUAL,SRP,Total Actual Hourly Integrated Load,SYS_FCST_ACT_MW,3.8,3209,ACTUAL,305
2019-12-18T23:00:00-00:00,2019-12-19T00:00:00-00:00,0,2019-12-18,16,0,ACTUAL,SRP,Total Actual Hourly Integrated Load,SYS_FCST_ACT_MW,3.8,2741,ACTUAL,305
2019-12-19T05:00:00-00:00,2019-12-19T06:00:00-00:00,0,2019-12-18,22,0,ACTUAL,SRP,Total Actual Hourly Integrated Load,SYS_FCST_ACT_MW,3.8,2968,ACTUAL,305
2019-12-18T22:00:00-00:00,2019-12-18T23:00:00-00:00,0,2019-12-18,15,0,ACTUAL,SRP,Total Actual Hourly Integrated Load,SYS_FCST_ACT_MW,3.8,2636,ACTUAL,305
2019-12-18T19:00:00-00:00,2019-12-18T20:00:00-00:00,0,2019-12-18,12,0,ACTUAL,SRP,Total Actual Hourly Integrated Load,SYS_FCST_ACT_MW,3.8,2694,ACTUAL,305
2019-12-18T17:00:00-00:00,2019-12-18T18:00:00-00:00,0,2019-12-18,10,0,ACTUAL,SRP,Total Actual Hourly Integrated Load,SYS_FCST_ACT_MW,3.8,2931,ACTUAL,305
2019-12-18T09:00:00-00:00,2019-12-18T10:00:00-00:00,0,2019-12-18,2,0,ACTUAL,SRP,Total Actual Hourly Integrated Load,SYS_FCST_ACT_MW,3.8,2691,ACTUAL,305
2019-12-18T08:00:00-00:00,2019-12-18T09:00:00-00:00,0,2019-12-18,1,0,ACTUAL,SRP,Total Actual Hourly Integrated Load,SYS_FCST_ACT_MW,3.8,2715,ACTUAL,305
2019-12-18T11:00:00-00:00,2019-12-18T12:00:00-00:00,0,2019-12-18,4,0,ACTUAL,SRP,Total Actual Hourly Integrated Load,SYS_FCST_ACT_MW,3.8,2861,ACTUAL,305
2019-12-18T10:00:00-00:00,2019-12-18T11:00:00-00:00,0,2019-12-18,3,0,ACTUAL,SRP,Total Actual Hourly Integrated Load,SYS_FCST_ACT_MW,3.8,2719,ACTUAL,305
2019-12-19T07:00:00-00:00,2019-12-19T08:00:00-00:00,0,2019-12-18,24,0,ACTUAL,SRP,Total Actual Hourly Integrated Load,SYS_FCST_ACT_MW,3.8,2704,ACTUAL,305
2019-12-19T01:00:00-00:00,2019-12-19T02:00:00-00:00,0,2019-12-18,18,0,ACTUAL,VEA-TAC,Total Actual Hourly Integrated Load,SYS_FCST_ACT_MW,3.5,93,ACTUAL,306
2019-12-19T07:00:00-00:00,2019-12-19T08:00:00-00:00,0,2019-12-18,24,0,ACTUAL,VEA-TAC,Total Actual Hourly Integrated Load,SYS_FCST_ACT_MW,3.5,87,ACTUAL,306
2019-12-18T19:00:00-00:00,2019-12-18T20:00:00-00:00,0,2019-12-18,12,0,ACTUAL,VEA-TAC,Total Actual Hourly Integrated Load,SYS_FCST_ACT_MW,3.5,83,ACTUAL,306
2019-12-18T21:00:00-00:00,2019-12-18T22:00:00-00:00,0,2019-12-18,14,0,ACTUAL,VEA-TAC,Total Actual Hourly Integrated Load,SYS_FCST_ACT_MW,3.5,74,ACTUAL,306
2019-12-18T10:00:00-00:00,2019-12-18T11:00:00-00:00,0,2019-12-18,3,0,ACTUAL,VEA-TAC,Total Actual Hourly Integrated Load,SYS_FCST_ACT_MW,3.5,90,ACTUAL,306
2019-12-18T20:00:00-00:00,2019-12-18T21:00:00-00:00,0,2019-12-18,13,0,ACTUAL,VEA-TAC,Total Actual Hourly Integrated Load,SYS_FCST_ACT_MW,3.5,80,ACTUAL,306
2019-12-18T12:00:00-00:00,2019-12-18T13:00:00-00:00,0,2019-12-18,5,0,ACTUAL,VEA-TAC,Total Actual Hourly Integrated Load,SYS_FCST_ACT_MW,3.5,100,ACTUAL,306
2019-12-18T15:00:00-00:00,2019-12-18T16:00:00-00:00,0,2019-12-18,8,0,ACTUAL,VEA-TAC,Total Actual Hourly Integrated Load,SYS_FCST_ACT_MW,3.5,118,ACTUAL,306
2019-12-18T16:00:00-00:00,2019-12-18T17:00:00-00:00,0,2019-12-18,9,0,ACTUAL,VEA-TAC,Total Actual Hourly Integrated Load,SYS_FCST_ACT_MW,3.5,111,ACTUAL,306
2019-12-19T02:00:00-00:00,2019-12-19T03:00:00-00:00,0,2019-12-18,19,0,ACTUAL,VEA-TAC,Total Actual Hourly Integrated Load,SYS_FCST_ACT_MW,3.5,94,ACTUAL,306
2019-12-19T04:00:00-00:00,2019-12-19T05:00:00-00:00,0,2019-12-18,21,0,ACTUAL,VEA-TAC,Total Actual Hourly Integrated Load,SYS_FCST_ACT_MW,3.5,93,ACTUAL,306
2019-12-18T22:00:00-00:00,2019-12-18T23:00:00-00:00,0,2019-12-18,15,0,ACTUAL,VEA-TAC,Total Actual Hourly Integrated Load,SYS_FCST_ACT_MW,3.5,75,ACTUAL,306
2019-12-19T03:00:00-00:00,2019-12-19T04:00:00-00:00,0,2019-12-18,20,0,ACTUAL,VEA-TAC,Total Actual Hourly Integrated Load,SYS_FCST_ACT_MW,3.5,95,ACTUAL,306
2019-12-19T06:00:00-00:00,2019-12-19T07:00:00-00:00,0,2019-12-18,23,0,ACTUAL,VEA-TAC,Total Actual Hourly Integrated Load,SYS_FCST_ACT_MW,3.5,89,ACTUAL,306
2019-12-19T00:00:00-00:00,2019-12-19T01:00:00-00:00,0,2019-12-18,17,0,ACTUAL,VEA-TAC,Total Actual Hourly Integrated Load,SYS_FCST_ACT_MW,3.5,89,ACTUAL,306
2019-12-19T05:00:00-00:00,2019-12-19T06:00:00-00:00,0,2019-12-18,22,0,ACTUAL,VEA-TAC,Total Actual Hourly Integrated Load,SYS_FCST_ACT_MW,3.5,91,ACTUAL,306
2019-12-18T23:00:00-00:00,2019-12-19T00:00:00-00:00,0,2019-12-18,16,0,ACTUAL,VEA-TAC,Total Actual Hourly Integrated Load,SYS_FCST_ACT_MW,3.5,83,ACTUAL,306
2019-12-18T08:00:00-00:00,2019-12-18T09:00:00-00:00,0,2019-12-18,1,0,ACTUAL,VEA-TAC,Total Actual Hourly Integrated Load,SYS_FCST_ACT_MW,3.5,85,ACTUAL,306
2019-12-18T11:00:00-00:00,2019-12-18T12:00:00-00:00,0,2019-12-18,4,0,ACTUAL,VEA-TAC,Total Actual Hourly Integrated Load,SYS_FCST_ACT_MW,3.5,94,ACTUAL,306
2019-12-18T13:00:00-00:00,2019-12-18T14:00:00-00:00,0,2019-12-18,6,0,ACTUAL,VEA-TAC,Total Actual Hourly Integrated Load,SYS_FCST_ACT_MW,3.5,109,ACTUAL,306
2019-12-18T18:00:00-00:00,2019-12-18T19:00:00-00:00,0,2019-12-18,11,0,ACTUAL,VEA-TAC,Total Actual Hourly Integrated Load,SYS_FCST_ACT_MW,3.5,92,ACTUAL,306
2019-12-18T09:00:00-00:00,2019-12-18T10:00:00-00:00,0,2019-12-18,2,0,ACTUAL,VEA-TAC,Total Actual Hourly Integrated Load,SYS_FCST_ACT_MW,3.5,86,ACTUAL,306
2019-12-18T17:00:00-00:00,2019-12-18T18:00:00-00:00,0,2019-12-18,10,0,ACTUAL,VEA-TAC,Total Actual Hourly Integrated Load,SYS_FCST_ACT_MW,3.5,102,ACTUAL,306
2019-12-18T14:00:00-00:00,2019-12-18T15:00:00-00:00,0,2019-12-18,7,0,ACTUAL,VEA-TAC,Total Actual Hourly Integrated Load,SYS_FCST_ACT_MW,3.5,119,ACTUAL,306
2019-12-19T12:00:00-00:00,2019-12-19T13:00:00-00:00,0,2019-12-19,5,0,ACTUAL,AZPS,Total Actual Hourly Integrated Load,SYS_FCST_ACT_MW,3.8,3388,ACTUAL,307
2019-12-19T10:00:00-00:00,2019-12-19T11:00:00-00:00,0,2019-12-19,3,0,ACTUAL,AZPS,Total Actual Hourly Integrated Load,SYS_FCST_ACT_MW,3.8,2947,ACTUAL,307
2019-12-20T05:00:00-00:00,2019-12-20T06:00:00-00:00,0,2019-12-19,22,0,ACTUAL,AZPS,Total Actual Hourly Integrated Load,SYS_FCST_ACT_MW,3.8,3231,ACTUAL,307
2019-12-19T09:00:00-00:00,2019-12-19T10:00:00-00:00,0,2019-12-19,2,0,ACTUAL,AZPS,Total Actual Hourly Integrated Load,SYS_FCST_ACT_MW,3.8,2894,ACTUAL,307
2019-12-19T13:00:00-00:00,2019-12-19T14:00:00-00:00,0,2019-12-19,6,0,ACTUAL,AZPS,Total Actual Hourly Integrated Load,SYS_FCST_ACT_MW,3.8,3743,ACTUAL,307
2019-12-19T17:00:00-00:00,2019-12-19T18:00:00-00:00,0,2019-12-19,10,0,ACTUAL,AZPS,Total Actual Hourly Integrated Load,SYS_FCST_ACT_MW,3.8,2871,ACTUAL,307
2019-12-19T20:00:00-00:00,2019-12-19T21:00:00-00:00,0,2019-12-19,13,0,ACTUAL,AZPS,Total Actual Hourly Integrated Load,SYS_FCST_ACT_MW,3.8,2461,ACTUAL,307
2019-12-20T00:00:00-00:00,2019-12-20T01:00:00-00:00,0,2019-12-19,17,0,ACTUAL,AZPS,Total Actual Hourly Integrated Load,SYS_FCST_ACT_MW,3.8,3184,ACTUAL,307
2019-12-20T01:00:00-00:00,2019-12-20T02:00:00-00:00,0,2019-12-19,18,0,ACTUAL,AZPS,Total Actual Hourly Integrated Load,SYS_FCST_ACT_MW,3.8,3399,ACTUAL,307
2019-12-20T03:00:00-00:00,2019-12-20T04:00:00-00:00,0,2019-12-19,20,0,ACTUAL,AZPS,Total Actual Hourly Integrated Load,SYS_FCST_ACT_MW,3.8,3459,ACTUAL,307
2019-12-20T04:00:00-00:00,2019-12-20T05:00:00-00:00,0,2019-12-19,21,0,ACTUAL,AZPS,Total Actual Hourly Integrated Load,SYS_FCST_ACT_MW,3.8,3395,ACTUAL,307
2019-12-19T16:00:00-00:00,2019-12-19T17:00:00-00:00,0,2019-12-19,9,0,ACTUAL,AZPS,Total Actual Hourly Integrated Load,SYS_FCST_ACT_MW,3.8,3184,ACTUAL,307
2019-12-19T23:00:00-00:00,2019-12-20T00:00:00-00:00,0,2019-12-19,16,0,ACTUAL,AZPS,Total Actual Hourly Integrated Load,SYS_FCST_ACT_MW,3.8,2810,ACTUAL,307
2019-12-19T08:00:00-00:00,2019-12-19T09:00:00-00:00,0,2019-12-19,1,0,ACTUAL,AZPS,Total Actual Hourly Integrated Load,SYS_FCST_ACT_MW,3.8,2889,ACTUAL,307
2019-12-19T11:00:00-00:00,2019-12-19T12:00:00-00:00,0,2019-12-19,4,0,ACTUAL,AZPS,Total Actual Hourly Integrated Load,SYS_FCST_ACT_MW,3.8,3088,ACTUAL,307
2019-12-19T18:00:00-00:00,2019-12-19T19:00:00-00:00,0,2019-12-19,11,0,ACTUAL,AZPS,Total Actual Hourly Integrated Load,SYS_FCST_ACT_MW,3.8,2646,ACTUAL,307
2019-12-19T22:00:00-00:00,2019-12-19T23:00:00-00:00,0,2019-12-19,15,0,ACTUAL,AZPS,Total Actual Hourly Integrated Load,SYS_FCST_ACT_MW,3.8,2576,ACTUAL,307
2019-12-19T15:00:00-00:00,2019-12-19T16:00:00-00:00,0,2019-12-19,8,0,ACTUAL,AZPS,Total Actual Hourly Integrated Load,SYS_FCST_ACT_MW,3.8,3599,ACTUAL,307
2019-12-20T06:00:00-00:00,2019-12-20T07:00:00-00:00,0,2019-12-19,23,0,ACTUAL,AZPS,Total Actual Hourly Integrated Load,SYS_FCST_ACT_MW,3.8,3069,ACTUAL,307
2019-12-19T19:00:00-00:00,2019-12-19T20:00:00-00:00,0,2019-12-19,12,0,ACTUAL,AZPS,Total Actual Hourly Integrated Load,SYS_FCST_ACT_MW,3.8,2508,ACTUAL,307
2019-12-19T21:00:00-00:00,2019-12-19T22:00:00-00:00,0,2019-12-19,14,0,ACTUAL,AZPS,Total Actual Hourly Integrated Load,SYS_FCST_ACT_MW,3.8,2469,ACTUAL,307
2019-12-20T02:00:00-00:00,2019-12-20T03:00:00-00:00,0,2019-12-19,19,0,ACTUAL,AZPS,Total Actual Hourly Integrated Load,SYS_FCST_ACT_MW,3.8,3420,ACTUAL,307
2019-12-20T07:00:00-00:00,2019-12-20T08:00:00-00:00,0,2019-12-19,24,0,ACTUAL,AZPS,Total Actual Hourly Integrated Load,SYS_FCST_ACT_MW,3.8,2970,ACTUAL,307
2019-12-19T14:00:00-00:00,2019-12-19T15:00:00-00:00,0,2019-12-19,7,0,ACTUAL,AZPS,Total Actual Hourly Integrated Load,SYS_FCST_ACT_MW,3.8,3853,ACTUAL,307
2019-12-19T20:00:00-00:00,2019-12-19T21:00:00-00:00,0,2019-12-19,13,0,ACTUAL,BANCSMUD,Total Actual Hourly Integrated Load,SYS_FCST_ACT_MW,3.8,1229,ACTUAL,308
2019-12-19T12:00:00-00:00,2019-12-19T13:00:00-00:00,0,2019-12-19,5,0,ACTUAL,BANCSMUD,Total Actual Hourly Integrated Load,SYS_FCST_ACT_MW,3.8,994,ACTUAL,308
2019-12-19T08:00:00-00:00,2019-12-19T09:00:00-00:00,0,2019-12-19,1,0,ACTUAL,BANCSMUD,Total Actual Hourly Integrated Load,SYS_FCST_ACT_MW,3.8,1017,ACTUAL,308
2019-12-20T07:00:00-00:00,2019-12-20T08:00:00-00:00,0,2019-12-19,24,0,ACTUAL,BANCSMUD,Total Actual Hourly Integrated Load,SYS_FCST_ACT_MW,3.8,1088,ACTUAL,308
2019-12-20T05:00:00-00:00,2019-12-20T06:00:00-00:00,0,2019-12-19,22,0,ACTUAL,BANCSMUD,Total Actual Hourly Integrated Load,SYS_FCST_ACT_MW,3.8,1287,ACTUAL,308
2019-12-19T23:00:00-00:00,2019-12-20T00:00:00-00:00,0,2019-12-19,16,0,ACTUAL,BANCSMUD,Total Actual Hourly Integrated Load,SYS_FCST_ACT_MW,3.8,1198,ACTUAL,308
2019-12-19T22:00:00-00:00,2019-12-19T23:00:00-00:00,0,2019-12-19,15,0,ACTUAL,BANCSMUD,Total Actual Hourly Integrated Load,SYS_FCST_ACT_MW,3.8,1184,ACTUAL,308
2019-12-20T02:00:00-00:00,2019-12-20T03:00:00-00:00,0,2019-12-19,19,0,ACTUAL,BANCSMUD,Total Actual Hourly Integrated Load,SYS_FCST_ACT_MW,3.8,1381,ACTUAL,308
2019-12-19T19:00:00-00:00,2019-12-19T20:00:00-00:00,0,2019-12-19,12,0,ACTUAL,BANCSMUD,Total Actual Hourly Integrated Load,SYS_FCST_ACT_MW,3.8,1250,ACTUAL,308
2019-12-19T17:00:00-00:00,2019-12-19T18:00:00-00:00,0,2019-12-19,10,0,ACTUAL,BANCSMUD,Total Actual Hourly Integrated Load,SYS_FCST_ACT_MW,3.8,1295,ACTUAL,308
2019-12-20T01:00:00-00:00,2019-12-20T02:00:00-00:00,0,2019-12-19,18,0,ACTUAL,BANCSMUD,Total Actual Hourly Integrated Load,SYS_FCST_ACT_MW,3.8,1377,ACTUAL,308
2019-12-20T06:00:00-00:00,2019-12-20T07:00:00-00:00,0,2019-12-19,23,0,ACTUAL,BANCSMUD,Total Actual Hourly Integrated Load,SYS_FCST_ACT_MW,3.8,1191,ACTUAL,308
2019-12-19T13:00:00-00:00,2019-12-19T14:00:00-00:00,0,2019-12-19,6,0,ACTUAL,BANCSMUD,Total Actual Hourly Integrated Load,SYS_FCST_ACT_MW,3.8,1093,ACTUAL,308
2019-12-19T11:00:00-00:00,2019-12-19T12:00:00-00:00,0,2019-12-19,4,0,ACTUAL,BANCSMUD,Total Actual Hourly Integrated Load,SYS_FCST_ACT_MW,3.8,954,ACTUAL,308
2019-12-19T10:00:00-00:00,2019-12-19T11:00:00-00:00,0,2019-12-19,3,0,ACTUAL,BANCSMUD,Total Actual Hourly Integrated Load,SYS_FCST_ACT_MW,3.8,954,ACTUAL,308
2019-12-19T16:00:00-00:00,2019-12-19T17:00:00-00:00,0,2019-12-19,9,0,ACTUAL,BANCSMUD,Total Actual Hourly Integrated Load,SYS_FCST_ACT_MW,3.8,1308,ACTUAL,308
2019-12-19T21:00:00-00:00,2019-12-19T22:00:00-00:00,0,2019-12-19,14,0,ACTUAL,BANCSMUD,Total Actual Hourly Integrated Load,SYS_FCST_ACT_MW,3.8,1201,ACTUAL,308
2019-12-19T14:00:00-00:00,2019-12-19T15:00:00-00:00,0,2019-12-19,7,0,ACTUAL,BANCSMUD,Total Actual Hourly Integrated Load,SYS_FCST_ACT_MW,3.8,1238,ACTUAL,308
2019-12-20T00:00:00-00:00,2019-12-20T01:00:00-00:00,0,2019-12-19,17,0,ACTUAL,BANCSMUD,Total Actual Hourly Integrated Load,SYS_FCST_ACT_MW,3.8,1265,ACTUAL,308
2019-12-19T18:00:00-00:00,2019-12-19T19:00:00-00:00,0,2019-12-19,11,0,ACTUAL,BANCSMUD,Total Actual Hourly Integrated Load,SYS_FCST_ACT_MW,3.8,1274,ACTUAL,308
2019-12-19T15:00:00-00:00,2019-12-19T16:00:00-00:00,0,2019-12-19,8,0,ACTUAL,BANCSMUD,Total Actual Hourly Integrated Load,SYS_FCST_ACT_MW,3.8,1317,ACTUAL,308
2019-12-20T04:00:00-00:00,2019-12-20T05:00:00-00:00,0,2019-12-19,21,0,ACTUAL,BANCSMUD,Total Actual Hourly Integrated Load,SYS_FCST_ACT_MW,3.8,1345,ACTUAL,308
2019-12-20T03:00:00-00:00,2019-12-20T04:00:00-00:00,0,2019-12-19,20,0,ACTUAL,BANCSMUD,Total Actual Hourly Integrated Load,SYS_FCST_ACT_MW,3.8,1365,ACTUAL,308
2019-12-19T09:00:00-00:00,2019-12-19T10:00:00-00:00,0,2019-12-19,2,0,ACTUAL,BANCSMUD,Total Actual Hourly Integrated Load,SYS_FCST_ACT_MW,3.8,974,ACTUAL,308
2019-12-19T09:00:00-00:00,2019-12-19T10:00:00-00:00,0,2019-12-19,2,0,ACTUAL,BCHA,Total Actual Hourly Integrated Load,SYS_FCST_ACT_MW,3.8,7092,ACTUAL,309
2019-12-20T01:00:00-00:00,2019-12-20T02:00:00-00:00,0,2019-12-19,18,0,ACTUAL,BCHA,Total Actual Hourly Integrated Load,SYS_FCST_ACT_MW,3.8,9786,ACTUAL,309
2019-12-19T20:00:00-00:00,2019-12-19T21:00:00-00:00,0,2019-12-19,13,0,ACTUAL,BCHA,Total Actual Hourly Integrated Load,SYS_FCST_ACT_MW,3.8,8849,ACTUAL,309
2019-12-19T16:00:00-00:00,2019-12-19T17:00:00-00:00,0,2019-12-19,9,0,ACTUAL,BCHA,Total Actual Hourly Integrated Load,SYS_FCST_ACT_MW,3.8,8917,ACTUAL,309
2019-12-19T14:00:00-00:00,2019-12-19T15:00:00-00:00,0,2019-12-19,7,0,ACTUAL,BCHA,Total Actual Hourly Integrated Load,SYS_FCST_ACT_MW,3.8,8108,ACTUAL,309
2019-12-19T08:00:00-00:00,2019-12-19T09:00:00-00:00,0,2019-12-19,1,0,ACTUAL,BCHA,Total Actual Hourly Integrated Load,SYS_FCST_ACT_MW,3.8,7289,ACTUAL,309
2019-12-20T05:00:00-00:00,2019-12-20T06:00:00-00:00,0,2019-12-19,22,0,ACTUAL,BCHA,Total Actual Hourly Integrated Load,SYS_FCST_ACT_MW,3.8,8898,ACTUAL,309
2019-12-20T03:00:00-00:00,2019-12-20T04:00:00-00:00,0,2019-12-19,20,0,ACTUAL,BCHA,Total Actual Hourly Integrated Load,SYS_FCST_ACT_MW,3.8,9485,ACTUAL,309
2019-12-19T13:00:00-00:00,2019-12-19T14:00:00-00:00,0,2019-12-19,6,0,ACTUAL,BCHA,Total Actual Hourly Integrated Load,SYS_FCST_ACT_MW,3.8,7537,ACTUAL,309
2019-12-20T07:00:00-00:00,2019-12-20T08:00:00-00:00,0,2019-12-19,24,0,ACTUAL,BCHA,Total Actual Hourly Integrated Load,SYS_FCST_ACT_MW,3.8,7701,ACTUAL,309
2019-12-20T00:00:00-00:00,2019-12-20T01:00:00-00:00,0,2019-12-19,17,0,ACTUAL,BCHA,Total Actual Hourly Integrated Load,SYS_FCST_ACT_MW,3.8,9591,ACTUAL,309
2019-12-19T23:00:00-00:00,2019-12-20T00:00:00-00:00,0,2019-12-19,16,0,ACTUAL,BCHA,Total Actual Hourly Integrated Load,SYS_FCST_ACT_MW,3.8,9124,ACTUAL,309
2019-12-19T19:00:00-00:00,2019-12-19T20:00:00-00:00,0,2019-12-19,12,0,ACTUAL,BCHA,Total Actual Hourly Integrated Load,SYS_FCST_ACT_MW,3.8,8874,ACTUAL,309
2019-12-19T18:00:00-00:00,2019-12-19T19:00:00-00:00,0,2019-12-19,11,0,ACTUAL,BCHA,Total Actual Hourly Integrated Load,SYS_FCST_ACT_MW,3.8,8899,ACTUAL,309
2019-12-19T17:00:00-00:00,2019-12-19T18:00:00-00:00,0,2019-12-19,10,0,ACTUAL,BCHA,Total Actual Hourly Integrated Load,SYS_FCST_ACT_MW,3.8,8877,ACTUAL,309
2019-12-19T15:00:00-00:00,2019-12-19T16:00:00-00:00,0,2019-12-19,8,0,ACTUAL,BCHA,Total Actual Hourly Integrated Load,SYS_FCST_ACT_MW,3.8,8779,ACTUAL,309
2019-12-19T12:00:00-00:00,2019-12-19T13:00:00-00:00,0,2019-12-19,5,0,ACTUAL,BCHA,Total Actual Hourly Integrated Load,SYS_FCST_ACT_MW,3.8,7154,ACTUAL,309
2019-12-19T21:00:00-00:00,2019-12-19T22:00:00-00:00,0,2019-12-19,14,0,ACTUAL,BCHA,Total Actual Hourly Integrated Load,SYS_FCST_ACT_MW,3.8,8869,ACTUAL,309
2019-12-19T11:00:00-00:00,2019-12-19T12:00:00-00:00,0,2019-12-19,4,0,ACTUAL,BCHA,Total Actual Hourly Integrated Load,SYS_FCST_ACT_MW,3.8,7018,ACTUAL,309
2019-12-20T06:00:00-00:00,2019-12-20T07:00:00-00:00,0,2019-12-19,23,0,ACTUAL,BCHA,Total Actual Hourly Integrated Load,SYS_FCST_ACT_MW,3.8,8324,ACTUAL,309
2019-12-20T04:00:00-00:00,2019-12-20T05:00:00-00:00,0,2019-12-19,21,0,ACTUAL,BCHA,Total Actual Hourly Integrated Load,SYS_FCST_ACT_MW,3.8,9266,ACTUAL,309
2019-12-19T10:00:00-00:00,2019-12-19T11:00:00-00:00,0,2019-12-19,3,0,ACTUAL,BCHA,Total Actual Hourly Integrated Load,SYS_FCST_ACT_MW,3.8,7018,ACTUAL,309
2019-12-19T22:00:00-00:00,2019-12-19T23:00:00-00:00,0,2019-12-19,15,0,ACTUAL,BCHA,Total Actual Hourly Integrated Load,SYS_FCST_ACT_MW,3.8,8872,ACTUAL,309
2019-12-20T02:00:00-00:00,2019-12-20T03:00:00-00:00,0,2019-12-19,19,0,ACTUAL,BCHA,Total Actual Hourly Integrated Load,SYS_FCST_ACT_MW,3.8,9662,ACTUAL,309
2019-12-20T03:00:00-00:00,2019-12-20T04:00:00-00:00,0,2019-12-19,20,0,ACTUAL,CA ISO-TAC,Total Actual Hourly Integrated Load,SYS_FCST_ACT_MW,3,29297,ACTUAL,310
2019-12-20T01:00:00-00:00,2019-12-20T02:00:00-00:00,0,2019-12-19,18,0,ACTUAL,CA ISO-TAC,Total Actual Hourly Integrated Load,SYS_FCST_ACT_MW,3,29458,ACTUAL,310
2019-12-19T22:00:00-00:00,2019-12-19T23:00:00-00:00,0,2019-12-19,15,0,ACTUAL,CA ISO-TAC,Total Actual Hourly Integrated Load,SYS_FCST_ACT_MW,3,24143,ACTUAL,310
2019-12-20T04:00:00-00:00,2019-12-20T05:00:00-00:00,0,2019-12-19,21,0,ACTUAL,CA ISO-TAC,Total Actual Hourly Integrated Load,SYS_FCST_ACT_MW,3,28671,ACTUAL,310
2019-12-20T06:00:00-00:00,2019-12-20T07:00:00-00:00,0,2019-12-19,23,0,ACTUAL,CA ISO-TAC,Total Actual Hourly Integrated Load,SYS_FCST_ACT_MW,3,25802,ACTUAL,310
2019-12-19T17:00:00-00:00,2019-12-19T18:00:00-00:00,0,2019-12-19,10,0,ACTUAL,CA ISO-TAC,Total Actual Hourly Integrated Load,SYS_FCST_ACT_MW,3,25831,ACTUAL,310
2019-12-19T23:00:00-00:00,2019-12-20T00:00:00-00:00,0,2019-12-19,16,0,ACTUAL,CA ISO-TAC,Total Actual Hourly Integrated Load,SYS_FCST_ACT_MW,3,25353,ACTUAL,310
2019-12-20T05:00:00-00:00,2019-12-20T06:00:00-00:00,0,2019-12-19,22,0,ACTUAL,CA ISO-TAC,Total Actual Hourly Integrated Load,SYS_FCST_ACT_MW,3,27523,ACTUAL,310
2019-12-19T08:00:00-00:00,2019-12-19T09:00:00-00:00,0,2019-12-19,1,0,ACTUAL,CA ISO-TAC,Total Actual Hourly Integrated Load,SYS_FCST_ACT_MW,3,23232,ACTUAL,310
2019-12-19T14:00:00-00:00,2019-12-19T15:00:00-00:00,0,2019-12-19,7,0,ACTUAL,CA ISO-TAC,Total Actual Hourly Integrated Load,SYS_FCST_ACT_MW,3,26570,ACTUAL,310
2019-12-19T09:00:00-00:00,2019-12-19T10:00:00-00:00,0,2019-12-19,2,0,ACTUAL,CA ISO-TAC,Total Actual Hourly Integrated Load,SYS_FCST_ACT_MW,3,22440,ACTUAL,310
2019-12-19T11:00:00-00:00,2019-12-19T12:00:00-00:00,0,2019-12-19,4,0,ACTUAL,CA ISO-TAC,Total Actual Hourly Integrated Load,SYS_FCST_ACT_MW,3,21982,ACTUAL,310
2019-12-19T21:00:00-00:00,2019-12-19T22:00:00-00:00,0,2019-12-19,14,0,ACTUAL,CA ISO-TAC,Total Actual Hourly Integrated Load,SYS_FCST_ACT_MW,3,23498,ACTUAL,310
2019-12-20T00:00:00-00:00,2019-12-20T01:00:00-00:00,0,2019-12-19,17,0,ACTUAL,CA ISO-TAC,Total Actual Hourly Integrated Load,SYS_FCST_ACT_MW,3,26709,ACTUAL,310
2019-12-20T07:00:00-00:00,2019-12-20T08:00:00-00:00,0,2019-12-19,24,0,ACTUAL,CA ISO-TAC,Total Actual Hourly Integrated Load,SYS_FCST_ACT_MW,3,23919,ACTUAL,310
2019-12-19T10:00:00-00:00,2019-12-19T11:00:00-00:00,0,2019-12-19,3,0,ACTUAL,CA ISO-TAC,Total Actual Hourly Integrated Load,SYS_FCST_ACT_MW,3,22028,ACTUAL,310
2019-12-19T12:00:00-00:00,2019-12-19T13:00:00-00:00,0,2019-12-19,5,0,ACTUAL,CA ISO-TAC,Total Actual Hourly Integrated Load,SYS_FCST_ACT_MW,3,22589,ACTUAL,310
2019-12-19T15:00:00-00:00,2019-12-19T16:00:00-00:00,0,2019-12-19,8,0,ACTUAL,CA ISO-TAC,Total Actual Hourly Integrated Load,SYS_FCST_ACT_MW,3,27771,ACTUAL,310
2019-12-19T16:00:00-00:00,2019-12-19T17:00:00-00:00,0,2019-12-19,9,0,ACTUAL,CA ISO-TAC,Total Actual Hourly Integrated Load,SYS_FCST_ACT_MW,3,27004,ACTUAL,310
2019-12-19T20:00:00-00:00,2019-12-19T21:00:00-00:00,0,2019-12-19,13,0,ACTUAL,CA ISO-TAC,Total Actual Hourly Integrated Load,SYS_FCST_ACT_MW,3,23430,ACTUAL,310
2019-12-20T02:00:00-00:00,2019-12-20T03:00:00-00:00,0,2019-12-19,19,0,ACTUAL,CA ISO-TAC,Total Actual Hourly Integrated Load,SYS_FCST_ACT_MW,3,29593,ACTUAL,310
2019-12-19T13:00:00-00:00,2019-12-19T14:00:00-00:00,0,2019-12-19,6,0,ACTUAL,CA ISO-TAC,Total Actual Hourly Integrated Load,SYS_FCST_ACT_MW,3,24007,ACTUAL,310
2019-12-19T18:00:00-00:00,2019-12-19T19:00:00-00:00,0,2019-12-19,11,0,ACTUAL,CA ISO-TAC,Total Actual Hourly Integrated Load,SYS_FCST_ACT_MW,3,24877,ACTUAL,310
2019-12-19T19:00:00-00:00,2019-12-19T20:00:00-00:00,0,2019-12-19,12,0,ACTUAL,CA ISO-TAC,Total Actual Hourly Integrated Load,SYS_FCST_ACT_MW,3,24049,ACTUAL,310
2019-12-20T00:00:00-00:00,2019-12-20T01:00:00-00:00,0,2019-12-19,17,0,ACTUAL,IPCO,Total Actual Hourly Integrated Load,SYS_FCST_ACT_MW,3.8,2211,ACTUAL,311
2019-12-20T06:00:00-00:00,2019-12-20T07:00:00-00:00,0,2019-12-19,23,0,ACTUAL,IPCO,Total Actual Hourly Integrated Load,SYS_FCST_ACT_MW,3.8,1808,ACTUAL,311
2019-12-19T08:00:00-00:00,2019-12-19T09:00:00-00:00,0,2019-12-19,1,0,ACTUAL,IPCO,Total Actual Hourly Integrated Load,SYS_FCST_ACT_MW,3.8,1832,ACTUAL,311
2019-12-19T11:00:00-00:00,2019-12-19T12:00:00-00:00,0,2019-12-19,4,0,ACTUAL,IPCO,Total Actual Hourly Integrated Load,SYS_FCST_ACT_MW,3.8,1857,ACTUAL,311
2019-12-19T13:00:00-00:00,2019-12-19T14:00:00-00:00,0,2019-12-19,6,0,ACTUAL,IPCO,Total Actual Hourly Integrated Load,SYS_FCST_ACT_MW,3.8,2138,ACTUAL,311
2019-12-19T22:00:00-00:00,2019-12-19T23:00:00-00:00,0,2019-12-19,15,0,ACTUAL,IPCO,Total Actual Hourly Integrated Load,SYS_FCST_ACT_MW,3.8,2077,ACTUAL,311
2019-12-20T01:00:00-00:00,2019-12-20T02:00:00-00:00,0,2019-12-19,18,0,ACTUAL,IPCO,Total Actual Hourly Integrated Load,SYS_FCST_ACT_MW,3.8,2220,ACTUAL,311
2019-12-20T02:00:00-00:00,2019-12-20T03:00:00-00:00,0,2019-12-19,19,0,ACTUAL,IPCO,Total Actual Hourly Integrated Load,SYS_FCST_ACT_MW,3.8,2188,ACTUAL,311
2019-12-20T03:00:00-00:00,2019-12-20T04:00:00-00:00,0,2019-12-19,20,0,ACTUAL,IPCO,Total Actual Hourly Integrated Load,SYS_FCST_ACT_MW,3.8,2143,ACTUAL,311
2019-12-19T12:00:00-00:00,2019-12-19T13:00:00-00:00,0,2019-12-19,5,0,ACTUAL,IPCO,Total Actual Hourly Integrated Load,SYS_FCST_ACT_MW,3.8,1963,ACTUAL,311
2019-12-19T15:00:00-00:00,2019-12-19T16:00:00-00:00,0,2019-12-19,8,0,ACTUAL,IPCO,Total Actual Hourly Integrated Load,SYS_FCST_ACT_MW,3.8,2268,ACTUAL,311
2019-12-19T17:00:00-00:00,2019-12-19T18:00:00-00:00,0,2019-12-19,10,0,ACTUAL,IPCO,Total Actual Hourly Integrated Load,SYS_FCST_ACT_MW,3.8,2216,ACTUAL,311
2019-12-19T19:00:00-00:00,2019-12-19T20:00:00-00:00,0,2019-12-19,12,0,ACTUAL,IPCO,Total Actual Hourly Integrated Load,SYS_FCST_ACT_MW,3.8,2123,ACTUAL,311
2019-12-20T05:00:00-00:00,2019-12-20T06:00:00-00:00,0,2019-12-19,22,0,ACTUAL,IPCO,Total Actual Hourly Integrated Load,SYS_FCST_ACT_MW,3.8,1932,ACTUAL,311
2019-12-20T07:00:00-00:00,2019-12-20T08:00:00-00:00,0,2019-12-19,24,0,ACTUAL,IPCO,Total Actual Hourly Integrated Load,SYS_FCST_ACT_MW,3.8,1724,ACTUAL,311
2019-12-19T23:00:00-00:00,2019-12-20T00:00:00-00:00,0,2019-12-19,16,0,ACTUAL,IPCO,Total Actual Hourly Integrated Load,SYS_FCST_ACT_MW,3.8,2106,ACTUAL,311
2019-12-19T16:00:00-00:00,2019-12-19T17:00:00-00:00,0,2019-12-19,9,0,ACTUAL,IPCO,Total Actual Hourly Integrated Load,SYS_FCST_ACT_MW,3.8,2242,ACTUAL,311
2019-12-19T21:00:00-00:00,2019-12-19T22:00:00-00:00,0,2019-12-19,14,0,ACTUAL,IPCO,Total Actual Hourly Integrated Load,SYS_FCST_ACT_MW,3.8,2076,ACTUAL,311
2019-12-20T04:00:00-00:00,2019-12-20T05:00:00-00:00,0,2019-12-19,21,0,ACTUAL,IPCO,Total Actual Hourly Integrated Load,SYS_FCST_ACT_MW,3.8,2063,ACTUAL,311
2019-12-19T09:00:00-00:00,2019-12-19T10:00:00-00:00,0,2019-12-19,2,0,ACTUAL,IPCO,Total Actual Hourly Integrated Load,SYS_FCST_ACT_MW,3.8,1825,ACTUAL,311
2019-12-19T18:00:00-00:00,2019-12-19T19:00:00-00:00,0,2019-12-19,11,0,ACTUAL,IPCO,Total Actual Hourly Integrated Load,SYS_FCST_ACT_MW,3.8,2168,ACTUAL,311
2019-12-19T20:00:00-00:00,2019-12-19T21:00:00-00:00,0,2019-12-19,13,0,ACTUAL,IPCO,Total Actual Hourly Integrated Load,SYS_FCST_ACT_MW,3.8,2097,ACTUAL,311
2019-12-19T14:00:00-00:00,2019-12-19T15:00:00-00:00,0,2019-12-19,7,0,ACTUAL,IPCO,Total Actual Hourly Integrated Load,SYS_FCST_ACT_MW,3.8,2263,ACTUAL,311
2019-12-19T10:00:00-00:00,2019-12-19T11:00:00-00:00,0,2019-12-19,3,0,ACTUAL,IPCO,Total Actual Hourly Integrated Load,SYS_FCST_ACT_MW,3.8,1828,ACTUAL,311
2019-12-19T22:00:00-00:00,2019-12-19T23:00:00-00:00,0,2019-12-19,15,0,ACTUAL,MWD-TAC,Total Actual Hourly Integrated Load,SYS_FCST_ACT_MW,3.3,126,ACTUAL,312
2019-12-20T02:00:00-00:00,2019-12-20T03:00:00-00:00,0,2019-12-19,19,0,ACTUAL,MWD-TAC,Total Actual Hourly Integrated Load,SYS_FCST_ACT_MW,3.3,126,ACTUAL,312
2019-12-20T06:00:00-00:00,2019-12-20T07:00:00-00:00,0,2019-12-19,23,0,ACTUAL,MWD-TAC,Total Actual Hourly Integrated Load,SYS_FCST_ACT_MW,3.3,111,ACTUAL,312
2019-12-19T13:00:00-00:00,2019-12-19T14:00:00-00:00,0,2019-12-19,6,0,ACTUAL,MWD-TAC,Total Actual Hourly Integrated Load,SYS_FCST_ACT_MW,3.3,106,ACTUAL,312
2019-12-19T21:00:00-00:00,2019-12-19T22:00:00-00:00,0,2019-12-19,14,0,ACTUAL,MWD-TAC,Total Actual Hourly Integrated Load,SYS_FCST_ACT_MW,3.3,126,ACTUAL,312
2019-12-19T23:00:00-00:00,2019-12-20T00:00:00-00:00,0,2019-12-19,16,0,ACTUAL,MWD-TAC,Total Actual Hourly Integrated Load,SYS_FCST_ACT_MW,3.3,124,ACTUAL,312
2019-12-20T03:00:00-00:00,2019-12-20T04:00:00-00:00,0,2019-12-19,20,0,ACTUAL,MWD-TAC,Total Actual Hourly Integrated Load,SYS_FCST_ACT_MW,3.3,126,ACTUAL,312
2019-12-19T10:00:00-00:00,2019-12-19T11:00:00-00:00,0,2019-12-19,3,0,ACTUAL,MWD-TAC,Total Actual Hourly Integrated Load,SYS_FCST_ACT_MW,3.3,103,ACTUAL,312
2019-12-19T20:00:00-00:00,2019-12-19T21:00:00-00:00,0,2019-12-19,13,0,ACTUAL,MWD-TAC,Total Actual Hourly Integrated Load,SYS_FCST_ACT_MW,3.3,121,ACTUAL,312
2019-12-19T08:00:00-00:00,2019-12-19T09:00:00-00:00,0,2019-12-19,1,0,ACTUAL,MWD-TAC,Total Actual Hourly Integrated Load,SYS_FCST_ACT_MW,3.3,94,ACTUAL,312
2019-12-20T05:00:00-00:00,2019-12-20T06:00:00-00:00,0,2019-12-19,22,0,ACTUAL,MWD-TAC,Total Actual Hourly Integrated Load,SYS_FCST_ACT_MW,3.3,127,ACTUAL,312
2019-12-19T12:00:00-00:00,2019-12-19T13:00:00-00:00,0,2019-12-19,5,0,ACTUAL,MWD-TAC,Total Actual Hourly Integrated Load,SYS_FCST_ACT_MW,3.3,100,ACTUAL,312
2019-12-19T16:00:00-00:00,2019-12-19T17:00:00-00:00,0,2019-12-19,9,0,ACTUAL,MWD-TAC,Total Actual Hourly Integrated Load,SYS_FCST_ACT_MW,3.3,124,ACTUAL,312
2019-12-19T17:00:00-00:00,2019-12-19T18:00:00-00:00,0,2019-12-19,10,0,ACTUAL,MWD-TAC,Total Actual Hourly Integrated Load,SYS_FCST_ACT_MW,3.3,125,ACTUAL,312
2019-12-19T18:00:00-00:00,2019-12-19T19:00:00-00:00,0,2019-12-19,11,0,ACTUAL,MWD-TAC,Total Actual Hourly Integrated Load,SYS_FCST_ACT_MW,3.3,120,ACTUAL,312
2019-12-20T00:00:00-00:00,2019-12-20T01:00:00-00:00,0,2019-12-19,17,0,ACTUAL,MWD-TAC,Total Actual Hourly Integrated Load,SYS_FCST_ACT_MW,3.3,123,ACTUAL,312
2019-12-20T07:00:00-00:00,2019-12-20T08:00:00-00:00,0,2019-12-19,24,0,ACTUAL,MWD-TAC,Total Actual Hourly Integrated Load,SYS_FCST_ACT_MW,3.3,120,ACTUAL,312
2019-12-19T14:00:00-00:00,2019-12-19T15:00:00-00:00,0,2019-12-19,7,0,ACTUAL,MWD-TAC,Total Actual Hourly Integrated Load,SYS_FCST_ACT_MW,3.3,110,ACTUAL,312
2019-12-19T15:00:00-00:00,2019-12-19T16:00:00-00:00,0,2019-12-19,8,0,ACTUAL,MWD-TAC,Total Actual Hourly Integrated Load,SYS_FCST_ACT_MW,3.3,119,ACTUAL,312
2019-12-19T09:00:00-00:00,2019-12-19T10:00:00-00:00,0,2019-12-19,2,0,ACTUAL,MWD-TAC,Total Actual Hourly Integrated Load,SYS_FCST_ACT_MW,3.3,102,ACTUAL,312
2019-12-19T11:00:00-00:00,2019-12-19T12:00:00-00:00,0,2019-12-19,4,0,ACTUAL,MWD-TAC,Total Actual Hourly Integrated Load,SYS_FCST_ACT_MW,3.3,101,ACTUAL,312
2019-12-19T19:00:00-00:00,2019-12-19T20:00:00-00:00,0,2019-12-19,12,0,ACTUAL,MWD-TAC,Total Actual Hourly Integrated Load,SYS_FCST_ACT_MW,3.3,121,ACTUAL,312
2019-12-20T01:00:00-00:00,2019-12-20T02:00:00-00:00,0,2019-12-19,18,0,ACTUAL,MWD-TAC,Total Actual Hourly Integrated Load,SYS_FCST_ACT_MW,3.3,119,ACTUAL,312
2019-12-20T04:00:00-00:00,2019-12-20T05:00:00-00:00,0,2019-12-19,21,0,ACTUAL,MWD-TAC,Total Actual Hourly Integrated Load,SYS_FCST_ACT_MW,3.3,126,ACTUAL,312
2019-12-20T00:00:00-00:00,2019-12-20T01:00:00-00:00,0,2019-12-19,17,0,ACTUAL,NEVP,Total Actual Hourly Integrated Load,SYS_FCST_ACT_MW,3.8,4117,ACTUAL,313
2019-12-20T03:00:00-00:00,2019-12-20T04:00:00-00:00,0,2019-12-19,20,0,ACTUAL,NEVP,Total Actual Hourly Integrated Load,SYS_FCST_ACT_MW,3.8,4401,ACTUAL,313
2019-12-19T13:00:00-00:00,2019-12-19T14:00:00-00:00,0,2019-12-19,6,0,ACTUAL,NEVP,Total Actual Hourly Integrated Load,SYS_FCST_ACT_MW,3.8,4080,ACTUAL,313
2019-12-19T11:00:00-00:00,2019-12-19T12:00:00-00:00,0,2019-12-19,4,0,ACTUAL,NEVP,Total Actual Hourly Integrated Load,SYS_FCST_ACT_MW,3.8,3781,ACTUAL,313
2019-12-19T22:00:00-00:00,2019-12-19T23:00:00-00:00,0,2019-12-19,15,0,ACTUAL,NEVP,Total Actual Hourly Integrated Load,SYS_FCST_ACT_MW,3.8,3739,ACTUAL,313
2019-12-19T23:00:00-00:00,2019-12-20T00:00:00-00:00,0,2019-12-19,16,0,ACTUAL,NEVP,Total Actual Hourly Integrated Load,SYS_FCST_ACT_MW,3.8,3827,ACTUAL,313
2019-12-20T05:00:00-00:00,2019-12-20T06:00:00-00:00,0,2019-12-19,22,0,ACTUAL,NEVP,Total Actual Hourly Integrated Load,SYS_FCST_ACT_MW,3.8,4200,ACTUAL,313
2019-12-19T17:00:00-00:00,2019-12-19T18:00:00-00:00,0,2019-12-19,10,0,ACTUAL,NEVP,Total Actual Hourly Integrated Load,SYS_FCST_ACT_MW,3.8,4004,ACTUAL,313
2019-12-20T06:00:00-00:00,2019-12-20T07:00:00-00:00,0,2019-12-19,23,0,ACTUAL,NEVP,Total Actual Hourly Integrated Load,SYS_FCST_ACT_MW,3.8,4042,ACTUAL,313
2019-12-19T08:00:00-00:00,2019-12-19T09:00:00-00:00,0,2019-12-19,1,0,ACTUAL,NEVP,Total Actual Hourly Integrated Load,SYS_FCST_ACT_MW,3.8,3829,ACTUAL,313
2019-12-19T09:00:00-00:00,2019-12-19T10:00:00-00:00,0,2019-12-19,2,0,ACTUAL,NEVP,Total Actual Hourly Integrated Load,SYS_FCST_ACT_MW,3.8,3776,ACTUAL,313
2019-12-19T12:00:00-00:00,2019-12-19T13:00:00-00:00,0,2019-12-19,5,0,ACTUAL,NEVP,Total Actual Hourly Integrated Load,SYS_FCST_ACT_MW,3.8,3878,ACTUAL,313
2019-12-19T16:00:00-00:00,2019-12-19T17:00:00-00:00,0,2019-12-19,9,0,ACTUAL,NEVP,Total Actual Hourly Integrated Load,SYS_FCST_ACT_MW,3.8,4142,ACTUAL,313
2019-12-19T18:00:00-00:00,2019-12-19T19:00:00-00:00,0,2019-12-19,11,0,ACTUAL,NEVP,Total Actual Hourly Integrated Load,SYS_FCST_ACT_MW,3.8,3896,ACTUAL,313
2019-12-20T04:00:00-00:00,2019-12-20T05:00:00-00:00,0,2019-12-19,21,0,ACTUAL,NEVP,Total Actual Hourly Integrated Load,SYS_FCST_ACT_MW,3.8,4328,ACTUAL,313
2019-12-20T01:00:00-00:00,2019-12-20T02:00:00-00:00,0,2019-12-19,18,0,ACTUAL,NEVP,Total Actual Hourly Integrated Load,SYS_FCST_ACT_MW,3.8,4396,ACTUAL,313
2019-12-19T19:00:00-00:00,2019-12-19T20:00:00-00:00,0,2019-12-19,12,0,ACTUAL,NEVP,Total Actual Hourly Integrated Load,SYS_FCST_ACT_MW,3.8,3806,ACTUAL,313
2019-12-19T14:00:00-00:00,2019-12-19T15:00:00-00:00,0,2019-12-19,7,0,ACTUAL,NEVP,Total Actual Hourly Integrated Load,SYS_FCST_ACT_MW,3.8,4302,ACTUAL,313
2019-12-20T07:00:00-00:00,2019-12-20T08:00:00-00:00,0,2019-12-19,24,0,ACTUAL,NEVP,Total Actual Hourly Integrated Load,SYS_FCST_ACT_MW,3.8,3883,ACTUAL,313
2019-12-19T10:00:00-00:00,2019-12-19T11:00:00-00:00,0,2019-12-19,3,0,ACTUAL,NEVP,Total Actual Hourly Integrated Load,SYS_FCST_ACT_MW,3.8,3745,ACTUAL,313
2019-12-19T15:00:00-00:00,2019-12-19T16:00:00-00:00,0,2019-12-19,8,0,ACTUAL,NEVP,Total Actual Hourly Integrated Load,SYS_FCST_ACT_MW,3.8,4280,ACTUAL,313
2019-12-19T20:00:00-00:00,2019-12-19T21:00:00-00:00,0,2019-12-19,13,0,ACTUAL,NEVP,Total Actual Hourly Integrated Load,SYS_FCST_ACT_MW,3.8,3747,ACTUAL,313
2019-12-19T21:00:00-00:00,2019-12-19T22:00:00-00:00,0,2019-12-19,14,0,ACTUAL,NEVP,Total Actual Hourly Integrated Load,SYS_FCST_ACT_MW,3.8,3740,ACTUAL,313
2019-12-20T02:00:00-00:00,2019-12-20T03:00:00-00:00,0,2019-12-19,19,0,ACTUAL,NEVP,Total Actual Hourly Integrated Load,SYS_FCST_ACT_MW,3.8,4418,ACTUAL,313
2019-12-19T18:00:00-00:00,2019-12-19T19:00:00-00:00,0,2019-12-19,11,0,ACTUAL,PACE,Total Actual Hourly Integrated Load,SYS_FCST_ACT_MW,3.8,5863,ACTUAL,314
2019-12-19T19:00:00-00:00,2019-12-19T20:00:00-00:00,0,2019-12-19,12,0,ACTUAL,PACE,Total Actual Hourly Integrated Load,SYS_FCST_ACT_MW,3.8,5765,ACTUAL,314
2019-12-19T09:00:00-00:00,2019-12-19T10:00:00-00:00,0,2019-12-19,2,0,ACTUAL,PACE,Total Actual Hourly Integrated Load,SYS_FCST_ACT_MW,3.8,5063,ACTUAL,314
2019-12-20T04:00:00-00:00,2019-12-20T05:00:00-00:00,0,2019-12-19,21,0,ACTUAL,PACE,Total Actual Hourly Integrated Load,SYS_FCST_ACT_MW,3.8,5961,ACTUAL,314
2019-12-20T01:00:00-00:00,2019-12-20T02:00:00-00:00,0,2019-12-19,18,0,ACTUAL,PACE,Total Actual Hourly Integrated Load,SYS_FCST_ACT_MW,3.8,5970,ACTUAL,314
2019-12-20T07:00:00-00:00,2019-12-20T08:00:00-00:00,0,2019-12-19,24,0,ACTUAL,PACE,Total Actual Hourly Integrated Load,SYS_FCST_ACT_MW,3.8,5166,ACTUAL,314
2019-12-19T11:00:00-00:00,2019-12-19T12:00:00-00:00,0,2019-12-19,4,0,ACTUAL,PACE,Total Actual Hourly Integrated Load,SYS_FCST_ACT_MW,3.8,5228,ACTUAL,314
2019-12-19T08:00:00-00:00,2019-12-19T09:00:00-00:00,0,2019-12-19,1,0,ACTUAL,PACE,Total Actual Hourly Integrated Load,SYS_FCST_ACT_MW,3.8,5080,ACTUAL,314
2019-12-20T05:00:00-00:00,2019-12-20T06:00:00-00:00,0,2019-12-19,22,0,ACTUAL,PACE,Total Actual Hourly Integrated Load,SYS_FCST_ACT_MW,3.8,5661,ACTUAL,314
2019-12-20T02:00:00-00:00,2019-12-20T03:00:00-00:00,0,2019-12-19,19,0,ACTUAL,PACE,Total Actual Hourly Integrated Load,SYS_FCST_ACT_MW,3.8,5972,ACTUAL,314
2019-12-20T03:00:00-00:00,2019-12-20T04:00:00-00:00,0,2019-12-19,20,0,ACTUAL,PACE,Total Actual Hourly Integrated Load,SYS_FCST_ACT_MW,3.8,6006,ACTUAL,314
2019-12-19T10:00:00-00:00,2019-12-19T11:00:00-00:00,0,2019-12-19,3,0,ACTUAL,PACE,Total Actual Hourly Integrated Load,SYS_FCST_ACT_MW,3.8,5127,ACTUAL,314
2019-12-19T22:00:00-00:00,2019-12-19T23:00:00-00:00,0,2019-12-19,15,0,ACTUAL,PACE,Total Actual Hourly Integrated Load,SYS_FCST_ACT_MW,3.8,5739,ACTUAL,314
2019-12-19T21:00:00-00:00,2019-12-19T22:00:00-00:00,0,2019-12-19,14,0,ACTUAL,PACE,Total Actual Hourly Integrated Load,SYS_FCST_ACT_MW,3.8,5722,ACTUAL,314
2019-12-20T00:00:00-00:00,2019-12-20T01:00:00-00:00,0,2019-12-19,17,0,ACTUAL,PACE,Total Actual Hourly Integrated Load,SYS_FCST_ACT_MW,3.8,5970,ACTUAL,314
2019-12-19T13:00:00-00:00,2019-12-19T14:00:00-00:00,0,2019-12-19,6,0,ACTUAL,PACE,Total Actual Hourly Integrated Load,SYS_FCST_ACT_MW,3.8,5839,ACTUAL,314
2019-12-19T12:00:00-00:00,2019-12-19T13:00:00-00:00,0,2019-12-19,5,0,ACTUAL,PACE,Total Actual Hourly Integrated Load,SYS_FCST_ACT_MW,3.8,5460,ACTUAL,314
2019-12-19T15:00:00-00:00,2019-12-19T16:00:00-00:00,0,2019-12-19,8,0,ACTUAL,PACE,Total Actual Hourly Integrated Load,SYS_FCST_ACT_MW,3.8,6176,ACTUAL,314
2019-12-19T14:00:00-00:00,2019-12-19T15:00:00-00:00,0,2019-12-19,7,0,ACTUAL,PACE,Total Actual Hourly Integrated Load,SYS_FCST_ACT_MW,3.8,6153,ACTUAL,314
2019-12-20T06:00:00-00:00,2019-12-20T07:00:00-00:00,0,2019-12-19,23,0,ACTUAL,PACE,Total Actual Hourly Integrated Load,SYS_FCST_ACT_MW,3.8,5379,ACTUAL,314
2019-12-19T20:00:00-00:00,2019-12-19T21:00:00-00:00,0,2019-12-19,13,0,ACTUAL,PACE,Total Actual Hourly Integrated Load,SYS_FCST_ACT_MW,3.8,5737,ACTUAL,314
2019-12-19T16:00:00-00:00,2019-12-19T17:00:00-00:00,0,2019-12-19,9,0,ACTUAL,PACE,Total Actual Hourly Integrated Load,SYS_FCST_ACT_MW,3.8,6079,ACTUAL,314
2019-12-19T23:00:00-00:00,2019-12-20T00:00:00-00:00,0,2019-12-19,16,0,ACTUAL,PACE,Total Actual Hourly Integrated Load,SYS_FCST_ACT_MW,3.8,5889,ACTUAL,314
2019-12-19T17:00:00-00:00,2019-12-19T18:00:00-00:00,0,2019-12-19,10,0,ACTUAL,PACE,Total Actual Hourly Integrated Load,SYS_FCST_ACT_MW,3.8,5944,ACTUAL,314
2019-12-19T10:00:00-00:00,2019-12-19T11:00:00-00:00,0,2019-12-19,3,0,ACTUAL,PACW,Total Actual Hourly Integrated Load,SYS_FCST_ACT_MW,3.8,2266,ACTUAL,315
2019-12-19T09:00:00-00:00,2019-12-19T10:00:00-00:00,0,2019-12-19,2,0,ACTUAL,PACW,Total Actual Hourly Integrated Load,SYS_FCST_ACT_MW,3.8,2294,ACTUAL,315
2019-12-19T20:00:00-00:00,2019-12-19T21:00:00-00:00,0,2019-12-19,13,0,ACTUAL,PACW,Total Actual Hourly Integrated Load,SYS_FCST_ACT_MW,3.8,2919,ACTUAL,315
2019-12-20T03:00:00-00:00,2019-12-20T04:00:00-00:00,0,2019-12-19,20,0,ACTUAL,PACW,Total Actual Hourly Integrated Load,SYS_FCST_ACT_MW,3.8,2866,ACTUAL,315
2019-12-19T22:00:00-00:00,2019-12-19T23:00:00-00:00,0,2019-12-19,15,0,ACTUAL,PACW,Total Actual Hourly Integrated Load,SYS_FCST_ACT_MW,3.8,2856,ACTUAL,315
2019-12-19T21:00:00-00:00,2019-12-19T22:00:00-00:00,0,2019-12-19,14,0,ACTUAL,PACW,Total Actual Hourly Integrated Load,SYS_FCST_ACT_MW,3.8,2888,ACTUAL,315
2019-12-19T18:00:00-00:00,2019-12-19T19:00:00-00:00,0,2019-12-19,11,0,ACTUAL,PACW,Total Actual Hourly Integrated Load,SYS_FCST_ACT_MW,3.8,2993,ACTUAL,315
2019-12-19T15:00:00-00:00,2019-12-19T16:00:00-00:00,0,2019-12-19,8,0,ACTUAL,PACW,Total Actual Hourly Integrated Load,SYS_FCST_ACT_MW,3.8,3108,ACTUAL,315
2019-12-19T19:00:00-00:00,2019-12-19T20:00:00-00:00,0,2019-12-19,12,0,ACTUAL,PACW,Total Actual Hourly Integrated Load,SYS_FCST_ACT_MW,3.8,2947,ACTUAL,315
2019-12-20T00:00:00-00:00,2019-12-20T01:00:00-00:00,0,2019-12-19,17,0,ACTUAL,PACW,Total Actual Hourly Integrated Load,SYS_FCST_ACT_MW,3.8,2868,ACTUAL,315
2019-12-19T23:00:00-00:00,2019-12-20T00:00:00-00:00,0,2019-12-19,16,0,ACTUAL,PACW,Total Actual Hourly Integrated Load,SYS_FCST_ACT_MW,3.8,2853,ACTUAL,315
2019-12-20T06:00:00-00:00,2019-12-20T07:00:00-00:00,0,2019-12-19,23,0,ACTUAL,PACW,Total Actual Hourly Integrated Load,SYS_FCST_ACT_MW,3.8,2406,ACTUAL,315
2019-12-20T05:00:00-00:00,2019-12-20T06:00:00-00:00,0,2019-12-19,22,0,ACTUAL,PACW,Total Actual Hourly Integrated Load,SYS_FCST_ACT_MW,3.8,2623,ACTUAL,315
2019-12-20T04:00:00-00:00,2019-12-20T05:00:00-00:00,0,2019-12-19,21,0,ACTUAL,PACW,Total Actual Hourly Integrated Load,SYS_FCST_ACT_MW,3.8,2793,ACTUAL,315
2019-12-19T12:00:00-00:00,2019-12-19T13:00:00-00:00,0,2019-12-19,5,0,ACTUAL,PACW,Total Actual Hourly Integrated Load,SYS_FCST_ACT_MW,3.8,2373,ACTUAL,315
2019-12-19T13:00:00-00:00,2019-12-19T14:00:00-00:00,0,2019-12-19,6,0,ACTUAL,PACW,Total Actual Hourly Integrated Load,SYS_FCST_ACT_MW,3.8,2604,ACTUAL,315
2019-12-19T08:00:00-00:00,2019-12-19T09:00:00-00:00,0,2019-12-19,1,0,ACTUAL,PACW,Total Actual Hourly Integrated Load,SYS_FCST_ACT_MW,3.8,2352,ACTUAL,315
2019-12-20T07:00:00-00:00,2019-12-20T08:00:00-00:00,0,2019-12-19,24,0,ACTUAL,PACW,Total Actual Hourly Integrated Load,SYS_FCST_ACT_MW,3.8,2229,ACTUAL,315
2019-12-20T01:00:00-00:00,2019-12-20T02:00:00-00:00,0,2019-12-19,18,0,ACTUAL,PACW,Total Actual Hourly Integrated Load,SYS_FCST_ACT_MW,3.8,2868,ACTUAL,315
2019-12-19T17:00:00-00:00,2019-12-19T18:00:00-00:00,0,2019-12-19,10,0,ACTUAL,PACW,Total Actual Hourly Integrated Load,SYS_FCST_ACT_MW,3.8,3022,ACTUAL,315
2019-12-19T16:00:00-00:00,2019-12-19T17:00:00-00:00,0,2019-12-19,9,0,ACTUAL,PACW,Total Actual Hourly Integrated Load,SYS_FCST_ACT_MW,3.8,3061,ACTUAL,315
2019-12-19T14:00:00-00:00,2019-12-19T15:00:00-00:00,0,2019-12-19,7,0,ACTUAL,PACW,Total Actual Hourly Integrated Load,SYS_FCST_ACT_MW,3.8,2939,ACTUAL,315
2019-12-19T11:00:00-00:00,2019-12-19T12:00:00-00:00,0,2019-12-19,4,0,ACTUAL,PACW,Total Actual Hourly Integrated Load,SYS_FCST_ACT_MW,3.8,2279,ACTUAL,315
2019-12-20T02:00:00-00:00,2019-12-20T03:00:00-00:00,0,2019-12-19,19,0,ACTUAL,PACW,Total Actual Hourly Integrated Load,SYS_FCST_ACT_MW,3.8,2868,ACTUAL,315
2019-12-19T22:00:00-00:00,2019-12-19T23:00:00-00:00,0,2019-12-19,15,0,ACTUAL,PGE,Total Actual Hourly Integrated Load,SYS_FCST_ACT_MW,3.8,2882,ACTUAL,316
2019-12-20T02:00:00-00:00,2019-12-20T03:00:00-00:00,0,2019-12-19,19,0,ACTUAL,PGE,Total Actual Hourly Integrated Load,SYS_FCST_ACT_MW,3.8,2994,ACTUAL,316
2019-12-20T05:00:00-00:00,2019-12-20T06:00:00-00:00,0,2019-12-19,22,0,ACTUAL,PGE,Total Actual Hourly Integrated Load,SYS_FCST_ACT_MW,3.8,2620,ACTUAL,316
2019-12-20T07:00:00-00:00,2019-12-20T08:00:00-00:00,0,2019-12-19,24,0,ACTUAL,PGE,Total Actual Hourly Integrated Load,SYS_FCST_ACT_MW,3.8,2180,ACTUAL,316
2019-12-19T09:00:00-00:00,2019-12-19T10:00:00-00:00,0,2019-12-19,2,0,ACTUAL,PGE,Total Actual Hourly Integrated Load,SYS_FCST_ACT_MW,3.8,2138,ACTUAL,316
2019-12-19T15:00:00-00:00,2019-12-19T16:00:00-00:00,0,2019-12-19,8,0,ACTUAL,PGE,Total Actual Hourly Integrated Load,SYS_FCST_ACT_MW,3.8,2935,ACTUAL,316
2019-12-19T20:00:00-00:00,2019-12-19T21:00:00-00:00,0,2019-12-19,13,0,ACTUAL,PGE,Total Actual Hourly Integrated Load,SYS_FCST_ACT_MW,3.8,2934,ACTUAL,316
2019-12-19T21:00:00-00:00,2019-12-19T22:00:00-00:00,0,2019-12-19,14,0,ACTUAL,PGE,Total Actual Hourly Integrated Load,SYS_FCST_ACT_MW,3.8,2913,ACTUAL,316
2019-12-19T23:00:00-00:00,2019-12-20T00:00:00-00:00,0,2019-12-19,16,0,ACTUAL,PGE,Total Actual Hourly Integrated Load,SYS_FCST_ACT_MW,3.8,2890,ACTUAL,316
2019-12-19T10:00:00-00:00,2019-12-19T11:00:00-00:00,0,2019-12-19,3,0,ACTUAL,PGE,Total Actual Hourly Integrated Load,SYS_FCST_ACT_MW,3.8,2094,ACTUAL,316
2019-12-19T17:00:00-00:00,2019-12-19T18:00:00-00:00,0,2019-12-19,10,0,ACTUAL,PGE,Total Actual Hourly Integrated Load,SYS_FCST_ACT_MW,3.8,2932,ACTUAL,316
2019-12-20T04:00:00-00:00,2019-12-20T05:00:00-00:00,0,2019-12-19,21,0,ACTUAL,PGE,Total Actual Hourly Integrated Load,SYS_FCST_ACT_MW,3.8,2788,ACTUAL,316
2019-12-19T11:00:00-00:00,2019-12-19T12:00:00-00:00,0,2019-12-19,4,0,ACTUAL,PGE,Total Actual Hourly Integrated Load,SYS_FCST_ACT_MW,3.8,2101,ACTUAL,316
2019-12-19T14:00:00-00:00,2019-12-19T15:00:00-00:00,0,2019-12-19,7,0,ACTUAL,PGE,Total Actual Hourly Integrated Load,SYS_FCST_ACT_MW,3.8,2743,ACTUAL,316
2019-12-19T19:00:00-00:00,2019-12-19T20:00:00-00:00,0,2019-12-19,12,0,ACTUAL,PGE,Total Actual Hourly Integrated Load,SYS_FCST_ACT_MW,3.8,2930,ACTUAL,316
2019-12-20T06:00:00-00:00,2019-12-20T07:00:00-00:00,0,2019-12-19,23,0,ACTUAL,PGE,Total Actual Hourly Integrated Load,SYS_FCST_ACT_MW,3.8,2394,ACTUAL,316
2019-12-19T18:00:00-00:00,2019-12-19T19:00:00-00:00,0,2019-12-19,11,0,ACTUAL,PGE,Total Actual Hourly Integrated Load,SYS_FCST_ACT_MW,3.8,2937,ACTUAL,316
2019-12-20T03:00:00-00:00,2019-12-20T04:00:00-00:00,0,2019-12-19,20,0,ACTUAL,PGE,Total Actual Hourly Integrated Load,SYS_FCST_ACT_MW,3.8,2898,ACTUAL,316
2019-12-19T08:00:00-00:00,2019-12-19T09:00:00-00:00,0,2019-12-19,1,0,ACTUAL,PGE,Total Actual Hourly Integrated Load,SYS_FCST_ACT_MW,3.8,2220,ACTUAL,316
2019-12-19T16:00:00-00:00,2019-12-19T17:00:00-00:00,0,2019-12-19,9,0,ACTUAL,PGE,Total Actual Hourly Integrated Load,SYS_FCST_ACT_MW,3.8,2923,ACTUAL,316
2019-12-20T00:00:00-00:00,2019-12-20T01:00:00-00:00,0,2019-12-19,17,0,ACTUAL,PGE,Total Actual Hourly Integrated Load,SYS_FCST_ACT_MW,3.8,2982,ACTUAL,316
2019-12-19T12:00:00-00:00,2019-12-19T13:00:00-00:00,0,2019-12-19,5,0,ACTUAL,PGE,Total Actual Hourly Integrated Load,SYS_FCST_ACT_MW,3.8,2195,ACTUAL,316
2019-12-19T13:00:00-00:00,2019-12-19T14:00:00-00:00,0,2019-12-19,6,0,ACTUAL,PGE,Total Actual Hourly Integrated Load,SYS_FCST_ACT_MW,3.8,2428,ACTUAL,316
2019-12-20T01:00:00-00:00,2019-12-20T02:00:00-00:00,0,2019-12-19,18,0,ACTUAL,PGE,Total Actual Hourly Integrated Load,SYS_FCST_ACT_MW,3.8,3053,ACTUAL,316
2019-12-20T06:00:00-00:00,2019-12-20T07:00:00-00:00,0,2019-12-19,23,0,ACTUAL,PGE-TAC,Total Actual Hourly Integrated Load,SYS_FCST_ACT_MW,3.1,11330,ACTUAL,317
2019-12-19T23:00:00-00:00,2019-12-20T00:00:00-00:00,0,2019-12-19,16,0,ACTUAL,PGE-TAC,Total Actual Hourly Integrated Load,SYS_FCST_ACT_MW,3.1,11532,ACTUAL,317
2019-12-19T15:00:00-00:00,2019-12-19T16:00:00-00:00,0,2019-12-19,8,0,ACTUAL,PGE-TAC,Total Actual Hourly Integrated Load,SYS_FCST_ACT_MW,3.1,12392,ACTUAL,317
2019-12-19T21:00:00-00:00,2019-12-19T22:00:00-00:00,0,2019-12-19,14,0,ACTUAL,PGE-TAC,Total Actual Hourly Integrated Load,SYS_FCST_ACT_MW,3.1,10771,ACTUAL,317
2019-12-20T05:00:00-00:00,2019-12-20T06:00:00-00:00,0,2019-12-19,22,0,ACTUAL,PGE-TAC,Total Actual Hourly Integrated Load,SYS_FCST_ACT_MW,3.1,12174,ACTUAL,317
2019-12-19T10:00:00-00:00,2019-12-19T11:00:00-00:00,0,2019-12-19,3,0,ACTUAL,PGE-TAC,Total Actual Hourly Integrated Load,SYS_FCST_ACT_MW,3.1,9849,ACTUAL,317
2019-12-19T08:00:00-00:00,2019-12-19T09:00:00-00:00,0,2019-12-19,1,0,ACTUAL,PGE-TAC,Total Actual Hourly Integrated Load,SYS_FCST_ACT_MW,3.1,10403,ACTUAL,317
2019-12-19T14:00:00-00:00,2019-12-19T15:00:00-00:00,0,2019-12-19,7,0,ACTUAL,PGE-TAC,Total Actual Hourly Integrated Load,SYS_FCST_ACT_MW,3.1,11616,ACTUAL,317
2019-12-20T03:00:00-00:00,2019-12-20T04:00:00-00:00,0,2019-12-19,20,0,ACTUAL,PGE-TAC,Total Actual Hourly Integrated Load,SYS_FCST_ACT_MW,3.1,13081,ACTUAL,317
2019-12-20T01:00:00-00:00,2019-12-20T02:00:00-00:00,0,2019-12-19,18,0,ACTUAL,PGE-TAC,Total Actual Hourly Integrated Load,SYS_FCST_ACT_MW,3.1,13230,ACTUAL,317
2019-12-20T04:00:00-00:00,2019-12-20T05:00:00-00:00,0,2019-12-19,21,0,ACTUAL,PGE-TAC,Total Actual Hourly Integrated Load,SYS_FCST_ACT_MW,3.1,12734,ACTUAL,317
2019-12-19T20:00:00-00:00,2019-12-19T21:00:00-00:00,0,2019-12-19,13,0,ACTUAL,PGE-TAC,Total Actual Hourly Integrated Load,SYS_FCST_ACT_MW,3.1,10751,ACTUAL,317
2019-12-19T11:00:00-00:00,2019-12-19T12:00:00-00:00,0,2019-12-19,4,0,ACTUAL,PGE-TAC,Total Actual Hourly Integrated Load,SYS_FCST_ACT_MW,3.1,9815,ACTUAL,317
2019-12-19T19:00:00-00:00,2019-12-19T20:00:00-00:00,0,2019-12-19,12,0,ACTUAL,PGE-TAC,Total Actual Hourly Integrated Load,SYS_FCST_ACT_MW,3.1,10922,ACTUAL,317
2019-12-19T18:00:00-00:00,2019-12-19T19:00:00-00:00,0,2019-12-19,11,0,ACTUAL,PGE-TAC,Total Actual Hourly Integrated Load,SYS_FCST_ACT_MW,3.1,11288,ACTUAL,317
2019-12-19T16:00:00-00:00,2019-12-19T17:00:00-00:00,0,2019-12-19,9,0,ACTUAL,PGE-TAC,Total Actual Hourly Integrated Load,SYS_FCST_ACT_MW,3.1,12123,ACTUAL,317
2019-12-19T12:00:00-00:00,2019-12-19T13:00:00-00:00,0,2019-12-19,5,0,ACTUAL,PGE-TAC,Total Actual Hourly Integrated Load,SYS_FCST_ACT_MW,3.1,10006,ACTUAL,317
2019-12-19T09:00:00-00:00,2019-12-19T10:00:00-00:00,0,2019-12-19,2,0,ACTUAL,PGE-TAC,Total Actual Hourly Integrated Load,SYS_FCST_ACT_MW,3.1,10054,ACTUAL,317
2019-12-20T00:00:00-00:00,2019-12-20T01:00:00-00:00,0,2019-12-19,17,0,ACTUAL,PGE-TAC,Total Actual Hourly Integrated Load,SYS_FCST_ACT_MW,3.1,12228,ACTUAL,317
2019-12-19T22:00:00-00:00,2019-12-19T23:00:00-00:00,0,2019-12-19,15,0,ACTUAL,PGE-TAC,Total Actual Hourly Integrated Load,SYS_FCST_ACT_MW,3.1,11048,ACTUAL,317
2019-12-19T17:00:00-00:00,2019-12-19T18:00:00-00:00,0,2019-12-19,10,0,ACTUAL,PGE-TAC,Total Actual Hourly Integrated Load,SYS_FCST_ACT_MW,3.1,11720,ACTUAL,317
2019-12-19T13:00:00-00:00,2019-12-19T14:00:00-00:00,0,2019-12-19,6,0,ACTUAL,PGE-TAC,Total Actual Hourly Integrated Load,SYS_FCST_ACT_MW,3.1,10468,ACTUAL,317
2019-12-20T07:00:00-00:00,2019-12-20T08:00:00-00:00,0,2019-12-19,24,0,ACTUAL,PGE-TAC,Total Actual Hourly Integrated Load,SYS_FCST_ACT_MW,3.1,10479,ACTUAL,317
2019-12-20T02:00:00-00:00,2019-12-20T03:00:00-00:00,0,2019-12-19,19,0,ACTUAL,PGE-TAC,Total Actual Hourly Integrated Load,SYS_FCST_ACT_MW,3.1,13276,ACTUAL,317
2019-12-19T21:00:00-00:00,2019-12-19T22:00:00-00:00,0,2019-12-19,14,0,ACTUAL,PSEI,Total Actual Hourly Integrated Load,SYS_FCST_ACT_MW,3.8,3572,ACTUAL,318
2019-12-19T13:00:00-00:00,2019-12-19T14:00:00-00:00,0,2019-12-19,6,0,ACTUAL,PSEI,Total Actual Hourly Integrated Load,SYS_FCST_ACT_MW,3.8,3057,ACTUAL,318
2019-12-19T11:00:00-00:00,2019-12-19T12:00:00-00:00,0,2019-12-19,4,0,ACTUAL,PSEI,Total Actual Hourly Integrated Load,SYS_FCST_ACT_MW,3.8,2601,ACTUAL,318
2019-12-19T10:00:00-00:00,2019-12-19T11:00:00-00:00,0,2019-12-19,3,0,ACTUAL,PSEI,Total Actual Hourly Integrated Load,SYS_FCST_ACT_MW,3.8,2567,ACTUAL,318
2019-12-20T06:00:00-00:00,2019-12-20T07:00:00-00:00,0,2019-12-19,23,0,ACTUAL,PSEI,Total Actual Hourly Integrated Load,SYS_FCST_ACT_MW,3.8,2977,ACTUAL,318
2019-12-20T05:00:00-00:00,2019-12-20T06:00:00-00:00,0,2019-12-19,22,0,ACTUAL,PSEI,Total Actual Hourly Integrated Load,SYS_FCST_ACT_MW,3.8,3280,ACTUAL,318
2019-12-19T23:00:00-00:00,2019-12-20T00:00:00-00:00,0,2019-12-19,16,0,ACTUAL,PSEI,Total Actual Hourly Integrated Load,SYS_FCST_ACT_MW,3.8,3652,ACTUAL,318
2019-12-19T17:00:00-00:00,2019-12-19T18:00:00-00:00,0,2019-12-19,10,0,ACTUAL,PSEI,Total Actual Hourly Integrated Load,SYS_FCST_ACT_MW,3.8,3596,ACTUAL,318
2019-12-19T16:00:00-00:00,2019-12-19T17:00:00-00:00,0,2019-12-19,9,0,ACTUAL,PSEI,Total Actual Hourly Integrated Load,SYS_FCST_ACT_MW,3.8,3646,ACTUAL,318
2019-12-19T14:00:00-00:00,2019-12-19T15:00:00-00:00,0,2019-12-19,7,0,ACTUAL,PSEI,Total Actual Hourly Integrated Load,SYS_FCST_ACT_MW,3.8,3433,ACTUAL,318
2019-12-19T12:00:00-00:00,2019-12-19T13:00:00-00:00,0,2019-12-19,5,0,ACTUAL,PSEI,Total Actual Hourly Integrated Load,SYS_FCST_ACT_MW,3.8,2759,ACTUAL,318
2019-12-19T18:00:00-00:00,2019-12-19T19:00:00-00:00,0,2019-12-19,11,0,ACTUAL,PSEI,Total Actual Hourly Integrated Load,SYS_FCST_ACT_MW,3.8,3567,ACTUAL,318
2019-12-20T04:00:00-00:00,2019-12-20T05:00:00-00:00,0,2019-12-19,21,0,ACTUAL,PSEI,Total Actual Hourly Integrated Load,SYS_FCST_ACT_MW,3.8,3526,ACTUAL,318
2019-12-20T03:00:00-00:00,2019-12-20T04:00:00-00:00,0,2019-12-19,20,0,ACTUAL,PSEI,Total Actual Hourly Integrated Load,SYS_FCST_ACT_MW,3.8,3667,ACTUAL,318
2019-12-19T20:00:00-00:00,2019-12-19T21:00:00-00:00,0,2019-12-19,13,0,ACTUAL,PSEI,Total Actual Hourly Integrated Load,SYS_FCST_ACT_MW,3.8,3546,ACTUAL,318
2019-12-19T22:00:00-00:00,2019-12-19T23:00:00-00:00,0,2019-12-19,15,0,ACTUAL,PSEI,Total Actual Hourly Integrated Load,SYS_FCST_ACT_MW,3.8,3580,ACTUAL,318
2019-12-19T19:00:00-00:00,2019-12-19T20:00:00-00:00,0,2019-12-19,12,0,ACTUAL,PSEI,Total Actual Hourly Integrated Load,SYS_FCST_ACT_MW,3.8,3543,ACTUAL,318
2019-12-19T15:00:00-00:00,2019-12-19T16:00:00-00:00,0,2019-12-19,8,0,ACTUAL,PSEI,Total Actual Hourly Integrated Load,SYS_FCST_ACT_MW,3.8,3662,ACTUAL,318
2019-12-19T08:00:00-00:00,2019-12-19T09:00:00-00:00,0,2019-12-19,1,0,ACTUAL,PSEI,Total Actual Hourly Integrated Load,SYS_FCST_ACT_MW,3.8,2708,ACTUAL,318
2019-12-20T07:00:00-00:00,2019-12-20T08:00:00-00:00,0,2019-12-19,24,0,ACTUAL,PSEI,Total Actual Hourly Integrated Load,SYS_FCST_ACT_MW,3.8,2702,ACTUAL,318
2019-12-20T00:00:00-00:00,2019-12-20T01:00:00-00:00,0,2019-12-19,17,0,ACTUAL,PSEI,Total Actual Hourly Integrated Load,SYS_FCST_ACT_MW,3.8,3828,ACTUAL,318
2019-12-19T09:00:00-00:00,2019-12-19T10:00:00-00:00,0,2019-12-19,2,0,ACTUAL,PSEI,Total Actual Hourly Integrated Load,SYS_FCST_ACT_MW,3.8,2605,ACTUAL,318
2019-12-20T01:00:00-00:00,2019-12-20T02:00:00-00:00,0,2019-12-19,18,0,ACTUAL,PSEI,Total Actual Hourly Integrated Load,SYS_FCST_ACT_MW,3.8,3895,ACTUAL,318
2019-12-20T02:00:00-00:00,2019-12-20T03:00:00-00:00,0,2019-12-19,19,0,ACTUAL,PSEI,Total Actual Hourly Integrated Load,SYS_FCST_ACT_MW,3.8,3793,ACTUAL,318
2019-12-19T11:00:00-00:00,2019-12-19T12:00:00-00:00,0,2019-12-19,4,0,ACTUAL,SCE-TAC,Total Actual Hourly Integrated Load,SYS_FCST_ACT_MW,3.2,9983,ACTUAL,319
2019-12-20T02:00:00-00:00,2019-12-20T03:00:00-00:00,0,2019-12-19,19,0,ACTUAL,SCE-TAC,Total Actual Hourly Integrated Load,SYS_FCST_ACT_MW,3.2,13196,ACTUAL,319
2019-12-20T07:00:00-00:00,2019-12-20T08:00:00-00:00,0,2019-12-19,24,0,ACTUAL,SCE-TAC,Total Actual Hourly Integrated Load,SYS_FCST_ACT_MW,3.2,11029,ACTUAL,319
2019-12-19T08:00:00-00:00,2019-12-19T09:00:00-00:00,0,2019-12-19,1,0,ACTUAL,SCE-TAC,Total Actual Hourly Integrated Load,SYS_FCST_ACT_MW,3.2,10524,ACTUAL,319
2019-12-19T20:00:00-00:00,2019-12-19T21:00:00-00:00,0,2019-12-19,13,0,ACTUAL,SCE-TAC,Total Actual Hourly Integrated Load,SYS_FCST_ACT_MW,3.2,10538,ACTUAL,319
2019-12-19T23:00:00-00:00,2019-12-20T00:00:00-00:00,0,2019-12-19,16,0,ACTUAL,SCE-TAC,Total Actual Hourly Integrated Load,SYS_FCST_ACT_MW,3.2,11339,ACTUAL,319
2019-12-20T04:00:00-00:00,2019-12-20T05:00:00-00:00,0,2019-12-19,21,0,ACTUAL,SCE-TAC,Total Actual Hourly Integrated Load,SYS_FCST_ACT_MW,3.2,12926,ACTUAL,319
2019-12-19T10:00:00-00:00,2019-12-19T11:00:00-00:00,0,2019-12-19,3,0,ACTUAL,SCE-TAC,Total Actual Hourly Integrated Load,SYS_FCST_ACT_MW,3.2,9983,ACTUAL,319
2019-12-19T22:00:00-00:00,2019-12-19T23:00:00-00:00,0,2019-12-19,15,0,ACTUAL,SCE-TAC,Total Actual Hourly Integrated Load,SYS_FCST_ACT_MW,3.2,10819,ACTUAL,319
2019-12-20T05:00:00-00:00,2019-12-20T06:00:00-00:00,0,2019-12-19,22,0,ACTUAL,SCE-TAC,Total Actual Hourly Integrated Load,SYS_FCST_ACT_MW,3.2,12486,ACTUAL,319
2019-12-19T09:00:00-00:00,2019-12-19T10:00:00-00:00,0,2019-12-19,2,0,ACTUAL,SCE-TAC,Total Actual Hourly Integrated Load,SYS_FCST_ACT_MW,3.2,10151,ACTUAL,319
2019-12-19T13:00:00-00:00,2019-12-19T14:00:00-00:00,0,2019-12-19,6,0,ACTUAL,SCE-TAC,Total Actual Hourly Integrated Load,SYS_FCST_ACT_MW,3.2,11049,ACTUAL,319
2019-12-19T12:00:00-00:00,2019-12-19T13:00:00-00:00,0,2019-12-19,5,0,ACTUAL,SCE-TAC,Total Actual Hourly Integrated Load,SYS_FCST_ACT_MW,3.2,10305,ACTUAL,319
2019-12-19T18:00:00-00:00,2019-12-19T19:00:00-00:00,0,2019-12-19,11,0,ACTUAL,SCE-TAC,Total Actual Hourly Integrated Load,SYS_FCST_ACT_MW,3.2,11300,ACTUAL,319
2019-12-20T00:00:00-00:00,2019-12-20T01:00:00-00:00,0,2019-12-19,17,0,ACTUAL,SCE-TAC,Total Actual Hourly Integrated Load,SYS_FCST_ACT_MW,3.2,11698,ACTUAL,319
2019-12-19T14:00:00-00:00,2019-12-19T15:00:00-00:00,0,2019-12-19,7,0,ACTUAL,SCE-TAC,Total Actual Hourly Integrated Load,SYS_FCST_ACT_MW,3.2,12156,ACTUAL,319
2019-12-19T19:00:00-00:00,2019-12-19T20:00:00-00:00,0,2019-12-19,12,0,ACTUAL,SCE-TAC,Total Actual Hourly Integrated Load,SYS_FCST_ACT_MW,3.2,10941,ACTUAL,319
2019-12-20T06:00:00-00:00,2019-12-20T07:00:00-00:00,0,2019-12-19,23,0,ACTUAL,SCE-TAC,Total Actual Hourly Integrated Load,SYS_FCST_ACT_MW,3.2,11861,ACTUAL,319
2019-12-19T15:00:00-00:00,2019-12-19T16:00:00-00:00,0,2019-12-19,8,0,ACTUAL,SCE-TAC,Total Actual Hourly Integrated Load,SYS_FCST_ACT_MW,3.2,12477,ACTUAL,319
2019-12-19T16:00:00-00:00,2019-12-19T17:00:00-00:00,0,2019-12-19,9,0,ACTUAL,SCE-TAC,Total Actual Hourly Integrated Load,SYS_FCST_ACT_MW,3.2,12165,ACTUAL,319
2019-12-19T21:00:00-00:00,2019-12-19T22:00:00-00:00,0,2019-12-19,14,0,ACTUAL,SCE-TAC,Total Actual Hourly Integrated Load,SYS_FCST_ACT_MW,3.2,10655,ACTUAL,319
2019-12-19T17:00:00-00:00,2019-12-19T18:00:00-00:00,0,2019-12-19,10,0,ACTUAL,SCE-TAC,Total Actual Hourly Integrated Load,SYS_FCST_ACT_MW,3.2,11652,ACTUAL,319
2019-12-20T01:00:00-00:00,2019-12-20T02:00:00-00:00,0,2019-12-19,18,0,ACTUAL,SCE-TAC,Total Actual Hourly Integrated Load,SYS_FCST_ACT_MW,3.2,13132,ACTUAL,319
2019-12-20T03:00:00-00:00,2019-12-20T04:00:00-00:00,0,2019-12-19,20,0,ACTUAL,SCE-TAC,Total Actual Hourly Integrated Load,SYS_FCST_ACT_MW,3.2,13136,ACTUAL,319
2019-12-19T15:00:00-00:00,2019-12-19T16:00:00-00:00,0,2019-12-19,8,0,ACTUAL,SCL,Total Actual Hourly Integrated Load,SYS_FCST_ACT_MW,3.8,1398,ACTUAL,320
2019-12-19T17:00:00-00:00,2019-12-19T18:00:00-00:00,0,2019-12-19,10,0,ACTUAL,SCL,Total Actual Hourly Integrated Load,SYS_FCST_ACT_MW,3.8,1371,ACTUAL,320
2019-12-19T18:00:00-00:00,2019-12-19T19:00:00-00:00,0,2019-12-19,11,0,ACTUAL,SCL,Total Actual Hourly Integrated Load,SYS_FCST_ACT_MW,3.8,1355,ACTUAL,320
2019-12-19T22:00:00-00:00,2019-12-19T23:00:00-00:00,0,2019-12-19,15,0,ACTUAL,SCL,Total Actual Hourly Integrated Load,SYS_FCST_ACT_MW,3.8,1363,ACTUAL,320
2019-12-20T07:00:00-00:00,2019-12-20T08:00:00-00:00,0,2019-12-19,24,0,ACTUAL,SCL,Total Actual Hourly Integrated Load,SYS_FCST_ACT_MW,3.8,1043,ACTUAL,320
2019-12-19T10:00:00-00:00,2019-12-19T11:00:00-00:00,0,2019-12-19,3,0,ACTUAL,SCL,Total Actual Hourly Integrated Load,SYS_FCST_ACT_MW,3.8,951,ACTUAL,320
2019-12-19T12:00:00-00:00,2019-12-19T13:00:00-00:00,0,2019-12-19,5,0,ACTUAL,SCL,Total Actual Hourly Integrated Load,SYS_FCST_ACT_MW,3.8,1008,ACTUAL,320
2019-12-19T13:00:00-00:00,2019-12-19T14:00:00-00:00,0,2019-12-19,6,0,ACTUAL,SCL,Total Actual Hourly Integrated Load,SYS_FCST_ACT_MW,3.8,1126,ACTUAL,320
2019-12-20T05:00:00-00:00,2019-12-20T06:00:00-00:00,0,2019-12-19,22,0,ACTUAL,SCL,Total Actual Hourly Integrated Load,SYS_FCST_ACT_MW,3.8,1243,ACTUAL,320
2019-12-20T06:00:00-00:00,2019-12-20T07:00:00-00:00,0,2019-12-19,23,0,ACTUAL,SCL,Total Actual Hourly Integrated Load,SYS_FCST_ACT_MW,3.8,1143,ACTUAL,320
2019-12-20T00:00:00-00:00,2019-12-20T01:00:00-00:00,0,2019-12-19,17,0,ACTUAL,SCL,Total Actual Hourly Integrated Load,SYS_FCST_ACT_MW,3.8,1430,ACTUAL,320
2019-12-20T01:00:00-00:00,2019-12-20T02:00:00-00:00,0,2019-12-19,18,0,ACTUAL,SCL,Total Actual Hourly Integrated Load,SYS_FCST_ACT_MW,3.8,1459,ACTUAL,320
2019-12-20T02:00:00-00:00,2019-12-20T03:00:00-00:00,0,2019-12-19,19,0,ACTUAL,SCL,Total Actual Hourly Integrated Load,SYS_FCST_ACT_MW,3.8,1418,ACTUAL,320
2019-12-19T11:00:00-00:00,2019-12-19T12:00:00-00:00,0,2019-12-19,4,0,ACTUAL,SCL,Total Actual Hourly Integrated Load,SYS_FCST_ACT_MW,3.8,956,ACTUAL,320
2019-12-19T20:00:00-00:00,2019-12-19T21:00:00-00:00,0,2019-12-19,13,0,ACTUAL,SCL,Total Actual Hourly Integrated Load,SYS_FCST_ACT_MW,3.8,1347,ACTUAL,320
2019-12-20T04:00:00-00:00,2019-12-20T05:00:00-00:00,0,2019-12-19,21,0,ACTUAL,SCL,Total Actual Hourly Integrated Load,SYS_FCST_ACT_MW,3.8,1317,ACTUAL,320
2019-12-19T08:00:00-00:00,2019-12-19T09:00:00-00:00,0,2019-12-19,1,0,ACTUAL,SCL,Total Actual Hourly Integrated Load,SYS_FCST_ACT_MW,3.8,1016,ACTUAL,320
2019-12-19T19:00:00-00:00,2019-12-19T20:00:00-00:00,0,2019-12-19,12,0,ACTUAL,SCL,Total Actual Hourly Integrated Load,SYS_FCST_ACT_MW,3.8,1345,ACTUAL,320
2019-12-19T14:00:00-00:00,2019-12-19T15:00:00-00:00,0,2019-12-19,7,0,ACTUAL,SCL,Total Actual Hourly Integrated Load,SYS_FCST_ACT_MW,3.8,1289,ACTUAL,320
2019-12-19T23:00:00-00:00,2019-12-20T00:00:00-00:00,0,2019-12-19,16,0,ACTUAL,SCL,Total Actual Hourly Integrated Load,SYS_FCST_ACT_MW,3.8,1380,ACTUAL,320
2019-12-19T09:00:00-00:00,2019-12-19T10:00:00-00:00,0,2019-12-19,2,0,ACTUAL,SCL,Total Actual Hourly Integrated Load,SYS_FCST_ACT_MW,3.8,973,ACTUAL,320
2019-12-19T16:00:00-00:00,2019-12-19T17:00:00-00:00,0,2019-12-19,9,0,ACTUAL,SCL,Total Actual Hourly Integrated Load,SYS_FCST_ACT_MW,3.8,1390,ACTUAL,320
2019-12-19T21:00:00-00:00,2019-12-19T22:00:00-00:00,0,2019-12-19,14,0,ACTUAL,SCL,Total Actual Hourly Integrated Load,SYS_FCST_ACT_MW,3.8,1365,ACTUAL,320
2019-12-20T03:00:00-00:00,2019-12-20T04:00:00-00:00,0,2019-12-19,20,0,ACTUAL,SCL,Total Actual Hourly Integrated Load,SYS_FCST_ACT_MW,3.8,1371,ACTUAL,320
2019-12-19T21:00:00-00:00,2019-12-19T22:00:00-00:00,0,2019-12-19,14,0,ACTUAL,SDGE-TAC,Total Actual Hourly Integrated Load,SYS_FCST_ACT_MW,3.4,1967,ACTUAL,321
2019-12-19T17:00:00-00:00,2019-12-19T18:00:00-00:00,0,2019-12-19,10,0,ACTUAL,SDGE-TAC,Total Actual Hourly Integrated Load,SYS_FCST_ACT_MW,3.4,2237,ACTUAL,321
2019-12-19T11:00:00-00:00,2019-12-19T12:00:00-00:00,0,2019-12-19,4,0,ACTUAL,SDGE-TAC,Total Actual Hourly Integrated Load,SYS_FCST_ACT_MW,3.4,1985,ACTUAL,321
2019-12-20T07:00:00-00:00,2019-12-20T08:00:00-00:00,0,2019-12-19,24,0,ACTUAL,SDGE-TAC,Total Actual Hourly Integrated Load,SYS_FCST_ACT_MW,3.4,2203,ACTUAL,321
2019-12-19T18:00:00-00:00,2019-12-19T19:00:00-00:00,0,2019-12-19,11,0,ACTUAL,SDGE-TAC,Total Actual Hourly Integrated Load,SYS_FCST_ACT_MW,3.4,2083,ACTUAL,321
2019-12-20T01:00:00-00:00,2019-12-20T02:00:00-00:00,0,2019-12-19,18,0,ACTUAL,SDGE-TAC,Total Actual Hourly Integrated Load,SYS_FCST_ACT_MW,3.4,2893,ACTUAL,321
2019-12-19T16:00:00-00:00,2019-12-19T17:00:00-00:00,0,2019-12-19,9,0,ACTUAL,SDGE-TAC,Total Actual Hourly Integrated Load,SYS_FCST_ACT_MW,3.4,2482,ACTUAL,321
2019-12-20T06:00:00-00:00,2019-12-20T07:00:00-00:00,0,2019-12-19,23,0,ACTUAL,SDGE-TAC,Total Actual Hourly Integrated Load,SYS_FCST_ACT_MW,3.4,2411,ACTUAL,321
2019-12-19T23:00:00-00:00,2019-12-20T00:00:00-00:00,0,2019-12-19,16,0,ACTUAL,SDGE-TAC,Total Actual Hourly Integrated Load,SYS_FCST_ACT_MW,3.4,2293,ACTUAL,321
2019-12-19T10:00:00-00:00,2019-12-19T11:00:00-00:00,0,2019-12-19,3,0,ACTUAL,SDGE-TAC,Total Actual Hourly Integrated Load,SYS_FCST_ACT_MW,3.4,1999,ACTUAL,321
2019-12-19T19:00:00-00:00,2019-12-19T20:00:00-00:00,0,2019-12-19,12,0,ACTUAL,SDGE-TAC,Total Actual Hourly Integrated Load,SYS_FCST_ACT_MW,3.4,1988,ACTUAL,321
2019-12-20T04:00:00-00:00,2019-12-20T05:00:00-00:00,0,2019-12-19,21,0,ACTUAL,SDGE-TAC,Total Actual Hourly Integrated Load,SYS_FCST_ACT_MW,3.4,2793,ACTUAL,321
2019-12-19T12:00:00-00:00,2019-12-19T13:00:00-00:00,0,2019-12-19,5,0,ACTUAL,SDGE-TAC,Total Actual Hourly Integrated Load,SYS_FCST_ACT_MW,3.4,2073,ACTUAL,321
2019-12-19T09:00:00-00:00,2019-12-19T10:00:00-00:00,0,2019-12-19,2,0,ACTUAL,SDGE-TAC,Total Actual Hourly Integrated Load,SYS_FCST_ACT_MW,3.4,2043,ACTUAL,321
2019-12-19T08:00:00-00:00,2019-12-19T09:00:00-00:00,0,2019-12-19,1,0,ACTUAL,SDGE-TAC,Total Actual Hourly Integrated Load,SYS_FCST_ACT_MW,3.4,2123,ACTUAL,321
2019-12-20T05:00:00-00:00,2019-12-20T06:00:00-00:00,0,2019-12-19,22,0,ACTUAL,SDGE-TAC,Total Actual Hourly Integrated Load,SYS_FCST_ACT_MW,3.4,2644,ACTUAL,321
2019-12-20T02:00:00-00:00,2019-12-20T03:00:00-00:00,0,2019-12-19,19,0,ACTUAL,SDGE-TAC,Total Actual Hourly Integrated Load,SYS_FCST_ACT_MW,3.4,2907,ACTUAL,321
2019-12-20T03:00:00-00:00,2019-12-20T04:00:00-00:00,0,2019-12-19,20,0,ACTUAL,SDGE-TAC,Total Actual Hourly Integrated Load,SYS_FCST_ACT_MW,3.4,2863,ACTUAL,321
2019-12-20T00:00:00-00:00,2019-12-20T01:00:00-00:00,0,2019-12-19,17,0,ACTUAL,SDGE-TAC,Total Actual Hourly Integrated Load,SYS_FCST_ACT_MW,3.4,2585,ACTUAL,321
2019-12-19T22:00:00-00:00,2019-12-19T23:00:00-00:00,0,2019-12-19,15,0,ACTUAL,SDGE-TAC,Total Actual Hourly Integrated Load,SYS_FCST_ACT_MW,3.4,2101,ACTUAL,321
2019-12-19T15:00:00-00:00,2019-12-19T16:00:00-00:00,0,2019-12-19,8,0,ACTUAL,SDGE-TAC,Total Actual Hourly Integrated Load,SYS_FCST_ACT_MW,3.4,2659,ACTUAL,321
2019-12-19T14:00:00-00:00,2019-12-19T15:00:00-00:00,0,2019-12-19,7,0,ACTUAL,SDGE-TAC,Total Actual Hourly Integrated Load,SYS_FCST_ACT_MW,3.4,2563,ACTUAL,321
2019-12-19T13:00:00-00:00,2019-12-19T14:00:00-00:00,0,2019-12-19,6,0,ACTUAL,SDGE-TAC,Total Actual Hourly Integrated Load,SYS_FCST_ACT_MW,3.4,2269,ACTUAL,321
2019-12-19T20:00:00-00:00,2019-12-19T21:00:00-00:00,0,2019-12-19,13,0,ACTUAL,SDGE-TAC,Total Actual Hourly Integrated Load,SYS_FCST_ACT_MW,3.4,1953,ACTUAL,321
2019-12-19T23:00:00-00:00,2019-12-20T00:00:00-00:00,0,2019-12-19,16,0,ACTUAL,SRP,Total Actual Hourly Integrated Load,SYS_FCST_ACT_MW,3.8,2763,ACTUAL,322
2019-12-19T18:00:00-00:00,2019-12-19T19:00:00-00:00,0,2019-12-19,11,0,ACTUAL,SRP,Total Actual Hourly Integrated Load,SYS_FCST_ACT_MW,3.8,2874,ACTUAL,322
2019-12-19T08:00:00-00:00,2019-12-19T09:00:00-00:00,0,2019-12-19,1,0,ACTUAL,SRP,Total Actual Hourly Integrated Load,SYS_FCST_ACT_MW,3.8,2659,ACTUAL,322
2019-12-20T04:00:00-00:00,2019-12-20T05:00:00-00:00,0,2019-12-19,21,0,ACTUAL,SRP,Total Actual Hourly Integrated Load,SYS_FCST_ACT_MW,3.8,3248,ACTUAL,322
2019-12-19T21:00:00-00:00,2019-12-19T22:00:00-00:00,0,2019-12-19,14,0,ACTUAL,SRP,Total Actual Hourly Integrated Load,SYS_FCST_ACT_MW,3.8,2625,ACTUAL,322
2019-12-19T12:00:00-00:00,2019-12-19T13:00:00-00:00,0,2019-12-19,5,0,ACTUAL,SRP,Total Actual Hourly Integrated Load,SYS_FCST_ACT_MW,3.8,3210,ACTUAL,322
2019-12-19T10:00:00-00:00,2019-12-19T11:00:00-00:00,0,2019-12-19,3,0,ACTUAL,SRP,Total Actual Hourly Integrated Load,SYS_FCST_ACT_MW,3.8,2727,ACTUAL,322
2019-12-20T05:00:00-00:00,2019-12-20T06:00:00-00:00,0,2019-12-19,22,0,ACTUAL,SRP,Total Actual Hourly Integrated Load,SYS_FCST_ACT_MW,3.8,3089,ACTUAL,322
2019-12-20T06:00:00-00:00,2019-12-20T07:00:00-00:00,0,2019-12-19,23,0,ACTUAL,SRP,Total Actual Hourly Integrated Load,SYS_FCST_ACT_MW,3.8,2893,ACTUAL,322
2019-12-19T17:00:00-00:00,2019-12-19T18:00:00-00:00,0,2019-12-19,10,0,ACTUAL,SRP,Total Actual Hourly Integrated Load,SYS_FCST_ACT_MW,3.8,3035,ACTUAL,322
2019-12-19T16:00:00-00:00,2019-12-19T17:00:00-00:00,0,2019-12-19,9,0,ACTUAL,SRP,Total Actual Hourly Integrated Load,SYS_FCST_ACT_MW,3.8,3216,ACTUAL,322
2019-12-20T01:00:00-00:00,2019-12-20T02:00:00-00:00,0,2019-12-19,18,0,ACTUAL,SRP,Total Actual Hourly Integrated Load,SYS_FCST_ACT_MW,3.8,3250,ACTUAL,322
2019-12-19T19:00:00-00:00,2019-12-19T20:00:00-00:00,0,2019-12-19,12,0,ACTUAL,SRP,Total Actual Hourly Integrated Load,SYS_FCST_ACT_MW,3.8,2751,ACTUAL,322
2019-12-20T02:00:00-00:00,2019-12-20T03:00:00-00:00,0,2019-12-19,19,0,ACTUAL,SRP,Total Actual Hourly Integrated Load,SYS_FCST_ACT_MW,3.8,3268,ACTUAL,322
2019-12-20T00:00:00-00:00,2019-12-20T01:00:00-00:00,0,2019-12-19,17,0,ACTUAL,SRP,Total Actual Hourly Integrated Load,SYS_FCST_ACT_MW,3.8,3039,ACTUAL,322
2019-12-20T03:00:00-00:00,2019-12-20T04:00:00-00:00,0,2019-12-19,20,0,ACTUAL,SRP,Total Actual Hourly Integrated Load,SYS_FCST_ACT_MW,3.8,3263,ACTUAL,322
2019-12-19T22:00:00-00:00,2019-12-19T23:00:00-00:00,0,2019-12-19,15,0,ACTUAL,SRP,Total Actual Hourly Integrated Load,SYS_FCST_ACT_MW,3.8,2669,ACTUAL,322
2019-12-19T20:00:00-00:00,2019-12-19T21:00:00-00:00,0,2019-12-19,13,0,ACTUAL,SRP,Total Actual Hourly Integrated Load,SYS_FCST_ACT_MW,3.8,2689,ACTUAL,322
2019-12-19T15:00:00-00:00,2019-12-19T16:00:00-00:00,0,2019-12-19,8,0,ACTUAL,SRP,Total Actual Hourly Integrated Load,SYS_FCST_ACT_MW,3.8,3444,ACTUAL,322
2019-12-19T14:00:00-00:00,2019-12-19T15:00:00-00:00,0,2019-12-19,7,0,ACTUAL,SRP,Total Actual Hourly Integrated Load,SYS_FCST_ACT_MW,3.8,3652,ACTUAL,322
2019-12-19T11:00:00-00:00,2019-12-19T12:00:00-00:00,0,2019-12-19,4,0,ACTUAL,SRP,Total Actual Hourly Integrated Load,SYS_FCST_ACT_MW,3.8,2890,ACTUAL,322
2019-12-19T09:00:00-00:00,2019-12-19T10:00:00-00:00,0,2019-12-19,2,0,ACTUAL,SRP,Total Actual Hourly Integrated Load,SYS_FCST_ACT_MW,3.8,2662,ACTUAL,322
2019-12-19T13:00:00-00:00,2019-12-19T14:00:00-00:00,0,2019-12-19,6,0,ACTUAL,SRP,Total Actual Hourly Integrated Load,SYS_FCST_ACT_MW,3.8,3581,ACTUAL,322
2019-12-20T07:00:00-00:00,2019-12-20T08:00:00-00:00,0,2019-12-19,24,0,ACTUAL,SRP,Total Actual Hourly Integrated Load,SYS_FCST_ACT_MW,3.8,2803,ACTUAL,322
2019-12-19T22:00:00-00:00,2019-12-19T23:00:00-00:00,0,2019-12-19,15,0,ACTUAL,VEA-TAC,Total Actual Hourly Integrated Load,SYS_FCST_ACT_MW,3.5,49,ACTUAL,323
2019-12-19T10:00:00-00:00,2019-12-19T11:00:00-00:00,0,2019-12-19,3,0,ACTUAL,VEA-TAC,Total Actual Hourly Integrated Load,SYS_FCST_ACT_MW,3.5,94,ACTUAL,323
2019-12-20T06:00:00-00:00,2019-12-20T07:00:00-00:00,0,2019-12-19,23,0,ACTUAL,VEA-TAC,Total Actual Hourly Integrated Load,SYS_FCST_ACT_MW,3.5,89,ACTUAL,323
2019-12-19T20:00:00-00:00,2019-12-19T21:00:00-00:00,0,2019-12-19,13,0,ACTUAL,VEA-TAC,Total Actual Hourly Integrated Load,SYS_FCST_ACT_MW,3.5,67,ACTUAL,323
2019-12-19T14:00:00-00:00,2019-12-19T15:00:00-00:00,0,2019-12-19,7,0,ACTUAL,VEA-TAC,Total Actual Hourly Integrated Load,SYS_FCST_ACT_MW,3.5,125,ACTUAL,323
2019-12-19T17:00:00-00:00,2019-12-19T18:00:00-00:00,0,2019-12-19,10,0,ACTUAL,VEA-TAC,Total Actual Hourly Integrated Load,SYS_FCST_ACT_MW,3.5,97,ACTUAL,323
2019-12-19T08:00:00-00:00,2019-12-19T09:00:00-00:00,0,2019-12-19,1,0,ACTUAL,VEA-TAC,Total Actual Hourly Integrated Load,SYS_FCST_ACT_MW,3.5,88,ACTUAL,323
2019-12-19T12:00:00-00:00,2019-12-19T13:00:00-00:00,0,2019-12-19,5,0,ACTUAL,VEA-TAC,Total Actual Hourly Integrated Load,SYS_FCST_ACT_MW,3.5,105,ACTUAL,323
2019-12-19T15:00:00-00:00,2019-12-19T16:00:00-00:00,0,2019-12-19,8,0,ACTUAL,VEA-TAC,Total Actual Hourly Integrated Load,SYS_FCST_ACT_MW,3.5,124,ACTUAL,323
2019-12-19T19:00:00-00:00,2019-12-19T20:00:00-00:00,0,2019-12-19,12,0,ACTUAL,VEA-TAC,Total Actual Hourly Integrated Load,SYS_FCST_ACT_MW,3.5,77,ACTUAL,323
2019-12-19T21:00:00-00:00,2019-12-19T22:00:00-00:00,0,2019-12-19,14,0,ACTUAL,VEA-TAC,Total Actual Hourly Integrated Load,SYS_FCST_ACT_MW,3.5,-21,ACTUAL,323
2019-12-20T00:00:00-00:00,2019-12-20T01:00:00-00:00,0,2019-12-19,17,0,ACTUAL,VEA-TAC,Total Actual Hourly Integrated Load,SYS_FCST_ACT_MW,3.5,75,ACTUAL,323
2019-12-20T02:00:00-00:00,2019-12-20T03:00:00-00:00,0,2019-12-19,19,0,ACTUAL,VEA-TAC,Total Actual Hourly Integrated Load,SYS_FCST_ACT_MW,3.5,88,ACTUAL,323
2019-12-19T23:00:00-00:00,2019-12-20T00:00:00-00:00,0,2019-12-19,16,0,ACTUAL,VEA-TAC,Total Actual Hourly Integrated Load,SYS_FCST_ACT_MW,3.5,65,ACTUAL,323
2019-12-19T13:00:00-00:00,2019-12-19T14:00:00-00:00,0,2019-12-19,6,0,ACTUAL,VEA-TAC,Total Actual Hourly Integrated Load,SYS_FCST_ACT_MW,3.5,115,ACTUAL,323
2019-12-19T16:00:00-00:00,2019-12-19T17:00:00-00:00,0,2019-12-19,9,0,ACTUAL,VEA-TAC,Total Actual Hourly Integrated Load,SYS_FCST_ACT_MW,3.5,110,ACTUAL,323
2019-12-20T01:00:00-00:00,2019-12-20T02:00:00-00:00,0,2019-12-19,18,0,ACTUAL,VEA-TAC,Total Actual Hourly Integrated Load,SYS_FCST_ACT_MW,3.5,84,ACTUAL,323
2019-12-20T03:00:00-00:00,2019-12-20T04:00:00-00:00,0,2019-12-19,20,0,ACTUAL,VEA-TAC,Total Actual Hourly Integrated Load,SYS_FCST_ACT_MW,3.5,91,ACTUAL,323
2019-12-20T04:00:00-00:00,2019-12-20T05:00:00-00:00,0,2019-12-19,21,0,ACTUAL,VEA-TAC,Total Actual Hourly Integrated Load,SYS_FCST_ACT_MW,3.5,92,ACTUAL,323
2019-12-20T07:00:00-00:00,2019-12-20T08:00:00-00:00,0,2019-12-19,24,0,ACTUAL,VEA-TAC,Total Actual Hourly Integrated Load,SYS_FCST_ACT_MW,3.5,88,ACTUAL,323
2019-12-19T09:00:00-00:00,2019-12-19T10:00:00-00:00,0,2019-12-19,2,0,ACTUAL,VEA-TAC,Total Actual Hourly Integrated Load,SYS_FCST_ACT_MW,3.5,90,ACTUAL,323
2019-12-19T11:00:00-00:00,2019-12-19T12:00:00-00:00,0,2019-12-19,4,0,ACTUAL,VEA-TAC,Total Actual Hourly Integrated Load,SYS_FCST_ACT_MW,3.5,98,ACTUAL,323
2019-12-19T18:00:00-00:00,2019-12-19T19:00:00-00:00,0,2019-12-19,11,0,ACTUAL,VEA-TAC,Total Actual Hourly Integrated Load,SYS_FCST_ACT_MW,3.5,86,ACTUAL,323
2019-12-20T05:00:00-00:00,2019-12-20T06:00:00-00:00,0,2019-12-19,22,0,ACTUAL,VEA-TAC,Total Actual Hourly Integrated Load,SYS_FCST_ACT_MW,3.5,92,ACTUAL,323
2019-12-20T12:00:00-00:00,2019-12-20T13:00:00-00:00,0,2019-12-20,5,0,ACTUAL,AZPS,Total Actual Hourly Integrated Load,SYS_FCST_ACT_MW,3.8,3406,ACTUAL,324
2019-12-20T11:00:00-00:00,2019-12-20T12:00:00-00:00,0,2019-12-20,4,0,ACTUAL,AZPS,Total Actual Hourly Integrated Load,SYS_FCST_ACT_MW,3.8,3134,ACTUAL,324
2019-12-20T21:00:00-00:00,2019-12-20T22:00:00-00:00,0,2019-12-20,14,0,ACTUAL,AZPS,Total Actual Hourly Integrated Load,SYS_FCST_ACT_MW,3.8,2467,ACTUAL,324
2019-12-21T04:00:00-00:00,2019-12-21T05:00:00-00:00,0,2019-12-20,21,0,ACTUAL,AZPS,Total Actual Hourly Integrated Load,SYS_FCST_ACT_MW,3.8,3244,ACTUAL,324
2019-12-20T13:00:00-00:00,2019-12-20T14:00:00-00:00,0,2019-12-20,6,0,ACTUAL,AZPS,Total Actual Hourly Integrated Load,SYS_FCST_ACT_MW,3.8,3743,ACTUAL,324
2019-12-20T15:00:00-00:00,2019-12-20T16:00:00-00:00,0,2019-12-20,8,0,ACTUAL,AZPS,Total Actual Hourly Integrated Load,SYS_FCST_ACT_MW,3.8,3642,ACTUAL,324
2019-12-20T18:00:00-00:00,2019-12-20T19:00:00-00:00,0,2019-12-20,11,0,ACTUAL,AZPS,Total Actual Hourly Integrated Load,SYS_FCST_ACT_MW,3.8,2669,ACTUAL,324
2019-12-21T02:00:00-00:00,2019-12-21T03:00:00-00:00,0,2019-12-20,19,0,ACTUAL,AZPS,Total Actual Hourly Integrated Load,SYS_FCST_ACT_MW,3.8,3264,ACTUAL,324
2019-12-21T03:00:00-00:00,2019-12-21T04:00:00-00:00,0,2019-12-20,20,0,ACTUAL,AZPS,Total Actual Hourly Integrated Load,SYS_FCST_ACT_MW,3.8,3275,ACTUAL,324
2019-12-21T06:00:00-00:00,2019-12-21T07:00:00-00:00,0,2019-12-20,23,0,ACTUAL,AZPS,Total Actual Hourly Integrated Load,SYS_FCST_ACT_MW,3.8,2967,ACTUAL,324
2019-12-21T07:00:00-00:00,2019-12-21T08:00:00-00:00,0,2019-12-20,24,0,ACTUAL,AZPS,Total Actual Hourly Integrated Load,SYS_FCST_ACT_MW,3.8,2879,ACTUAL,324
2019-12-20T08:00:00-00:00,2019-12-20T09:00:00-00:00,0,2019-12-20,1,0,ACTUAL,AZPS,Total Actual Hourly Integrated Load,SYS_FCST_ACT_MW,3.8,2926,ACTUAL,324
2019-12-20T09:00:00-00:00,2019-12-20T10:00:00-00:00,0,2019-12-20,2,0,ACTUAL,AZPS,Total Actual Hourly Integrated Load,SYS_FCST_ACT_MW,3.8,2935,ACTUAL,324
2019-12-21T00:00:00-00:00,2019-12-21T01:00:00-00:00,0,2019-12-20,17,0,ACTUAL,AZPS,Total Actual Hourly Integrated Load,SYS_FCST_ACT_MW,3.8,3109,ACTUAL,324
2019-12-20T16:00:00-00:00,2019-12-20T17:00:00-00:00,0,2019-12-20,9,0,ACTUAL,AZPS,Total Actual Hourly Integrated Load,SYS_FCST_ACT_MW,3.8,3242,ACTUAL,324
2019-12-20T20:00:00-00:00,2019-12-20T21:00:00-00:00,0,2019-12-20,13,0,ACTUAL,AZPS,Total Actual Hourly Integrated Load,SYS_FCST_ACT_MW,3.8,2455,ACTUAL,324
2019-12-21T05:00:00-00:00,2019-12-21T06:00:00-00:00,0,2019-12-20,22,0,ACTUAL,AZPS,Total Actual Hourly Integrated Load,SYS_FCST_ACT_MW,3.8,3264,ACTUAL,324
2019-12-20T14:00:00-00:00,2019-12-20T15:00:00-00:00,0,2019-12-20,7,0,ACTUAL,AZPS,Total Actual Hourly Integrated Load,SYS_FCST_ACT_MW,3.8,3880,ACTUAL,324
2019-12-20T22:00:00-00:00,2019-12-20T23:00:00-00:00,0,2019-12-20,15,0,ACTUAL,AZPS,Total Actual Hourly Integrated Load,SYS_FCST_ACT_MW,3.8,2553,ACTUAL,324
2019-12-20T19:00:00-00:00,2019-12-20T20:00:00-00:00,0,2019-12-20,12,0,ACTUAL,AZPS,Total Actual Hourly Integrated Load,SYS_FCST_ACT_MW,3.8,2518,ACTUAL,324
2019-12-20T23:00:00-00:00,2019-12-21T00:00:00-00:00,0,2019-12-20,16,0,ACTUAL,AZPS,Total Actual Hourly Integrated Load,SYS_FCST_ACT_MW,3.8,2767,ACTUAL,324
2019-12-21T01:00:00-00:00,2019-12-21T02:00:00-00:00,0,2019-12-20,18,0,ACTUAL,AZPS,Total Actual Hourly Integrated Load,SYS_FCST_ACT_MW,3.8,3270,ACTUAL,324
2019-12-20T10:00:00-00:00,2019-12-20T11:00:00-00:00,0,2019-12-20,3,0,ACTUAL,AZPS,Total Actual Hourly Integrated Load,SYS_FCST_ACT_MW,3.8,2992,ACTUAL,324
2019-12-20T17:00:00-00:00,2019-12-20T18:00:00-00:00,0,2019-12-20,10,0,ACTUAL,AZPS,Total Actual Hourly Integrated Load,SYS_FCST_ACT_MW,3.8,2909,ACTUAL,324
2019-12-20T17:00:00-00:00,2019-12-20T18:00:00-00:00,0,2019-12-20,10,0,ACTUAL,BANCSMUD,Total Actual Hourly Integrated Load,SYS_FCST_ACT_MW,3.8,1292,ACTUAL,325
2019-12-21T06:00:00-00:00,2019-12-21T07:00:00-00:00,0,2019-12-20,23,0,ACTUAL,BANCSMUD,Total Actual Hourly Integrated Load,SYS_FCST_ACT_MW,3.8,1182,ACTUAL,325
2019-12-20T21:00:00-00:00,2019-12-20T22:00:00-00:00,0,2019-12-20,14,0,ACTUAL,BANCSMUD,Total Actual Hourly Integrated Load,SYS_FCST_ACT_MW,3.8,1182,ACTUAL,325
2019-12-20T16:00:00-00:00,2019-12-20T17:00:00-00:00,0,2019-12-20,9,0,ACTUAL,BANCSMUD,Total Actual Hourly Integrated Load,SYS_FCST_ACT_MW,3.8,1331,ACTUAL,325
2019-12-20T13:00:00-00:00,2019-12-20T14:00:00-00:00,0,2019-12-20,6,0,ACTUAL,BANCSMUD,Total Actual Hourly Integrated Load,SYS_FCST_ACT_MW,3.8,1113,ACTUAL,325
2019-12-20T20:00:00-00:00,2019-12-20T21:00:00-00:00,0,2019-12-20,13,0,ACTUAL,BANCSMUD,Total Actual Hourly Integrated Load,SYS_FCST_ACT_MW,3.8,1191,ACTUAL,325
2019-12-20T14:00:00-00:00,2019-12-20T15:00:00-00:00,0,2019-12-20,7,0,ACTUAL,BANCSMUD,Total Actual Hourly Integrated Load,SYS_FCST_ACT_MW,3.8,1262,ACTUAL,325
2019-12-20T12:00:00-00:00,2019-12-20T13:00:00-00:00,0,2019-12-20,5,0,ACTUAL,BANCSMUD,Total Actual Hourly Integrated Load,SYS_FCST_ACT_MW,3.8,1009,ACTUAL,325
2019-12-20T10:00:00-00:00,2019-12-20T11:00:00-00:00,0,2019-12-20,3,0,ACTUAL,BANCSMUD,Total Actual Hourly Integrated Load,SYS_FCST_ACT_MW,3.8,959,ACTUAL,325
2019-12-20T18:00:00-00:00,2019-12-20T19:00:00-00:00,0,2019-12-20,11,0,ACTUAL,BANCSMUD,Total Actual Hourly Integrated Load,SYS_FCST_ACT_MW,3.8,1255,ACTUAL,325
2019-12-20T15:00:00-00:00,2019-12-20T16:00:00-00:00,0,2019-12-20,8,0,ACTUAL,BANCSMUD,Total Actual Hourly Integrated Load,SYS_FCST_ACT_MW,3.8,1338,ACTUAL,325
2019-12-21T01:00:00-00:00,2019-12-21T02:00:00-00:00,0,2019-12-20,18,0,ACTUAL,BANCSMUD,Total Actual Hourly Integrated Load,SYS_FCST_ACT_MW,3.8,1361,ACTUAL,325
2019-12-20T23:00:00-00:00,2019-12-21T00:00:00-00:00,0,2019-12-20,16,0,ACTUAL,BANCSMUD,Total Actual Hourly Integrated Load,SYS_FCST_ACT_MW,3.8,1204,ACTUAL,325
2019-12-20T19:00:00-00:00,2019-12-20T20:00:00-00:00,0,2019-12-20,12,0,ACTUAL,BANCSMUD,Total Actual Hourly Integrated Load,SYS_FCST_ACT_MW,3.8,1218,ACTUAL,325
2019-12-20T11:00:00-00:00,2019-12-20T12:00:00-00:00,0,2019-12-20,4,0,ACTUAL,BANCSMUD,Total Actual Hourly Integrated Load,SYS_FCST_ACT_MW,3.8,963,ACTUAL,325
2019-12-20T22:00:00-00:00,2019-12-20T23:00:00-00:00,0,2019-12-20,15,0,ACTUAL,BANCSMUD,Total Actual Hourly Integrated Load,SYS_FCST_ACT_MW,3.8,1186,ACTUAL,325
2019-12-20T09:00:00-00:00,2019-12-20T10:00:00-00:00,0,2019-12-20,2,0,ACTUAL,BANCSMUD,Total Actual Hourly Integrated Load,SYS_FCST_ACT_MW,3.8,977,ACTUAL,325
2019-12-20T08:00:00-00:00,2019-12-20T09:00:00-00:00,0,2019-12-20,1,0,ACTUAL,BANCSMUD,Total Actual Hourly Integrated Load,SYS_FCST_ACT_MW,3.8,1018,ACTUAL,325
2019-12-21T05:00:00-00:00,2019-12-21T06:00:00-00:00,0,2019-12-20,22,0,ACTUAL,BANCSMUD,Total Actual Hourly Integrated Load,SYS_FCST_ACT_MW,3.8,1316,ACTUAL,325
2019-12-21T07:00:00-00:00,2019-12-21T08:00:00-00:00,0,2019-12-20,24,0,ACTUAL,BANCSMUD,Total Actual Hourly Integrated Load,SYS_FCST_ACT_MW,3.8,1078,ACTUAL,325
2019-12-21T04:00:00-00:00,2019-12-21T05:00:00-00:00,0,2019-12-20,21,0,ACTUAL,BANCSMUD,Total Actual Hourly Integrated Load,SYS_FCST_ACT_MW,3.8,1298,ACTUAL,325
2019-12-21T03:00:00-00:00,2019-12-21T04:00:00-00:00,0,2019-12-20,20,0,ACTUAL,BANCSMUD,Total Actual Hourly Integrated Load,SYS_FCST_ACT_MW,3.8,1321,ACTUAL,325
2019-12-21T00:00:00-00:00,2019-12-21T01:00:00-00:00,0,2019-12-20,17,0,ACTUAL,BANCSMUD,Total Actual Hourly Integrated Load,SYS_FCST_ACT_MW,3.8,1273,ACTUAL,325
2019-12-21T02:00:00-00:00,2019-12-21T03:00:00-00:00,0,2019-12-20,19,0,ACTUAL,BANCSMUD,Total Actual Hourly Integrated Load,SYS_FCST_ACT_MW,3.8,1345,ACTUAL,325
2019-12-21T05:00:00-00:00,2019-12-21T06:00:00-00:00,0,2019-12-20,22,0,ACTUAL,BCHA,Total Actual Hourly Integrated Load,SYS_FCST_ACT_MW,3.8,8950,ACTUAL,326
2019-12-21T03:00:00-00:00,2019-12-21T04:00:00-00:00,0,2019-12-20,20,0,ACTUAL,BCHA,Total Actual Hourly Integrated Load,SYS_FCST_ACT_MW,3.8,8956,ACTUAL,326
2019-12-21T00:00:00-00:00,2019-12-21T01:00:00-00:00,0,2019-12-20,17,0,ACTUAL,BCHA,Total Actual Hourly Integrated Load,SYS_FCST_ACT_MW,3.8,9231,ACTUAL,326
2019-12-20T20:00:00-00:00,2019-12-20T21:00:00-00:00,0,2019-12-20,13,0,ACTUAL,BCHA,Total Actual Hourly Integrated Load,SYS_FCST_ACT_MW,3.8,8902,ACTUAL,326
2019-12-20T11:00:00-00:00,2019-12-20T12:00:00-00:00,0,2019-12-20,4,0,ACTUAL,BCHA,Total Actual Hourly Integrated Load,SYS_FCST_ACT_MW,3.8,6948,ACTUAL,326
2019-12-20T15:00:00-00:00,2019-12-20T16:00:00-00:00,0,2019-12-20,8,0,ACTUAL,BCHA,Total Actual Hourly Integrated Load,SYS_FCST_ACT_MW,3.8,8726,ACTUAL,326
2019-12-21T02:00:00-00:00,2019-12-21T03:00:00-00:00,0,2019-12-20,19,0,ACTUAL,BCHA,Total Actual Hourly Integrated Load,SYS_FCST_ACT_MW,3.8,9160,ACTUAL,326
2019-12-21T01:00:00-00:00,2019-12-21T02:00:00-00:00,0,2019-12-20,18,0,ACTUAL,BCHA,Total Actual Hourly Integrated Load,SYS_FCST_ACT_MW,3.8,9358,ACTUAL,326
2019-12-20T21:00:00-00:00,2019-12-20T22:00:00-00:00,0,2019-12-20,14,0,ACTUAL,BCHA,Total Actual Hourly Integrated Load,SYS_FCST_ACT_MW,3.8,8827,ACTUAL,326
2019-12-20T16:00:00-00:00,2019-12-20T17:00:00-00:00,0,2019-12-20,9,0,ACTUAL,BCHA,Total Actual Hourly Integrated Load,SYS_FCST_ACT_MW,3.8,8932,ACTUAL,326
2019-12-20T10:00:00-00:00,2019-12-20T11:00:00-00:00,0,2019-12-20,3,0,ACTUAL,BCHA,Total Actual Hourly Integrated Load,SYS_FCST_ACT_MW,3.8,6909,ACTUAL,326
2019-12-20T09:00:00-00:00,2019-12-20T10:00:00-00:00,0,2019-12-20,2,0,ACTUAL,BCHA,Total Actual Hourly Integrated Load,SYS_FCST_ACT_MW,3.8,7001,ACTUAL,326
2019-12-20T12:00:00-00:00,2019-12-20T13:00:00-00:00,0,2019-12-20,5,0,ACTUAL,BCHA,Total Actual Hourly Integrated Load,SYS_FCST_ACT_MW,3.8,7083,ACTUAL,326
2019-12-21T06:00:00-00:00,2019-12-21T07:00:00-00:00,0,2019-12-20,23,0,ACTUAL,BCHA,Total Actual Hourly Integrated Load,SYS_FCST_ACT_MW,3.8,8059,ACTUAL,326
2019-12-20T13:00:00-00:00,2019-12-20T14:00:00-00:00,0,2019-12-20,6,0,ACTUAL,BCHA,Total Actual Hourly Integrated Load,SYS_FCST_ACT_MW,3.8,7443,ACTUAL,326
2019-12-20T19:00:00-00:00,2019-12-20T20:00:00-00:00,0,2019-12-20,12,0,ACTUAL,BCHA,Total Actual Hourly Integrated Load,SYS_FCST_ACT_MW,3.8,8979,ACTUAL,326
2019-12-20T08:00:00-00:00,2019-12-20T09:00:00-00:00,0,2019-12-20,1,0,ACTUAL,BCHA,Total Actual Hourly Integrated Load,SYS_FCST_ACT_MW,3.8,7226,ACTUAL,326
2019-12-20T17:00:00-00:00,2019-12-20T18:00:00-00:00,0,2019-12-20,10,0,ACTUAL,BCHA,Total Actual Hourly Integrated Load,SYS_FCST_ACT_MW,3.8,8990,ACTUAL,326
2019-12-21T04:00:00-00:00,2019-12-21T05:00:00-00:00,0,2019-12-20,21,0,ACTUAL,BCHA,Total Actual Hourly Integrated Load,SYS_FCST_ACT_MW,3.8,8749,ACTUAL,326
2019-12-20T18:00:00-00:00,2019-12-20T19:00:00-00:00,0,2019-12-20,11,0,ACTUAL,BCHA,Total Actual Hourly Integrated Load,SYS_FCST_ACT_MW,3.8,9044,ACTUAL,326
2019-12-20T23:00:00-00:00,2019-12-21T00:00:00-00:00,0,2019-12-20,16,0,ACTUAL,BCHA,Total Actual Hourly Integrated Load,SYS_FCST_ACT_MW,3.8,8866,ACTUAL,326
2019-12-20T22:00:00-00:00,2019-12-20T23:00:00-00:00,0,2019-12-20,15,0,ACTUAL,BCHA,Total Actual Hourly Integrated Load,SYS_FCST_ACT_MW,3.8,8757,ACTUAL,326
2019-12-20T14:00:00-00:00,2019-12-20T15:00:00-00:00,0,2019-12-20,7,0,ACTUAL,BCHA,Total Actual Hourly Integrated Load,SYS_FCST_ACT_MW,3.8,8059,ACTUAL,326
2019-12-21T07:00:00-00:00,2019-12-21T08:00:00-00:00,0,2019-12-20,24,0,ACTUAL,BCHA,Total Actual Hourly Integrated Load,SYS_FCST_ACT_MW,3.8,8597,ACTUAL,326
2019-12-20T12:00:00-00:00,2019-12-20T13:00:00-00:00,0,2019-12-20,5,0,ACTUAL,CA ISO-TAC,Total Actual Hourly Integrated Load,SYS_FCST_ACT_MW,3,21998,ACTUAL,327
2019-12-20T18:00:00-00:00,2019-12-20T19:00:00-00:00,0,2019-12-20,11,0,ACTUAL,CA ISO-TAC,Total Actual Hourly Integrated Load,SYS_FCST_ACT_MW,3,24359,ACTUAL,327
2019-12-21T05:00:00-00:00,2019-12-21T06:00:00-00:00,0,2019-12-20,22,0,ACTUAL,CA ISO-TAC,Total Actual Hourly Integrated Load,SYS_FCST_ACT_MW,3,28081,ACTUAL,327
2019-12-20T19:00:00-00:00,2019-12-20T20:00:00-00:00,0,2019-12-20,12,0,ACTUAL,CA ISO-TAC,Total Actual Hourly Integrated Load,SYS_FCST_ACT_MW,3,23605,ACTUAL,327
2019-12-20T21:00:00-00:00,2019-12-20T22:00:00-00:00,0,2019-12-20,14,0,ACTUAL,CA ISO-TAC,Total Actual Hourly Integrated Load,SYS_FCST_ACT_MW,3,23862,ACTUAL,327
2019-12-21T03:00:00-00:00,2019-12-21T04:00:00-00:00,0,2019-12-20,20,0,ACTUAL,CA ISO-TAC,Total Actual Hourly Integrated Load,SYS_FCST_ACT_MW,3,28097,ACTUAL,327
2019-12-20T14:00:00-00:00,2019-12-20T15:00:00-00:00,0,2019-12-20,7,0,ACTUAL,CA ISO-TAC,Total Actual Hourly Integrated Load,SYS_FCST_ACT_MW,3,25995,ACTUAL,327
2019-12-20T23:00:00-00:00,2019-12-21T00:00:00-00:00,0,2019-12-20,16,0,ACTUAL,CA ISO-TAC,Total Actual Hourly Integrated Load,SYS_FCST_ACT_MW,3,25093,ACTUAL,327
2019-12-20T20:00:00-00:00,2019-12-20T21:00:00-00:00,0,2019-12-20,13,0,ACTUAL,CA ISO-TAC,Total Actual Hourly Integrated Load,SYS_FCST_ACT_MW,3,23553,ACTUAL,327
2019-12-21T00:00:00-00:00,2019-12-21T01:00:00-00:00,0,2019-12-20,17,0,ACTUAL,CA ISO-TAC,Total Actual Hourly Integrated Load,SYS_FCST_ACT_MW,3,26845,ACTUAL,327
2019-12-20T15:00:00-00:00,2019-12-20T16:00:00-00:00,0,2019-12-20,8,0,ACTUAL,CA ISO-TAC,Total Actual Hourly Integrated Load,SYS_FCST_ACT_MW,3,27062,ACTUAL,327
2019-12-20T16:00:00-00:00,2019-12-20T17:00:00-00:00,0,2019-12-20,9,0,ACTUAL,CA ISO-TAC,Total Actual Hourly Integrated Load,SYS_FCST_ACT_MW,3,26362,ACTUAL,327
2019-12-21T02:00:00-00:00,2019-12-21T03:00:00-00:00,0,2019-12-20,19,0,ACTUAL,CA ISO-TAC,Total Actual Hourly Integrated Load,SYS_FCST_ACT_MW,3,28680,ACTUAL,327
2019-12-21T04:00:00-00:00,2019-12-21T05:00:00-00:00,0,2019-12-20,21,0,ACTUAL,CA ISO-TAC,Total Actual Hourly Integrated Load,SYS_FCST_ACT_MW,3,27453,ACTUAL,327
2019-12-21T06:00:00-00:00,2019-12-21T07:00:00-00:00,0,2019-12-20,23,0,ACTUAL,CA ISO-TAC,Total Actual Hourly Integrated Load,SYS_FCST_ACT_MW,3,25105,ACTUAL,327
2019-12-20T09:00:00-00:00,2019-12-20T10:00:00-00:00,0,2019-12-20,2,0,ACTUAL,CA ISO-TAC,Total Actual Hourly Integrated Load,SYS_FCST_ACT_MW,3,21902,ACTUAL,327
2019-12-20T11:00:00-00:00,2019-12-20T12:00:00-00:00,0,2019-12-20,4,0,ACTUAL,CA ISO-TAC,Total Actual Hourly Integrated Load,SYS_FCST_ACT_MW,3,21350,ACTUAL,327
2019-12-20T13:00:00-00:00,2019-12-20T14:00:00-00:00,0,2019-12-20,6,0,ACTUAL,CA ISO-TAC,Total Actual Hourly Integrated Load,SYS_FCST_ACT_MW,3,23594,ACTUAL,327
2019-12-20T22:00:00-00:00,2019-12-20T23:00:00-00:00,0,2019-12-20,15,0,ACTUAL,CA ISO-TAC,Total Actual Hourly Integrated Load,SYS_FCST_ACT_MW,3,24205,ACTUAL,327
2019-12-21T07:00:00-00:00,2019-12-21T08:00:00-00:00,0,2019-12-20,24,0,ACTUAL,CA ISO-TAC,Total Actual Hourly Integrated Load,SYS_FCST_ACT_MW,3,27090,ACTUAL,327
2019-12-20T08:00:00-00:00,2019-12-20T09:00:00-00:00,0,2019-12-20,1,0,ACTUAL,CA ISO-TAC,Total Actual Hourly Integrated Load,SYS_FCST_ACT_MW,3,22761,ACTUAL,327
2019-12-20T10:00:00-00:00,2019-12-20T11:00:00-00:00,0,2019-12-20,3,0,ACTUAL,CA ISO-TAC,Total Actual Hourly Integrated Load,SYS_FCST_ACT_MW,3,21412,ACTUAL,327
2019-12-20T17:00:00-00:00,2019-12-20T18:00:00-00:00,0,2019-12-20,10,0,ACTUAL,CA ISO-TAC,Total Actual Hourly Integrated Load,SYS_FCST_ACT_MW,3,25326,ACTUAL,327
2019-12-21T01:00:00-00:00,2019-12-21T02:00:00-00:00,0,2019-12-20,18,0,ACTUAL,CA ISO-TAC,Total Actual Hourly Integrated Load,SYS_FCST_ACT_MW,3,28822,ACTUAL,327
2019-12-21T02:00:00-00:00,2019-12-21T03:00:00-00:00,0,2019-12-20,19,0,ACTUAL,IPCO,Total Actual Hourly Integrated Load,SYS_FCST_ACT_MW,3.8,2052,ACTUAL,328
2019-12-20T10:00:00-00:00,2019-12-20T11:00:00-00:00,0,2019-12-20,3,0,ACTUAL,IPCO,Total Actual Hourly Integrated Load,SYS_FCST_ACT_MW,3.8,1666,ACTUAL,328
2019-12-20T14:00:00-00:00,2019-12-20T15:00:00-00:00,0,2019-12-20,7,0,ACTUAL,IPCO,Total Actual Hourly Integrated Load,SYS_FCST_ACT_MW,3.8,2104,ACTUAL,328
2019-12-21T04:00:00-00:00,2019-12-21T05:00:00-00:00,0,2019-12-20,21,0,ACTUAL,IPCO,Total Actual Hourly Integrated Load,SYS_FCST_ACT_MW,3.8,1965,ACTUAL,328
2019-12-20T11:00:00-00:00,2019-12-20T12:00:00-00:00,0,2019-12-20,4,0,ACTUAL,IPCO,Total Actual Hourly Integrated Load,SYS_FCST_ACT_MW,3.8,1699,ACTUAL,328
2019-12-20T12:00:00-00:00,2019-12-20T13:00:00-00:00,0,2019-12-20,5,0,ACTUAL,IPCO,Total Actual Hourly Integrated Load,SYS_FCST_ACT_MW,3.8,1803,ACTUAL,328
2019-12-20T15:00:00-00:00,2019-12-20T16:00:00-00:00,0,2019-12-20,8,0,ACTUAL,IPCO,Total Actual Hourly Integrated Load,SYS_FCST_ACT_MW,3.8,2134,ACTUAL,328
2019-12-21T00:00:00-00:00,2019-12-21T01:00:00-00:00,0,2019-12-20,17,0,ACTUAL,IPCO,Total Actual Hourly Integrated Load,SYS_FCST_ACT_MW,3.8,2094,ACTUAL,328
2019-12-21T03:00:00-00:00,2019-12-21T04:00:00-00:00,0,2019-12-20,20,0,ACTUAL,IPCO,Total Actual Hourly Integrated Load,SYS_FCST_ACT_MW,3.8,2019,ACTUAL,328
2019-12-20T13:00:00-00:00,2019-12-20T14:00:00-00:00,0,2019-12-20,6,0,ACTUAL,IPCO,Total Actual Hourly Integrated Load,SYS_FCST_ACT_MW,3.8,1973,ACTUAL,328
2019-12-20T16:00:00-00:00,2019-12-20T17:00:00-00:00,0,2019-12-20,9,0,ACTUAL,IPCO,Total Actual Hourly Integrated Load,SYS_FCST_ACT_MW,3.8,2103,ACTUAL,328
2019-12-20T19:00:00-00:00,2019-12-20T20:00:00-00:00,0,2019-12-20,12,0,ACTUAL,IPCO,Total Actual Hourly Integrated Load,SYS_FCST_ACT_MW,3.8,1972,ACTUAL,328
2019-12-20T23:00:00-00:00,2019-12-21T00:00:00-00:00,0,2019-12-20,16,0,ACTUAL,IPCO,Total Actual Hourly Integrated Load,SYS_FCST_ACT_MW,3.8,1992,ACTUAL,328
2019-12-21T06:00:00-00:00,2019-12-21T07:00:00-00:00,0,2019-12-20,23,0,ACTUAL,IPCO,Total Actual Hourly Integrated Load,SYS_FCST_ACT_MW,3.8,1773,ACTUAL,328
2019-12-20T09:00:00-00:00,2019-12-20T10:00:00-00:00,0,2019-12-20,2,0,ACTUAL,IPCO,Total Actual Hourly Integrated Load,SYS_FCST_ACT_MW,3.8,1668,ACTUAL,328
2019-12-20T17:00:00-00:00,2019-12-20T18:00:00-00:00,0,2019-12-20,10,0,ACTUAL,IPCO,Total Actual Hourly Integrated Load,SYS_FCST_ACT_MW,3.8,2064,ACTUAL,328
2019-12-21T05:00:00-00:00,2019-12-21T06:00:00-00:00,0,2019-12-20,22,0,ACTUAL,IPCO,Total Actual Hourly Integrated Load,SYS_FCST_ACT_MW,3.8,2012,ACTUAL,328
2019-12-20T20:00:00-00:00,2019-12-20T21:00:00-00:00,0,2019-12-20,13,0,ACTUAL,IPCO,Total Actual Hourly Integrated Load,SYS_FCST_ACT_MW,3.8,1945,ACTUAL,328
2019-12-20T22:00:00-00:00,2019-12-20T23:00:00-00:00,0,2019-12-20,15,0,ACTUAL,IPCO,Total Actual Hourly Integrated Load,SYS_FCST_ACT_MW,3.8,1934,ACTUAL,328
2019-12-20T08:00:00-00:00,2019-12-20T09:00:00-00:00,0,2019-12-20,1,0,ACTUAL,IPCO,Total Actual Hourly Integrated Load,SYS_FCST_ACT_MW,3.8,1686,ACTUAL,328
2019-12-20T21:00:00-00:00,2019-12-20T22:00:00-00:00,0,2019-12-20,14,0,ACTUAL,IPCO,Total Actual Hourly Integrated Load,SYS_FCST_ACT_MW,3.8,1930,ACTUAL,328
2019-12-20T18:00:00-00:00,2019-12-20T19:00:00-00:00,0,2019-12-20,11,0,ACTUAL,IPCO,Total Actual Hourly Integrated Load,SYS_FCST_ACT_MW,3.8,2017,ACTUAL,328
2019-12-21T01:00:00-00:00,2019-12-21T02:00:00-00:00,0,2019-12-20,18,0,ACTUAL,IPCO,Total Actual Hourly Integrated Load,SYS_FCST_ACT_MW,3.8,2091,ACTUAL,328
2019-12-21T07:00:00-00:00,2019-12-21T08:00:00-00:00,0,2019-12-20,24,0,ACTUAL,IPCO,Total Actual Hourly Integrated Load,SYS_FCST_ACT_MW,3.8,1709,ACTUAL,328
2019-12-21T00:00:00-00:00,2019-12-21T01:00:00-00:00,0,2019-12-20,17,0,ACTUAL,MWD-TAC,Total Actual Hourly Integrated Load,SYS_FCST_ACT_MW,3.3,135,ACTUAL,329
2019-12-20T14:00:00-00:00,2019-12-20T15:00:00-00:00,0,2019-12-20,7,0,ACTUAL,MWD-TAC,Total Actual Hourly Integrated Load,SYS_FCST_ACT_MW,3.3,127,ACTUAL,329
2019-12-21T06:00:00-00:00,2019-12-21T07:00:00-00:00,0,2019-12-20,23,0,ACTUAL,MWD-TAC,Total Actual Hourly Integrated Load,SYS_FCST_ACT_MW,3.3,130,ACTUAL,329
2019-12-20T11:00:00-00:00,2019-12-20T12:00:00-00:00,0,2019-12-20,4,0,ACTUAL,MWD-TAC,Total Actual Hourly Integrated Load,SYS_FCST_ACT_MW,3.3,128,ACTUAL,329
2019-12-20T16:00:00-00:00,2019-12-20T17:00:00-00:00,0,2019-12-20,9,0,ACTUAL,MWD-TAC,Total Actual Hourly Integrated Load,SYS_FCST_ACT_MW,3.3,118,ACTUAL,329
2019-12-20T18:00:00-00:00,2019-12-20T19:00:00-00:00,0,2019-12-20,11,0,ACTUAL,MWD-TAC,Total Actual Hourly Integrated Load,SYS_FCST_ACT_MW,3.3,124,ACTUAL,329
2019-12-21T04:00:00-00:00,2019-12-21T05:00:00-00:00,0,2019-12-20,21,0,ACTUAL,MWD-TAC,Total Actual Hourly Integrated Load,SYS_FCST_ACT_MW,3.3,130,ACTUAL,329
2019-12-20T12:00:00-00:00,2019-12-20T13:00:00-00:00,0,2019-12-20,5,0,ACTUAL,MWD-TAC,Total Actual Hourly Integrated Load,SYS_FCST_ACT_MW,3.3,128,ACTUAL,329
2019-12-20T08:00:00-00:00,2019-12-20T09:00:00-00:00,0,2019-12-20,1,0,ACTUAL,MWD-TAC,Total Actual Hourly Integrated Load,SYS_FCST_ACT_MW,3.3,123,ACTUAL,329
2019-12-20T21:00:00-00:00,2019-12-20T22:00:00-00:00,0,2019-12-20,14,0,ACTUAL,MWD-TAC,Total Actual Hourly Integrated Load,SYS_FCST_ACT_MW,3.3,118,ACTUAL,329
2019-12-20T22:00:00-00:00,2019-12-20T23:00:00-00:00,0,2019-12-20,15,0,ACTUAL,MWD-TAC,Total Actual Hourly Integrated Load,SYS_FCST_ACT_MW,3.3,137,ACTUAL,329
2019-12-21T02:00:00-00:00,2019-12-21T03:00:00-00:00,0,2019-12-20,19,0,ACTUAL,MWD-TAC,Total Actual Hourly Integrated Load,SYS_FCST_ACT_MW,3.3,130,ACTUAL,329
2019-12-21T03:00:00-00:00,2019-12-21T04:00:00-00:00,0,2019-12-20,20,0,ACTUAL,MWD-TAC,Total Actual Hourly Integrated Load,SYS_FCST_ACT_MW,3.3,134,ACTUAL,329
2019-12-21T07:00:00-00:00,2019-12-21T08:00:00-00:00,0,2019-12-20,24,0,ACTUAL,MWD-TAC,Total Actual Hourly Integrated Load,SYS_FCST_ACT_MW,3.3,142,ACTUAL,329
2019-12-20T10:00:00-00:00,2019-12-20T11:00:00-00:00,0,2019-12-20,3,0,ACTUAL,MWD-TAC,Total Actual Hourly Integrated Load,SYS_FCST_ACT_MW,3.3,128,ACTUAL,329
2019-12-21T01:00:00-00:00,2019-12-21T02:00:00-00:00,0,2019-12-20,18,0,ACTUAL,MWD-TAC,Total Actual Hourly Integrated Load,SYS_FCST_ACT_MW,3.3,128,ACTUAL,329
2019-12-20T23:00:00-00:00,2019-12-21T00:00:00-00:00,0,2019-12-20,16,0,ACTUAL,MWD-TAC,Total Actual Hourly Integrated Load,SYS_FCST_ACT_MW,3.3,133,ACTUAL,329
2019-12-20T20:00:00-00:00,2019-12-20T21:00:00-00:00,0,2019-12-20,13,0,ACTUAL,MWD-TAC,Total Actual Hourly Integrated Load,SYS_FCST_ACT_MW,3.3,115,ACTUAL,329
2019-12-20T15:00:00-00:00,2019-12-20T16:00:00-00:00,0,2019-12-20,8,0,ACTUAL,MWD-TAC,Total Actual Hourly Integrated Load,SYS_FCST_ACT_MW,3.3,129,ACTUAL,329
2019-12-20T17:00:00-00:00,2019-12-20T18:00:00-00:00,0,2019-12-20,10,0,ACTUAL,MWD-TAC,Total Actual Hourly Integrated Load,SYS_FCST_ACT_MW,3.3,125,ACTUAL,329
2019-12-20T19:00:00-00:00,2019-12-20T20:00:00-00:00,0,2019-12-20,12,0,ACTUAL,MWD-TAC,Total Actual Hourly Integrated Load,SYS_FCST_ACT_MW,3.3,113,ACTUAL,329
2019-12-20T09:00:00-00:00,2019-12-20T10:00:00-00:00,0,2019-12-20,2,0,ACTUAL,MWD-TAC,Total Actual Hourly Integrated Load,SYS_FCST_ACT_MW,3.3,127,ACTUAL,329
2019-12-20T13:00:00-00:00,2019-12-20T14:00:00-00:00,0,2019-12-20,6,0,ACTUAL,MWD-TAC,Total Actual Hourly Integrated Load,SYS_FCST_ACT_MW,3.3,128,ACTUAL,329
2019-12-21T05:00:00-00:00,2019-12-21T06:00:00-00:00,0,2019-12-20,22,0,ACTUAL,MWD-TAC,Total Actual Hourly Integrated Load,SYS_FCST_ACT_MW,3.3,134,ACTUAL,329
2019-12-20T16:00:00-00:00,2019-12-20T17:00:00-00:00,0,2019-12-20,9,0,ACTUAL,NEVP,Total Actual Hourly Integrated Load,SYS_FCST_ACT_MW,3.8,4081,ACTUAL,330
2019-12-20T22:00:00-00:00,2019-12-20T23:00:00-00:00,0,2019-12-20,15,0,ACTUAL,NEVP,Total Actual Hourly Integrated Load,SYS_FCST_ACT_MW,3.8,3802,ACTUAL,330
2019-12-20T13:00:00-00:00,2019-12-20T14:00:00-00:00,0,2019-12-20,6,0,ACTUAL,NEVP,Total Actual Hourly Integrated Load,SYS_FCST_ACT_MW,3.8,3970,ACTUAL,330
2019-12-20T15:00:00-00:00,2019-12-20T16:00:00-00:00,0,2019-12-20,8,0,ACTUAL,NEVP,Total Actual Hourly Integrated Load,SYS_FCST_ACT_MW,3.8,4177,ACTUAL,330
2019-12-21T07:00:00-00:00,2019-12-21T08:00:00-00:00,0,2019-12-20,24,0,ACTUAL,NEVP,Total Actual Hourly Integrated Load,SYS_FCST_ACT_MW,3.8,3794,ACTUAL,330
2019-12-20T09:00:00-00:00,2019-12-20T10:00:00-00:00,0,2019-12-20,2,0,ACTUAL,NEVP,Total Actual Hourly Integrated Load,SYS_FCST_ACT_MW,3.8,3705,ACTUAL,330
2019-12-20T18:00:00-00:00,2019-12-20T19:00:00-00:00,0,2019-12-20,11,0,ACTUAL,NEVP,Total Actual Hourly Integrated Load,SYS_FCST_ACT_MW,3.8,3884,ACTUAL,330
2019-12-20T14:00:00-00:00,2019-12-20T15:00:00-00:00,0,2019-12-20,7,0,ACTUAL,NEVP,Total Actual Hourly Integrated Load,SYS_FCST_ACT_MW,3.8,4180,ACTUAL,330
2019-12-20T21:00:00-00:00,2019-12-20T22:00:00-00:00,0,2019-12-20,14,0,ACTUAL,NEVP,Total Actual Hourly Integrated Load,SYS_FCST_ACT_MW,3.8,3766,ACTUAL,330
2019-12-21T04:00:00-00:00,2019-12-21T05:00:00-00:00,0,2019-12-20,21,0,ACTUAL,NEVP,Total Actual Hourly Integrated Load,SYS_FCST_ACT_MW,3.8,4225,ACTUAL,330
2019-12-21T00:00:00-00:00,2019-12-21T01:00:00-00:00,0,2019-12-20,17,0,ACTUAL,NEVP,Total Actual Hourly Integrated Load,SYS_FCST_ACT_MW,3.8,4138,ACTUAL,330
2019-12-20T20:00:00-00:00,2019-12-20T21:00:00-00:00,0,2019-12-20,13,0,ACTUAL,NEVP,Total Actual Hourly Integrated Load,SYS_FCST_ACT_MW,3.8,3728,ACTUAL,330
2019-12-21T01:00:00-00:00,2019-12-21T02:00:00-00:00,0,2019-12-20,18,0,ACTUAL,NEVP,Total Actual Hourly Integrated Load,SYS_FCST_ACT_MW,3.8,4321,ACTUAL,330
2019-12-20T19:00:00-00:00,2019-12-20T20:00:00-00:00,0,2019-12-20,12,0,ACTUAL,NEVP,Total Actual Hourly Integrated Load,SYS_FCST_ACT_MW,3.8,3792,ACTUAL,330
2019-12-20T23:00:00-00:00,2019-12-21T00:00:00-00:00,0,2019-12-20,16,0,ACTUAL,NEVP,Total Actual Hourly Integrated Load,SYS_FCST_ACT_MW,3.8,3866,ACTUAL,330
2019-12-21T02:00:00-00:00,2019-12-21T03:00:00-00:00,0,2019-12-20,19,0,ACTUAL,NEVP,Total Actual Hourly Integrated Load,SYS_FCST_ACT_MW,3.8,4311,ACTUAL,330
2019-12-21T03:00:00-00:00,2019-12-21T04:00:00-00:00,0,2019-12-20,20,0,ACTUAL,NEVP,Total Actual Hourly Integrated Load,SYS_FCST_ACT_MW,3.8,4280,ACTUAL,330
2019-12-21T05:00:00-00:00,2019-12-21T06:00:00-00:00,0,2019-12-20,22,0,ACTUAL,NEVP,Total Actual Hourly Integrated Load,SYS_FCST_ACT_MW,3.8,4270,ACTUAL,330
2019-12-21T06:00:00-00:00,2019-12-21T07:00:00-00:00,0,2019-12-20,23,0,ACTUAL,NEVP,Total Actual Hourly Integrated Load,SYS_FCST_ACT_MW,3.8,3972,ACTUAL,330
2019-12-20T08:00:00-00:00,2019-12-20T09:00:00-00:00,0,2019-12-20,1,0,ACTUAL,NEVP,Total Actual Hourly Integrated Load,SYS_FCST_ACT_MW,3.8,3766,ACTUAL,330
2019-12-20T10:00:00-00:00,2019-12-20T11:00:00-00:00,0,2019-12-20,3,0,ACTUAL,NEVP,Total Actual Hourly Integrated Load,SYS_FCST_ACT_MW,3.8,3661,ACTUAL,330
2019-12-20T11:00:00-00:00,2019-12-20T12:00:00-00:00,0,2019-12-20,4,0,ACTUAL,NEVP,Total Actual Hourly Integrated Load,SYS_FCST_ACT_MW,3.8,3682,ACTUAL,330
2019-12-20T12:00:00-00:00,2019-12-20T13:00:00-00:00,0,2019-12-20,5,0,ACTUAL,NEVP,Total Actual Hourly Integrated Load,SYS_FCST_ACT_MW,3.8,3780,ACTUAL,330
2019-12-20T17:00:00-00:00,2019-12-20T18:00:00-00:00,0,2019-12-20,10,0,ACTUAL,NEVP,Total Actual Hourly Integrated Load,SYS_FCST_ACT_MW,3.8,3986,ACTUAL,330
2019-12-20T09:00:00-00:00,2019-12-20T10:00:00-00:00,0,2019-12-20,2,0,ACTUAL,PACE,Total Actual Hourly Integrated Load,SYS_FCST_ACT_MW,3.8,5039,ACTUAL,331
2019-12-21T05:00:00-00:00,2019-12-21T06:00:00-00:00,0,2019-12-20,22,0,ACTUAL,PACE,Total Actual Hourly Integrated Load,SYS_FCST_ACT_MW,3.8,5921,ACTUAL,331
2019-12-20T13:00:00-00:00,2019-12-20T14:00:00-00:00,0,2019-12-20,6,0,ACTUAL,PACE,Total Actual Hourly Integrated Load,SYS_FCST_ACT_MW,3.8,5693,ACTUAL,331
2019-12-20T22:00:00-00:00,2019-12-20T23:00:00-00:00,0,2019-12-20,15,0,ACTUAL,PACE,Total Actual Hourly Integrated Load,SYS_FCST_ACT_MW,3.8,5601,ACTUAL,331
2019-12-21T04:00:00-00:00,2019-12-21T05:00:00-00:00,0,2019-12-20,21,0,ACTUAL,PACE,Total Actual Hourly Integrated Load,SYS_FCST_ACT_MW,3.8,5802,ACTUAL,331
2019-12-20T23:00:00-00:00,2019-12-21T00:00:00-00:00,0,2019-12-20,16,0,ACTUAL,PACE,Total Actual Hourly Integrated Load,SYS_FCST_ACT_MW,3.8,5760,ACTUAL,331
2019-12-20T21:00:00-00:00,2019-12-20T22:00:00-00:00,0,2019-12-20,14,0,ACTUAL,PACE,Total Actual Hourly Integrated Load,SYS_FCST_ACT_MW,3.8,5556,ACTUAL,331
2019-12-20T17:00:00-00:00,2019-12-20T18:00:00-00:00,0,2019-12-20,10,0,ACTUAL,PACE,Total Actual Hourly Integrated Load,SYS_FCST_ACT_MW,3.8,5847,ACTUAL,331
2019-12-20T15:00:00-00:00,2019-12-20T16:00:00-00:00,0,2019-12-20,8,0,ACTUAL,PACE,Total Actual Hourly Integrated Load,SYS_FCST_ACT_MW,3.8,6028,ACTUAL,331
2019-12-20T08:00:00-00:00,2019-12-20T09:00:00-00:00,0,2019-12-20,1,0,ACTUAL,PACE,Total Actual Hourly Integrated Load,SYS_FCST_ACT_MW,3.8,5068,ACTUAL,331
2019-12-21T07:00:00-00:00,2019-12-21T08:00:00-00:00,0,2019-12-20,24,0,ACTUAL,PACE,Total Actual Hourly Integrated Load,SYS_FCST_ACT_MW,3.8,5168,ACTUAL,331
2019-12-21T03:00:00-00:00,2019-12-21T04:00:00-00:00,0,2019-12-20,20,0,ACTUAL,PACE,Total Actual Hourly Integrated Load,SYS_FCST_ACT_MW,3.8,5938,ACTUAL,331
2019-12-21T02:00:00-00:00,2019-12-21T03:00:00-00:00,0,2019-12-20,19,0,ACTUAL,PACE,Total Actual Hourly Integrated Load,SYS_FCST_ACT_MW,3.8,6002,ACTUAL,331
2019-12-20T12:00:00-00:00,2019-12-20T13:00:00-00:00,0,2019-12-20,5,0,ACTUAL,PACE,Total Actual Hourly Integrated Load,SYS_FCST_ACT_MW,3.8,5347,ACTUAL,331
2019-12-21T00:00:00-00:00,2019-12-21T01:00:00-00:00,0,2019-12-20,17,0,ACTUAL,PACE,Total Actual Hourly Integrated Load,SYS_FCST_ACT_MW,3.8,6051,ACTUAL,331
2019-12-20T11:00:00-00:00,2019-12-20T12:00:00-00:00,0,2019-12-20,4,0,ACTUAL,PACE,Total Actual Hourly Integrated Load,SYS_FCST_ACT_MW,3.8,5127,ACTUAL,331
2019-12-21T06:00:00-00:00,2019-12-21T07:00:00-00:00,0,2019-12-20,23,0,ACTUAL,PACE,Total Actual Hourly Integrated Load,SYS_FCST_ACT_MW,3.8,5345,ACTUAL,331
2019-12-21T01:00:00-00:00,2019-12-21T02:00:00-00:00,0,2019-12-20,18,0,ACTUAL,PACE,Total Actual Hourly Integrated Load,SYS_FCST_ACT_MW,3.8,6060,ACTUAL,331
2019-12-20T18:00:00-00:00,2019-12-20T19:00:00-00:00,0,2019-12-20,11,0,ACTUAL,PACE,Total Actual Hourly Integrated Load,SYS_FCST_ACT_MW,3.8,5744,ACTUAL,331
2019-12-20T14:00:00-00:00,2019-12-20T15:00:00-00:00,0,2019-12-20,7,0,ACTUAL,PACE,Total Actual Hourly Integrated Load,SYS_FCST_ACT_MW,3.8,6016,ACTUAL,331
2019-12-20T10:00:00-00:00,2019-12-20T11:00:00-00:00,0,2019-12-20,3,0,ACTUAL,PACE,Total Actual Hourly Integrated Load,SYS_FCST_ACT_MW,3.8,5042,ACTUAL,331
2019-12-20T20:00:00-00:00,2019-12-20T21:00:00-00:00,0,2019-12-20,13,0,ACTUAL,PACE,Total Actual Hourly Integrated Load,SYS_FCST_ACT_MW,3.8,5527,ACTUAL,331
2019-12-20T19:00:00-00:00,2019-12-20T20:00:00-00:00,0,2019-12-20,12,0,ACTUAL,PACE,Total Actual Hourly Integrated Load,SYS_FCST_ACT_MW,3.8,5606,ACTUAL,331
2019-12-20T16:00:00-00:00,2019-12-20T17:00:00-00:00,0,2019-12-20,9,0,ACTUAL,PACE,Total Actual Hourly Integrated Load,SYS_FCST_ACT_MW,3.8,5944,ACTUAL,331
2019-12-21T03:00:00-00:00,2019-12-21T04:00:00-00:00,0,2019-12-20,20,0,ACTUAL,PACW,Total Actual Hourly Integrated Load,SYS_FCST_ACT_MW,3.8,2541,ACTUAL,332
2019-12-20T15:00:00-00:00,2019-12-20T16:00:00-00:00,0,2019-12-20,8,0,ACTUAL,PACW,Total Actual Hourly Integrated Load,SYS_FCST_ACT_MW,3.8,2793,ACTUAL,332
2019-12-21T07:00:00-00:00,2019-12-21T08:00:00-00:00,0,2019-12-20,24,0,ACTUAL,PACW,Total Actual Hourly Integrated Load,SYS_FCST_ACT_MW,3.8,2041,ACTUAL,332
2019-12-20T17:00:00-00:00,2019-12-20T18:00:00-00:00,0,2019-12-20,10,0,ACTUAL,PACW,Total Actual Hourly Integrated Load,SYS_FCST_ACT_MW,3.8,2721,ACTUAL,332
2019-12-20T10:00:00-00:00,2019-12-20T11:00:00-00:00,0,2019-12-20,3,0,ACTUAL,PACW,Total Actual Hourly Integrated Load,SYS_FCST_ACT_MW,3.8,1997,ACTUAL,332
2019-12-21T00:00:00-00:00,2019-12-21T01:00:00-00:00,0,2019-12-20,17,0,ACTUAL,PACW,Total Actual Hourly Integrated Load,SYS_FCST_ACT_MW,3.8,2601,ACTUAL,332
2019-12-21T02:00:00-00:00,2019-12-21T03:00:00-00:00,0,2019-12-20,19,0,ACTUAL,PACW,Total Actual Hourly Integrated Load,SYS_FCST_ACT_MW,3.8,2616,ACTUAL,332
2019-12-21T04:00:00-00:00,2019-12-21T05:00:00-00:00,0,2019-12-20,21,0,ACTUAL,PACW,Total Actual Hourly Integrated Load,SYS_FCST_ACT_MW,3.8,2468,ACTUAL,332
2019-12-20T20:00:00-00:00,2019-12-20T21:00:00-00:00,0,2019-12-20,13,0,ACTUAL,PACW,Total Actual Hourly Integrated Load,SYS_FCST_ACT_MW,3.8,2508,ACTUAL,332
2019-12-20T18:00:00-00:00,2019-12-20T19:00:00-00:00,0,2019-12-20,11,0,ACTUAL,PACW,Total Actual Hourly Integrated Load,SYS_FCST_ACT_MW,3.8,2675,ACTUAL,332
2019-12-20T12:00:00-00:00,2019-12-20T13:00:00-00:00,0,2019-12-20,5,0,ACTUAL,PACW,Total Actual Hourly Integrated Load,SYS_FCST_ACT_MW,3.8,2085,ACTUAL,332
2019-12-20T08:00:00-00:00,2019-12-20T09:00:00-00:00,0,2019-12-20,1,0,ACTUAL,PACW,Total Actual Hourly Integrated Load,SYS_FCST_ACT_MW,3.8,2108,ACTUAL,332
2019-12-20T22:00:00-00:00,2019-12-20T23:00:00-00:00,0,2019-12-20,15,0,ACTUAL,PACW,Total Actual Hourly Integrated Load,SYS_FCST_ACT_MW,3.8,2451,ACTUAL,332
2019-12-20T11:00:00-00:00,2019-12-20T12:00:00-00:00,0,2019-12-20,4,0,ACTUAL,PACW,Total Actual Hourly Integrated Load,SYS_FCST_ACT_MW,3.8,1995,ACTUAL,332
2019-12-20T21:00:00-00:00,2019-12-20T22:00:00-00:00,0,2019-12-20,14,0,ACTUAL,PACW,Total Actual Hourly Integrated Load,SYS_FCST_ACT_MW,3.8,2481,ACTUAL,332
2019-12-20T09:00:00-00:00,2019-12-20T10:00:00-00:00,0,2019-12-20,2,0,ACTUAL,PACW,Total Actual Hourly Integrated Load,SYS_FCST_ACT_MW,3.8,2046,ACTUAL,332
2019-12-21T01:00:00-00:00,2019-12-21T02:00:00-00:00,0,2019-12-20,18,0,ACTUAL,PACW,Total Actual Hourly Integrated Load,SYS_FCST_ACT_MW,3.8,2666,ACTUAL,332
2019-12-20T23:00:00-00:00,2019-12-21T00:00:00-00:00,0,2019-12-20,16,0,ACTUAL,PACW,Total Actual Hourly Integrated Load,SYS_FCST_ACT_MW,3.8,2476,ACTUAL,332
2019-12-20T14:00:00-00:00,2019-12-20T15:00:00-00:00,0,2019-12-20,7,0,ACTUAL,PACW,Total Actual Hourly Integrated Load,SYS_FCST_ACT_MW,3.8,2601,ACTUAL,332
2019-12-20T19:00:00-00:00,2019-12-20T20:00:00-00:00,0,2019-12-20,12,0,ACTUAL,PACW,Total Actual Hourly Integrated Load,SYS_FCST_ACT_MW,3.8,2590,ACTUAL,332
2019-12-21T06:00:00-00:00,2019-12-21T07:00:00-00:00,0,2019-12-20,23,0,ACTUAL,PACW,Total Actual Hourly Integrated Load,SYS_FCST_ACT_MW,3.8,2216,ACTUAL,332
2019-12-21T05:00:00-00:00,2019-12-21T06:00:00-00:00,0,2019-12-20,22,0,ACTUAL,PACW,Total Actual Hourly Integrated Load,SYS_FCST_ACT_MW,3.8,2531,ACTUAL,332
2019-12-20T16:00:00-00:00,2019-12-20T17:00:00-00:00,0,2019-12-20,9,0,ACTUAL,PACW,Total Actual Hourly Integrated Load,SYS_FCST_ACT_MW,3.8,2761,ACTUAL,332
2019-12-20T13:00:00-00:00,2019-12-20T14:00:00-00:00,0,2019-12-20,6,0,ACTUAL,PACW,Total Actual Hourly Integrated Load,SYS_FCST_ACT_MW,3.8,2300,ACTUAL,332
2019-12-20T12:00:00-00:00,2019-12-20T13:00:00-00:00,0,2019-12-20,5,0,ACTUAL,PGE,Total Actual Hourly Integrated Load,SYS_FCST_ACT_MW,3.8,1958,ACTUAL,333
2019-12-20T22:00:00-00:00,2019-12-20T23:00:00-00:00,0,2019-12-20,15,0,ACTUAL,PGE,Total Actual Hourly Integrated Load,SYS_FCST_ACT_MW,3.8,2620,ACTUAL,333
2019-12-20T09:00:00-00:00,2019-12-20T10:00:00-00:00,0,2019-12-20,2,0,ACTUAL,PGE,Total Actual Hourly Integrated Load,SYS_FCST_ACT_MW,3.8,1934,ACTUAL,333
2019-12-21T02:00:00-00:00,2019-12-21T03:00:00-00:00,0,2019-12-20,19,0,ACTUAL,PGE,Total Actual Hourly Integrated Load,SYS_FCST_ACT_MW,3.8,2730,ACTUAL,333
2019-12-21T00:00:00-00:00,2019-12-21T01:00:00-00:00,0,2019-12-20,17,0,ACTUAL,PGE,Total Actual Hourly Integrated Load,SYS_FCST_ACT_MW,3.8,2728,ACTUAL,333
2019-12-20T15:00:00-00:00,2019-12-20T16:00:00-00:00,0,2019-12-20,8,0,ACTUAL,PGE,Total Actual Hourly Integrated Load,SYS_FCST_ACT_MW,3.8,2657,ACTUAL,333
2019-12-20T18:00:00-00:00,2019-12-20T19:00:00-00:00,0,2019-12-20,11,0,ACTUAL,PGE,Total Actual Hourly Integrated Load,SYS_FCST_ACT_MW,3.8,2705,ACTUAL,333
2019-12-21T04:00:00-00:00,2019-12-21T05:00:00-00:00,0,2019-12-20,21,0,ACTUAL,PGE,Total Actual Hourly Integrated Load,SYS_FCST_ACT_MW,3.8,2555,ACTUAL,333
2019-12-20T14:00:00-00:00,2019-12-20T15:00:00-00:00,0,2019-12-20,7,0,ACTUAL,PGE,Total Actual Hourly Integrated Load,SYS_FCST_ACT_MW,3.8,2456,ACTUAL,333
2019-12-21T06:00:00-00:00,2019-12-21T07:00:00-00:00,0,2019-12-20,23,0,ACTUAL,PGE,Total Actual Hourly Integrated Load,SYS_FCST_ACT_MW,3.8,2280,ACTUAL,333
2019-12-21T01:00:00-00:00,2019-12-21T02:00:00-00:00,0,2019-12-20,18,0,ACTUAL,PGE,Total Actual Hourly Integrated Load,SYS_FCST_ACT_MW,3.8,2794,ACTUAL,333
2019-12-20T21:00:00-00:00,2019-12-20T22:00:00-00:00,0,2019-12-20,14,0,ACTUAL,PGE,Total Actual Hourly Integrated Load,SYS_FCST_ACT_MW,3.8,2647,ACTUAL,333
2019-12-20T17:00:00-00:00,2019-12-20T18:00:00-00:00,0,2019-12-20,10,0,ACTUAL,PGE,Total Actual Hourly Integrated Load,SYS_FCST_ACT_MW,3.8,2701,ACTUAL,333
2019-12-20T16:00:00-00:00,2019-12-20T17:00:00-00:00,0,2019-12-20,9,0,ACTUAL,PGE,Total Actual Hourly Integrated Load,SYS_FCST_ACT_MW,3.8,2683,ACTUAL,333
2019-12-20T13:00:00-00:00,2019-12-20T14:00:00-00:00,0,2019-12-20,6,0,ACTUAL,PGE,Total Actual Hourly Integrated Load,SYS_FCST_ACT_MW,3.8,2159,ACTUAL,333
2019-12-21T07:00:00-00:00,2019-12-21T08:00:00-00:00,0,2019-12-20,24,0,ACTUAL,PGE,Total Actual Hourly Integrated Load,SYS_FCST_ACT_MW,3.8,2075,ACTUAL,333
2019-12-21T05:00:00-00:00,2019-12-21T06:00:00-00:00,0,2019-12-20,22,0,ACTUAL,PGE,Total Actual Hourly Integrated Load,SYS_FCST_ACT_MW,3.8,2630,ACTUAL,333
2019-12-21T03:00:00-00:00,2019-12-21T04:00:00-00:00,0,2019-12-20,20,0,ACTUAL,PGE,Total Actual Hourly Integrated Load,SYS_FCST_ACT_MW,3.8,2641,ACTUAL,333
2019-12-20T20:00:00-00:00,2019-12-20T21:00:00-00:00,0,2019-12-20,13,0,ACTUAL,PGE,Total Actual Hourly Integrated Load,SYS_FCST_ACT_MW,3.8,2670,ACTUAL,333
2019-12-20T19:00:00-00:00,2019-12-20T20:00:00-00:00,0,2019-12-20,12,0,ACTUAL,PGE,Total Actual Hourly Integrated Load,SYS_FCST_ACT_MW,3.8,2683,ACTUAL,333
2019-12-20T10:00:00-00:00,2019-12-20T11:00:00-00:00,0,2019-12-20,3,0,ACTUAL,PGE,Total Actual Hourly Integrated Load,SYS_FCST_ACT_MW,3.8,1881,ACTUAL,333
2019-12-20T08:00:00-00:00,2019-12-20T09:00:00-00:00,0,2019-12-20,1,0,ACTUAL,PGE,Total Actual Hourly Integrated Load,SYS_FCST_ACT_MW,3.8,2022,ACTUAL,333
2019-12-20T23:00:00-00:00,2019-12-21T00:00:00-00:00,0,2019-12-20,16,0,ACTUAL,PGE,Total Actual Hourly Integrated Load,SYS_FCST_ACT_MW,3.8,2630,ACTUAL,333
2019-12-20T11:00:00-00:00,2019-12-20T12:00:00-00:00,0,2019-12-20,4,0,ACTUAL,PGE,Total Actual Hourly Integrated Load,SYS_FCST_ACT_MW,3.8,1881,ACTUAL,333
2019-12-21T00:00:00-00:00,2019-12-21T01:00:00-00:00,0,2019-12-20,17,0,ACTUAL,PGE-TAC,Total Actual Hourly Integrated Load,SYS_FCST_ACT_MW,3.1,12239,ACTUAL,334
2019-12-20T08:00:00-00:00,2019-12-20T09:00:00-00:00,0,2019-12-20,1,0,ACTUAL,PGE-TAC,Total Actual Hourly Integrated Load,SYS_FCST_ACT_MW,3.1,10038,ACTUAL,334
2019-12-21T03:00:00-00:00,2019-12-21T04:00:00-00:00,0,2019-12-20,20,0,ACTUAL,PGE-TAC,Total Actual Hourly Integrated Load,SYS_FCST_ACT_MW,3.1,12775,ACTUAL,334
2019-12-20T20:00:00-00:00,2019-12-20T21:00:00-00:00,0,2019-12-20,13,0,ACTUAL,PGE-TAC,Total Actual Hourly Integrated Load,SYS_FCST_ACT_MW,3.1,10813,ACTUAL,334
2019-12-20T22:00:00-00:00,2019-12-20T23:00:00-00:00,0,2019-12-20,15,0,ACTUAL,PGE-TAC,Total Actual Hourly Integrated Load,SYS_FCST_ACT_MW,3.1,11082,ACTUAL,334
2019-12-20T13:00:00-00:00,2019-12-20T14:00:00-00:00,0,2019-12-20,6,0,ACTUAL,PGE-TAC,Total Actual Hourly Integrated Load,SYS_FCST_ACT_MW,3.1,10414,ACTUAL,334
2019-12-20T10:00:00-00:00,2019-12-20T11:00:00-00:00,0,2019-12-20,3,0,ACTUAL,PGE-TAC,Total Actual Hourly Integrated Load,SYS_FCST_ACT_MW,3.1,9447,ACTUAL,334
2019-12-21T05:00:00-00:00,2019-12-21T06:00:00-00:00,0,2019-12-20,22,0,ACTUAL,PGE-TAC,Total Actual Hourly Integrated Load,SYS_FCST_ACT_MW,3.1,12766,ACTUAL,334
2019-12-20T18:00:00-00:00,2019-12-20T19:00:00-00:00,0,2019-12-20,11,0,ACTUAL,PGE-TAC,Total Actual Hourly Integrated Load,SYS_FCST_ACT_MW,3.1,11032,ACTUAL,334
2019-12-20T16:00:00-00:00,2019-12-20T17:00:00-00:00,0,2019-12-20,9,0,ACTUAL,PGE-TAC,Total Actual Hourly Integrated Load,SYS_FCST_ACT_MW,3.1,11974,ACTUAL,334
2019-12-20T11:00:00-00:00,2019-12-20T12:00:00-00:00,0,2019-12-20,4,0,ACTUAL,PGE-TAC,Total Actual Hourly Integrated Load,SYS_FCST_ACT_MW,3.1,9422,ACTUAL,334
2019-12-21T02:00:00-00:00,2019-12-21T03:00:00-00:00,0,2019-12-20,19,0,ACTUAL,PGE-TAC,Total Actual Hourly Integrated Load,SYS_FCST_ACT_MW,3.1,13039,ACTUAL,334
2019-12-20T12:00:00-00:00,2019-12-20T13:00:00-00:00,0,2019-12-20,5,0,ACTUAL,PGE-TAC,Total Actual Hourly Integrated Load,SYS_FCST_ACT_MW,3.1,9712,ACTUAL,334
2019-12-21T04:00:00-00:00,2019-12-21T05:00:00-00:00,0,2019-12-20,21,0,ACTUAL,PGE-TAC,Total Actual Hourly Integrated Load,SYS_FCST_ACT_MW,3.1,12465,ACTUAL,334
2019-12-20T23:00:00-00:00,2019-12-21T00:00:00-00:00,0,2019-12-20,16,0,ACTUAL,PGE-TAC,Total Actual Hourly Integrated Load,SYS_FCST_ACT_MW,3.1,11461,ACTUAL,334
2019-12-20T21:00:00-00:00,2019-12-20T22:00:00-00:00,0,2019-12-20,14,0,ACTUAL,PGE-TAC,Total Actual Hourly Integrated Load,SYS_FCST_ACT_MW,3.1,10992,ACTUAL,334
2019-12-20T14:00:00-00:00,2019-12-20T15:00:00-00:00,0,2019-12-20,7,0,ACTUAL,PGE-TAC,Total Actual Hourly Integrated Load,SYS_FCST_ACT_MW,3.1,11550,ACTUAL,334
2019-12-21T06:00:00-00:00,2019-12-21T07:00:00-00:00,0,2019-12-20,23,0,ACTUAL,PGE-TAC,Total Actual Hourly Integrated Load,SYS_FCST_ACT_MW,3.1,11334,ACTUAL,334
2019-12-20T17:00:00-00:00,2019-12-20T18:00:00-00:00,0,2019-12-20,10,0,ACTUAL,PGE-TAC,Total Actual Hourly Integrated Load,SYS_FCST_ACT_MW,3.1,11526,ACTUAL,334
2019-12-20T19:00:00-00:00,2019-12-20T20:00:00-00:00,0,2019-12-20,12,0,ACTUAL,PGE-TAC,Total Actual Hourly Integrated Load,SYS_FCST_ACT_MW,3.1,10675,ACTUAL,334
2019-12-20T15:00:00-00:00,2019-12-20T16:00:00-00:00,0,2019-12-20,8,0,ACTUAL,PGE-TAC,Total Actual Hourly Integrated Load,SYS_FCST_ACT_MW,3.1,12245,ACTUAL,334
2019-12-20T09:00:00-00:00,2019-12-20T10:00:00-00:00,0,2019-12-20,2,0,ACTUAL,PGE-TAC,Total Actual Hourly Integrated Load,SYS_FCST_ACT_MW,3.1,9661,ACTUAL,334
2019-12-21T01:00:00-00:00,2019-12-21T02:00:00-00:00,0,2019-12-20,18,0,ACTUAL,PGE-TAC,Total Actual Hourly Integrated Load,SYS_FCST_ACT_MW,3.1,13083,ACTUAL,334
2019-12-21T07:00:00-00:00,2019-12-21T08:00:00-00:00,0,2019-12-20,24,0,ACTUAL,PGE-TAC,Total Actual Hourly Integrated Load,SYS_FCST_ACT_MW,3.1,12268,ACTUAL,334
2019-12-21T06:00:00-00:00,2019-12-21T07:00:00-00:00,0,2019-12-20,23,0,ACTUAL,PSEI,Total Actual Hourly Integrated Load,SYS_FCST_ACT_MW,3.8,2899,ACTUAL,335
2019-12-20T10:00:00-00:00,2019-12-20T11:00:00-00:00,0,2019-12-20,3,0,ACTUAL,PSEI,Total Actual Hourly Integrated Load,SYS_FCST_ACT_MW,3.8,2346,ACTUAL,335
2019-12-20T11:00:00-00:00,2019-12-20T12:00:00-00:00,0,2019-12-20,4,0,ACTUAL,PSEI,Total Actual Hourly Integrated Load,SYS_FCST_ACT_MW,3.8,2366,ACTUAL,335
2019-12-21T02:00:00-00:00,2019-12-21T03:00:00-00:00,0,2019-12-20,19,0,ACTUAL,PSEI,Total Actual Hourly Integrated Load,SYS_FCST_ACT_MW,3.8,3537,ACTUAL,335
2019-12-20T13:00:00-00:00,2019-12-20T14:00:00-00:00,0,2019-12-20,6,0,ACTUAL,PSEI,Total Actual Hourly Integrated Load,SYS_FCST_ACT_MW,3.8,2747,ACTUAL,335
2019-12-20T15:00:00-00:00,2019-12-20T16:00:00-00:00,0,2019-12-20,8,0,ACTUAL,PSEI,Total Actual Hourly Integrated Load,SYS_FCST_ACT_MW,3.8,3323,ACTUAL,335
2019-12-20T08:00:00-00:00,2019-12-20T09:00:00-00:00,0,2019-12-20,1,0,ACTUAL,PSEI,Total Actual Hourly Integrated Load,SYS_FCST_ACT_MW,3.8,2504,ACTUAL,335
2019-12-20T17:00:00-00:00,2019-12-20T18:00:00-00:00,0,2019-12-20,10,0,ACTUAL,PSEI,Total Actual Hourly Integrated Load,SYS_FCST_ACT_MW,3.8,3366,ACTUAL,335
2019-12-21T01:00:00-00:00,2019-12-21T02:00:00-00:00,0,2019-12-20,18,0,ACTUAL,PSEI,Total Actual Hourly Integrated Load,SYS_FCST_ACT_MW,3.8,3626,ACTUAL,335
2019-12-20T09:00:00-00:00,2019-12-20T10:00:00-00:00,0,2019-12-20,2,0,ACTUAL,PSEI,Total Actual Hourly Integrated Load,SYS_FCST_ACT_MW,3.8,2397,ACTUAL,335
2019-12-20T12:00:00-00:00,2019-12-20T13:00:00-00:00,0,2019-12-20,5,0,ACTUAL,PSEI,Total Actual Hourly Integrated Load,SYS_FCST_ACT_MW,3.8,2486,ACTUAL,335
2019-12-20T16:00:00-00:00,2019-12-20T17:00:00-00:00,0,2019-12-20,9,0,ACTUAL,PSEI,Total Actual Hourly Integrated Load,SYS_FCST_ACT_MW,3.8,3358,ACTUAL,335
2019-12-20T20:00:00-00:00,2019-12-20T21:00:00-00:00,0,2019-12-20,13,0,ACTUAL,PSEI,Total Actual Hourly Integrated Load,SYS_FCST_ACT_MW,3.8,3349,ACTUAL,335
2019-12-20T21:00:00-00:00,2019-12-20T22:00:00-00:00,0,2019-12-20,14,0,ACTUAL,PSEI,Total Actual Hourly Integrated Load,SYS_FCST_ACT_MW,3.8,3329,ACTUAL,335
2019-12-20T22:00:00-00:00,2019-12-20T23:00:00-00:00,0,2019-12-20,15,0,ACTUAL,PSEI,Total Actual Hourly Integrated Load,SYS_FCST_ACT_MW,3.8,3335,ACTUAL,335
2019-12-21T03:00:00-00:00,2019-12-21T04:00:00-00:00,0,2019-12-20,20,0,ACTUAL,PSEI,Total Actual Hourly Integrated Load,SYS_FCST_ACT_MW,3.8,3417,ACTUAL,335
2019-12-21T05:00:00-00:00,2019-12-21T06:00:00-00:00,0,2019-12-20,22,0,ACTUAL,PSEI,Total Actual Hourly Integrated Load,SYS_FCST_ACT_MW,3.8,3401,ACTUAL,335
2019-12-20T18:00:00-00:00,2019-12-20T19:00:00-00:00,0,2019-12-20,11,0,ACTUAL,PSEI,Total Actual Hourly Integrated Load,SYS_FCST_ACT_MW,3.8,3372,ACTUAL,335
2019-12-20T19:00:00-00:00,2019-12-20T20:00:00-00:00,0,2019-12-20,12,0,ACTUAL,PSEI,Total Actual Hourly Integrated Load,SYS_FCST_ACT_MW,3.8,3363,ACTUAL,335
2019-12-21T00:00:00-00:00,2019-12-21T01:00:00-00:00,0,2019-12-20,17,0,ACTUAL,PSEI,Total Actual Hourly Integrated Load,SYS_FCST_ACT_MW,3.8,3565,ACTUAL,335
2019-12-21T04:00:00-00:00,2019-12-21T05:00:00-00:00,0,2019-12-20,21,0,ACTUAL,PSEI,Total Actual Hourly Integrated Load,SYS_FCST_ACT_MW,3.8,3294,ACTUAL,335
2019-12-21T07:00:00-00:00,2019-12-21T08:00:00-00:00,0,2019-12-20,24,0,ACTUAL,PSEI,Total Actual Hourly Integrated Load,SYS_FCST_ACT_MW,3.8,2625,ACTUAL,335
2019-12-20T14:00:00-00:00,2019-12-20T15:00:00-00:00,0,2019-12-20,7,0,ACTUAL,PSEI,Total Actual Hourly Integrated Load,SYS_FCST_ACT_MW,3.8,3093,ACTUAL,335
2019-12-20T23:00:00-00:00,2019-12-21T00:00:00-00:00,0,2019-12-20,16,0,ACTUAL,PSEI,Total Actual Hourly Integrated Load,SYS_FCST_ACT_MW,3.8,3402,ACTUAL,335
2019-12-21T02:00:00-00:00,2019-12-21T03:00:00-00:00,0,2019-12-20,19,0,ACTUAL,SCE-TAC,Total Actual Hourly Integrated Load,SYS_FCST_ACT_MW,3.2,12676,ACTUAL,336
2019-12-21T06:00:00-00:00,2019-12-21T07:00:00-00:00,0,2019-12-20,23,0,ACTUAL,SCE-TAC,Total Actual Hourly Integrated Load,SYS_FCST_ACT_MW,3.2,11260,ACTUAL,336
2019-12-20T21:00:00-00:00,2019-12-20T22:00:00-00:00,0,2019-12-20,14,0,ACTUAL,SCE-TAC,Total Actual Hourly Integrated Load,SYS_FCST_ACT_MW,3.2,10702,ACTUAL,336
2019-12-20T19:00:00-00:00,2019-12-20T20:00:00-00:00,0,2019-12-20,12,0,ACTUAL,SCE-TAC,Total Actual Hourly Integrated Load,SYS_FCST_ACT_MW,3.2,10830,ACTUAL,336
2019-12-20T18:00:00-00:00,2019-12-20T19:00:00-00:00,0,2019-12-20,11,0,ACTUAL,SCE-TAC,Total Actual Hourly Integrated Load,SYS_FCST_ACT_MW,3.2,11109,ACTUAL,336
2019-12-20T17:00:00-00:00,2019-12-20T18:00:00-00:00,0,2019-12-20,10,0,ACTUAL,SCE-TAC,Total Actual Hourly Integrated Load,SYS_FCST_ACT_MW,3.2,11416,ACTUAL,336
2019-12-20T12:00:00-00:00,2019-12-20T13:00:00-00:00,0,2019-12-20,5,0,ACTUAL,SCE-TAC,Total Actual Hourly Integrated Load,SYS_FCST_ACT_MW,3.2,9995,ACTUAL,336
2019-12-21T05:00:00-00:00,2019-12-21T06:00:00-00:00,0,2019-12-20,22,0,ACTUAL,SCE-TAC,Total Actual Hourly Integrated Load,SYS_FCST_ACT_MW,3.2,12427,ACTUAL,336
2019-12-20T20:00:00-00:00,2019-12-20T21:00:00-00:00,0,2019-12-20,13,0,ACTUAL,SCE-TAC,Total Actual Hourly Integrated Load,SYS_FCST_ACT_MW,3.2,10671,ACTUAL,336
2019-12-21T00:00:00-00:00,2019-12-21T01:00:00-00:00,0,2019-12-20,17,0,ACTUAL,SCE-TAC,Total Actual Hourly Integrated Load,SYS_FCST_ACT_MW,3.2,11873,ACTUAL,336
2019-12-20T23:00:00-00:00,2019-12-21T00:00:00-00:00,0,2019-12-20,16,0,ACTUAL,SCE-TAC,Total Actual Hourly Integrated Load,SYS_FCST_ACT_MW,3.2,11152,ACTUAL,336
2019-12-20T10:00:00-00:00,2019-12-20T11:00:00-00:00,0,2019-12-20,3,0,ACTUAL,SCE-TAC,Total Actual Hourly Integrated Load,SYS_FCST_ACT_MW,3.2,9749,ACTUAL,336
2019-12-21T04:00:00-00:00,2019-12-21T05:00:00-00:00,0,2019-12-20,21,0,ACTUAL,SCE-TAC,Total Actual Hourly Integrated Load,SYS_FCST_ACT_MW,3.2,12192,ACTUAL,336
2019-12-20T15:00:00-00:00,2019-12-20T16:00:00-00:00,0,2019-12-20,8,0,ACTUAL,SCE-TAC,Total Actual Hourly Integrated Load,SYS_FCST_ACT_MW,3.2,12014,ACTUAL,336
2019-12-21T07:00:00-00:00,2019-12-21T08:00:00-00:00,0,2019-12-20,24,0,ACTUAL,SCE-TAC,Total Actual Hourly Integrated Load,SYS_FCST_ACT_MW,3.2,12087,ACTUAL,336
2019-12-20T22:00:00-00:00,2019-12-20T23:00:00-00:00,0,2019-12-20,15,0,ACTUAL,SCE-TAC,Total Actual Hourly Integrated Load,SYS_FCST_ACT_MW,3.2,10807,ACTUAL,336
2019-12-20T16:00:00-00:00,2019-12-20T17:00:00-00:00,0,2019-12-20,9,0,ACTUAL,SCE-TAC,Total Actual Hourly Integrated Load,SYS_FCST_ACT_MW,3.2,11791,ACTUAL,336
2019-12-20T14:00:00-00:00,2019-12-20T15:00:00-00:00,0,2019-12-20,7,0,ACTUAL,SCE-TAC,Total Actual Hourly Integrated Load,SYS_FCST_ACT_MW,3.2,11700,ACTUAL,336
2019-12-20T13:00:00-00:00,2019-12-20T14:00:00-00:00,0,2019-12-20,6,0,ACTUAL,SCE-TAC,Total Actual Hourly Integrated Load,SYS_FCST_ACT_MW,3.2,10718,ACTUAL,336
2019-12-20T08:00:00-00:00,2019-12-20T09:00:00-00:00,0,2019-12-20,1,0,ACTUAL,SCE-TAC,Total Actual Hourly Integrated Load,SYS_FCST_ACT_MW,3.2,10388,ACTUAL,336
2019-12-21T01:00:00-00:00,2019-12-21T02:00:00-00:00,0,2019-12-20,18,0,ACTUAL,SCE-TAC,Total Actual Hourly Integrated Load,SYS_FCST_ACT_MW,3.2,12737,ACTUAL,336
2019-12-21T03:00:00-00:00,2019-12-21T04:00:00-00:00,0,2019-12-20,20,0,ACTUAL,SCE-TAC,Total Actual Hourly Integrated Load,SYS_FCST_ACT_MW,3.2,12431,ACTUAL,336
2019-12-20T11:00:00-00:00,2019-12-20T12:00:00-00:00,0,2019-12-20,4,0,ACTUAL,SCE-TAC,Total Actual Hourly Integrated Load,SYS_FCST_ACT_MW,3.2,9698,ACTUAL,336
2019-12-20T09:00:00-00:00,2019-12-20T10:00:00-00:00,0,2019-12-20,2,0,ACTUAL,SCE-TAC,Total Actual Hourly Integrated Load,SYS_FCST_ACT_MW,3.2,9976,ACTUAL,336
2019-12-21T05:00:00-00:00,2019-12-21T06:00:00-00:00,0,2019-12-20,22,0,ACTUAL,SCL,Total Actual Hourly Integrated Load,SYS_FCST_ACT_MW,3.8,1299,ACTUAL,337
2019-12-21T01:00:00-00:00,2019-12-21T02:00:00-00:00,0,2019-12-20,18,0,ACTUAL,SCL,Total Actual Hourly Integrated Load,SYS_FCST_ACT_MW,3.8,1403,ACTUAL,337
2019-12-20T23:00:00-00:00,2019-12-21T00:00:00-00:00,0,2019-12-20,16,0,ACTUAL,SCL,Total Actual Hourly Integrated Load,SYS_FCST_ACT_MW,3.8,1349,ACTUAL,337
2019-12-21T03:00:00-00:00,2019-12-21T04:00:00-00:00,0,2019-12-20,20,0,ACTUAL,SCL,Total Actual Hourly Integrated Load,SYS_FCST_ACT_MW,3.8,1304,ACTUAL,337
2019-12-20T19:00:00-00:00,2019-12-20T20:00:00-00:00,0,2019-12-20,12,0,ACTUAL,SCL,Total Actual Hourly Integrated Load,SYS_FCST_ACT_MW,3.8,1353,ACTUAL,337
2019-12-21T07:00:00-00:00,2019-12-21T08:00:00-00:00,0,2019-12-20,24,0,ACTUAL,SCL,Total Actual Hourly Integrated Load,SYS_FCST_ACT_MW,3.8,1008,ACTUAL,337
2019-12-20T13:00:00-00:00,2019-12-20T14:00:00-00:00,0,2019-12-20,6,0,ACTUAL,SCL,Total Actual Hourly Integrated Load,SYS_FCST_ACT_MW,3.8,1041,ACTUAL,337
2019-12-21T02:00:00-00:00,2019-12-21T03:00:00-00:00,0,2019-12-20,19,0,ACTUAL,SCL,Total Actual Hourly Integrated Load,SYS_FCST_ACT_MW,3.8,1352,ACTUAL,337
2019-12-20T16:00:00-00:00,2019-12-20T17:00:00-00:00,0,2019-12-20,9,0,ACTUAL,SCL,Total Actual Hourly Integrated Load,SYS_FCST_ACT_MW,3.8,1341,ACTUAL,337
2019-12-21T00:00:00-00:00,2019-12-21T01:00:00-00:00,0,2019-12-20,17,0,ACTUAL,SCL,Total Actual Hourly Integrated Load,SYS_FCST_ACT_MW,3.8,1393,ACTUAL,337
2019-12-20T14:00:00-00:00,2019-12-20T15:00:00-00:00,0,2019-12-20,7,0,ACTUAL,SCL,Total Actual Hourly Integrated Load,SYS_FCST_ACT_MW,3.8,1193,ACTUAL,337
2019-12-20T22:00:00-00:00,2019-12-20T23:00:00-00:00,0,2019-12-20,15,0,ACTUAL,SCL,Total Actual Hourly Integrated Load,SYS_FCST_ACT_MW,3.8,1342,ACTUAL,337
2019-12-20T21:00:00-00:00,2019-12-20T22:00:00-00:00,0,2019-12-20,14,0,ACTUAL,SCL,Total Actual Hourly Integrated Load,SYS_FCST_ACT_MW,3.8,1342,ACTUAL,337
2019-12-20T11:00:00-00:00,2019-12-20T12:00:00-00:00,0,2019-12-20,4,0,ACTUAL,SCL,Total Actual Hourly Integrated Load,SYS_FCST_ACT_MW,3.8,892,ACTUAL,337
2019-12-20T15:00:00-00:00,2019-12-20T16:00:00-00:00,0,2019-12-20,8,0,ACTUAL,SCL,Total Actual Hourly Integrated Load,SYS_FCST_ACT_MW,3.8,1313,ACTUAL,337
2019-12-20T12:00:00-00:00,2019-12-20T13:00:00-00:00,0,2019-12-20,5,0,ACTUAL,SCL,Total Actual Hourly Integrated Load,SYS_FCST_ACT_MW,3.8,931,ACTUAL,337
2019-12-21T06:00:00-00:00,2019-12-21T07:00:00-00:00,0,2019-12-20,23,0,ACTUAL,SCL,Total Actual Hourly Integrated Load,SYS_FCST_ACT_MW,3.8,1095,ACTUAL,337
2019-12-20T08:00:00-00:00,2019-12-20T09:00:00-00:00,0,2019-12-20,1,0,ACTUAL,SCL,Total Actual Hourly Integrated Load,SYS_FCST_ACT_MW,3.8,959,ACTUAL,337
2019-12-20T20:00:00-00:00,2019-12-20T21:00:00-00:00,0,2019-12-20,13,0,ACTUAL,SCL,Total Actual Hourly Integrated Load,SYS_FCST_ACT_MW,3.8,1342,ACTUAL,337
2019-12-20T17:00:00-00:00,2019-12-20T18:00:00-00:00,0,2019-12-20,10,0,ACTUAL,SCL,Total Actual Hourly Integrated Load,SYS_FCST_ACT_MW,3.8,1346,ACTUAL,337
2019-12-20T18:00:00-00:00,2019-12-20T19:00:00-00:00,0,2019-12-20,11,0,ACTUAL,SCL,Total Actual Hourly Integrated Load,SYS_FCST_ACT_MW,3.8,1352,ACTUAL,337
2019-12-20T09:00:00-00:00,2019-12-20T10:00:00-00:00,0,2019-12-20,2,0,ACTUAL,SCL,Total Actual Hourly Integrated Load,SYS_FCST_ACT_MW,3.8,913,ACTUAL,337
2019-12-20T10:00:00-00:00,2019-12-20T11:00:00-00:00,0,2019-12-20,3,0,ACTUAL,SCL,Total Actual Hourly Integrated Load,SYS_FCST_ACT_MW,3.8,890,ACTUAL,337
2019-12-21T04:00:00-00:00,2019-12-21T05:00:00-00:00,0,2019-12-20,21,0,ACTUAL,SCL,Total Actual Hourly Integrated Load,SYS_FCST_ACT_MW,3.8,1242,ACTUAL,337
2019-12-21T02:00:00-00:00,2019-12-21T03:00:00-00:00,0,2019-12-20,19,0,ACTUAL,SDGE-TAC,Total Actual Hourly Integrated Load,SYS_FCST_ACT_MW,3.4,2753,ACTUAL,338
2019-12-20T09:00:00-00:00,2019-12-20T10:00:00-00:00,0,2019-12-20,2,0,ACTUAL,SDGE-TAC,Total Actual Hourly Integrated Load,SYS_FCST_ACT_MW,3.4,2049,ACTUAL,338
2019-12-20T21:00:00-00:00,2019-12-20T22:00:00-00:00,0,2019-12-20,14,0,ACTUAL,SDGE-TAC,Total Actual Hourly Integrated Load,SYS_FCST_ACT_MW,3.4,1988,ACTUAL,338
2019-12-21T01:00:00-00:00,2019-12-21T02:00:00-00:00,0,2019-12-20,18,0,ACTUAL,SDGE-TAC,Total Actual Hourly Integrated Load,SYS_FCST_ACT_MW,3.4,2794,ACTUAL,338
2019-12-20T16:00:00-00:00,2019-12-20T17:00:00-00:00,0,2019-12-20,9,0,ACTUAL,SDGE-TAC,Total Actual Hourly Integrated Load,SYS_FCST_ACT_MW,3.4,2377,ACTUAL,338
2019-12-21T04:00:00-00:00,2019-12-21T05:00:00-00:00,0,2019-12-20,21,0,ACTUAL,SDGE-TAC,Total Actual Hourly Integrated Load,SYS_FCST_ACT_MW,3.4,2582,ACTUAL,338
2019-12-20T14:00:00-00:00,2019-12-20T15:00:00-00:00,0,2019-12-20,7,0,ACTUAL,SDGE-TAC,Total Actual Hourly Integrated Load,SYS_FCST_ACT_MW,3.4,2501,ACTUAL,338
2019-12-20T18:00:00-00:00,2019-12-20T19:00:00-00:00,0,2019-12-20,11,0,ACTUAL,SDGE-TAC,Total Actual Hourly Integrated Load,SYS_FCST_ACT_MW,3.4,2015,ACTUAL,338
2019-12-20T19:00:00-00:00,2019-12-20T20:00:00-00:00,0,2019-12-20,12,0,ACTUAL,SDGE-TAC,Total Actual Hourly Integrated Load,SYS_FCST_ACT_MW,3.4,1918,ACTUAL,338
2019-12-21T06:00:00-00:00,2019-12-21T07:00:00-00:00,0,2019-12-20,23,0,ACTUAL,SDGE-TAC,Total Actual Hourly Integrated Load,SYS_FCST_ACT_MW,3.4,2300,ACTUAL,338
2019-12-20T11:00:00-00:00,2019-12-20T12:00:00-00:00,0,2019-12-20,4,0,ACTUAL,SDGE-TAC,Total Actual Hourly Integrated Load,SYS_FCST_ACT_MW,3.4,2006,ACTUAL,338
2019-12-21T03:00:00-00:00,2019-12-21T04:00:00-00:00,0,2019-12-20,20,0,ACTUAL,SDGE-TAC,Total Actual Hourly Integrated Load,SYS_FCST_ACT_MW,3.4,2673,ACTUAL,338
2019-12-21T07:00:00-00:00,2019-12-21T08:00:00-00:00,0,2019-12-20,24,0,ACTUAL,SDGE-TAC,Total Actual Hourly Integrated Load,SYS_FCST_ACT_MW,3.4,2514,ACTUAL,338
2019-12-20T10:00:00-00:00,2019-12-20T11:00:00-00:00,0,2019-12-20,3,0,ACTUAL,SDGE-TAC,Total Actual Hourly Integrated Load,SYS_FCST_ACT_MW,3.4,1996,ACTUAL,338
2019-12-20T22:00:00-00:00,2019-12-20T23:00:00-00:00,0,2019-12-20,15,0,ACTUAL,SDGE-TAC,Total Actual Hourly Integrated Load,SYS_FCST_ACT_MW,3.4,2119,ACTUAL,338
2019-12-20T08:00:00-00:00,2019-12-20T09:00:00-00:00,0,2019-12-20,1,0,ACTUAL,SDGE-TAC,Total Actual Hourly Integrated Load,SYS_FCST_ACT_MW,3.4,2124,ACTUAL,338
2019-12-20T12:00:00-00:00,2019-12-20T13:00:00-00:00,0,2019-12-20,5,0,ACTUAL,SDGE-TAC,Total Actual Hourly Integrated Load,SYS_FCST_ACT_MW,3.4,2062,ACTUAL,338
2019-12-20T23:00:00-00:00,2019-12-21T00:00:00-00:00,0,2019-12-20,16,0,ACTUAL,SDGE-TAC,Total Actual Hourly Integrated Load,SYS_FCST_ACT_MW,3.4,2283,ACTUAL,338
2019-12-21T00:00:00-00:00,2019-12-21T01:00:00-00:00,0,2019-12-20,17,0,ACTUAL,SDGE-TAC,Total Actual Hourly Integrated Load,SYS_FCST_ACT_MW,3.4,2525,ACTUAL,338
2019-12-20T15:00:00-00:00,2019-12-20T16:00:00-00:00,0,2019-12-20,8,0,ACTUAL,SDGE-TAC,Total Actual Hourly Integrated Load,SYS_FCST_ACT_MW,3.4,2559,ACTUAL,338
2019-12-20T17:00:00-00:00,2019-12-20T18:00:00-00:00,0,2019-12-20,10,0,ACTUAL,SDGE-TAC,Total Actual Hourly Integrated Load,SYS_FCST_ACT_MW,3.4,2167,ACTUAL,338
2019-12-20T13:00:00-00:00,2019-12-20T14:00:00-00:00,0,2019-12-20,6,0,ACTUAL,SDGE-TAC,Total Actual Hourly Integrated Load,SYS_FCST_ACT_MW,3.4,2225,ACTUAL,338
2019-12-20T20:00:00-00:00,2019-12-20T21:00:00-00:00,0,2019-12-20,13,0,ACTUAL,SDGE-TAC,Total Actual Hourly Integrated Load,SYS_FCST_ACT_MW,3.4,1888,ACTUAL,338
2019-12-21T05:00:00-00:00,2019-12-21T06:00:00-00:00,0,2019-12-20,22,0,ACTUAL,SDGE-TAC,Total Actual Hourly Integrated Load,SYS_FCST_ACT_MW,3.4,2670,ACTUAL,338
2019-12-20T08:00:00-00:00,2019-12-20T09:00:00-00:00,0,2019-12-20,1,0,ACTUAL,SRP,Total Actual Hourly Integrated Load,SYS_FCST_ACT_MW,3.8,2762,ACTUAL,339
2019-12-21T05:00:00-00:00,2019-12-21T06:00:00-00:00,0,2019-12-20,22,0,ACTUAL,SRP,Total Actual Hourly Integrated Load,SYS_FCST_ACT_MW,3.8,3145,ACTUAL,339
2019-12-21T01:00:00-00:00,2019-12-21T02:00:00-00:00,0,2019-12-20,18,0,ACTUAL,SRP,Total Actual Hourly Integrated Load,SYS_FCST_ACT_MW,3.8,3126,ACTUAL,339
2019-12-20T23:00:00-00:00,2019-12-21T00:00:00-00:00,0,2019-12-20,16,0,ACTUAL,SRP,Total Actual Hourly Integrated Load,SYS_FCST_ACT_MW,3.8,2739,ACTUAL,339
2019-12-20T17:00:00-00:00,2019-12-20T18:00:00-00:00,0,2019-12-20,10,0,ACTUAL,SRP,Total Actual Hourly Integrated Load,SYS_FCST_ACT_MW,3.8,3083,ACTUAL,339
2019-12-20T19:00:00-00:00,2019-12-20T20:00:00-00:00,0,2019-12-20,12,0,ACTUAL,SRP,Total Actual Hourly Integrated Load,SYS_FCST_ACT_MW,3.8,2810,ACTUAL,339
2019-12-21T04:00:00-00:00,2019-12-21T05:00:00-00:00,0,2019-12-20,21,0,ACTUAL,SRP,Total Actual Hourly Integrated Load,SYS_FCST_ACT_MW,3.8,3133,ACTUAL,339
2019-12-20T21:00:00-00:00,2019-12-20T22:00:00-00:00,0,2019-12-20,14,0,ACTUAL,SRP,Total Actual Hourly Integrated Load,SYS_FCST_ACT_MW,3.8,2698,ACTUAL,339
2019-12-20T18:00:00-00:00,2019-12-20T19:00:00-00:00,0,2019-12-20,11,0,ACTUAL,SRP,Total Actual Hourly Integrated Load,SYS_FCST_ACT_MW,3.8,2919,ACTUAL,339
2019-12-20T22:00:00-00:00,2019-12-20T23:00:00-00:00,0,2019-12-20,15,0,ACTUAL,SRP,Total Actual Hourly Integrated Load,SYS_FCST_ACT_MW,3.8,2684,ACTUAL,339
2019-12-20T20:00:00-00:00,2019-12-20T21:00:00-00:00,0,2019-12-20,13,0,ACTUAL,SRP,Total Actual Hourly Integrated Load,SYS_FCST_ACT_MW,3.8,2731,ACTUAL,339
2019-12-20T10:00:00-00:00,2019-12-20T11:00:00-00:00,0,2019-12-20,3,0,ACTUAL,SRP,Total Actual Hourly Integrated Load,SYS_FCST_ACT_MW,3.8,2818,ACTUAL,339
2019-12-21T02:00:00-00:00,2019-12-21T03:00:00-00:00,0,2019-12-20,19,0,ACTUAL,SRP,Total Actual Hourly Integrated Load,SYS_FCST_ACT_MW,3.8,3145,ACTUAL,339
2019-12-20T13:00:00-00:00,2019-12-20T14:00:00-00:00,0,2019-12-20,6,0,ACTUAL,SRP,Total Actual Hourly Integrated Load,SYS_FCST_ACT_MW,3.8,3589,ACTUAL,339
2019-12-20T11:00:00-00:00,2019-12-20T12:00:00-00:00,0,2019-12-20,4,0,ACTUAL,SRP,Total Actual Hourly Integrated Load,SYS_FCST_ACT_MW,3.8,2965,ACTUAL,339
2019-12-21T07:00:00-00:00,2019-12-21T08:00:00-00:00,0,2019-12-20,24,0,ACTUAL,SRP,Total Actual Hourly Integrated Load,SYS_FCST_ACT_MW,3.8,2862,ACTUAL,339
2019-12-21T06:00:00-00:00,2019-12-21T07:00:00-00:00,0,2019-12-20,23,0,ACTUAL,SRP,Total Actual Hourly Integrated Load,SYS_FCST_ACT_MW,3.8,2963,ACTUAL,339
2019-12-20T14:00:00-00:00,2019-12-20T15:00:00-00:00,0,2019-12-20,7,0,ACTUAL,SRP,Total Actual Hourly Integrated Load,SYS_FCST_ACT_MW,3.8,3714,ACTUAL,339
2019-12-21T00:00:00-00:00,2019-12-21T01:00:00-00:00,0,2019-12-20,17,0,ACTUAL,SRP,Total Actual Hourly Integrated Load,SYS_FCST_ACT_MW,3.8,2975,ACTUAL,339
2019-12-20T15:00:00-00:00,2019-12-20T16:00:00-00:00,0,2019-12-20,8,0,ACTUAL,SRP,Total Actual Hourly Integrated Load,SYS_FCST_ACT_MW,3.8,3537,ACTUAL,339
2019-12-20T12:00:00-00:00,2019-12-20T13:00:00-00:00,0,2019-12-20,5,0,ACTUAL,SRP,Total Actual Hourly Integrated Load,SYS_FCST_ACT_MW,3.8,3243,ACTUAL,339
2019-12-20T16:00:00-00:00,2019-12-20T17:00:00-00:00,0,2019-12-20,9,0,ACTUAL,SRP,Total Actual Hourly Integrated Load,SYS_FCST_ACT_MW,3.8,3305,ACTUAL,339
2019-12-20T09:00:00-00:00,2019-12-20T10:00:00-00:00,0,2019-12-20,2,0,ACTUAL,SRP,Total Actual Hourly Integrated Load,SYS_FCST_ACT_MW,3.8,2765,ACTUAL,339
2019-12-21T03:00:00-00:00,2019-12-21T04:00:00-00:00,0,2019-12-20,20,0,ACTUAL,SRP,Total Actual Hourly Integrated Load,SYS_FCST_ACT_MW,3.8,3152,ACTUAL,339
2019-12-20T14:00:00-00:00,2019-12-20T15:00:00-00:00,0,2019-12-20,7,0,ACTUAL,VEA-TAC,Total Actual Hourly Integrated Load,SYS_FCST_ACT_MW,3.5,117,ACTUAL,340
2019-12-20T22:00:00-00:00,2019-12-20T23:00:00-00:00,0,2019-12-20,15,0,ACTUAL,VEA-TAC,Total Actual Hourly Integrated Load,SYS_FCST_ACT_MW,3.5,60,ACTUAL,340
2019-12-21T03:00:00-00:00,2019-12-21T04:00:00-00:00,0,2019-12-20,20,0,ACTUAL,VEA-TAC,Total Actual Hourly Integrated Load,SYS_FCST_ACT_MW,3.5,84,ACTUAL,340
2019-12-20T23:00:00-00:00,2019-12-21T00:00:00-00:00,0,2019-12-20,16,0,ACTUAL,VEA-TAC,Total Actual Hourly Integrated Load,SYS_FCST_ACT_MW,3.5,64,ACTUAL,340
2019-12-20T19:00:00-00:00,2019-12-20T20:00:00-00:00,0,2019-12-20,12,0,ACTUAL,VEA-TAC,Total Actual Hourly Integrated Load,SYS_FCST_ACT_MW,3.5,69,ACTUAL,340
2019-12-20T15:00:00-00:00,2019-12-20T16:00:00-00:00,0,2019-12-20,8,0,ACTUAL,VEA-TAC,Total Actual Hourly Integrated Load,SYS_FCST_ACT_MW,3.5,115,ACTUAL,340
2019-12-20T21:00:00-00:00,2019-12-20T22:00:00-00:00,0,2019-12-20,14,0,ACTUAL,VEA-TAC,Total Actual Hourly Integrated Load,SYS_FCST_ACT_MW,3.5,62,ACTUAL,340
2019-12-20T20:00:00-00:00,2019-12-20T21:00:00-00:00,0,2019-12-20,13,0,ACTUAL,VEA-TAC,Total Actual Hourly Integrated Load,SYS_FCST_ACT_MW,3.5,66,ACTUAL,340
2019-12-20T17:00:00-00:00,2019-12-20T18:00:00-00:00,0,2019-12-20,10,0,ACTUAL,VEA-TAC,Total Actual Hourly Integrated Load,SYS_FCST_ACT_MW,3.5,92,ACTUAL,340
2019-12-20T16:00:00-00:00,2019-12-20T17:00:00-00:00,0,2019-12-20,9,0,ACTUAL,VEA-TAC,Total Actual Hourly Integrated Load,SYS_FCST_ACT_MW,3.5,102,ACTUAL,340
2019-12-21T04:00:00-00:00,2019-12-21T05:00:00-00:00,0,2019-12-20,21,0,ACTUAL,VEA-TAC,Total Actual Hourly Integrated Load,SYS_FCST_ACT_MW,3.5,84,ACTUAL,340
2019-12-20T11:00:00-00:00,2019-12-20T12:00:00-00:00,0,2019-12-20,4,0,ACTUAL,VEA-TAC,Total Actual Hourly Integrated Load,SYS_FCST_ACT_MW,3.5,96,ACTUAL,340
2019-12-20T12:00:00-00:00,2019-12-20T13:00:00-00:00,0,2019-12-20,5,0,ACTUAL,VEA-TAC,Total Actual Hourly Integrated Load,SYS_FCST_ACT_MW,3.5,101,ACTUAL,340
2019-12-20T09:00:00-00:00,2019-12-20T10:00:00-00:00,0,2019-12-20,2,0,ACTUAL,VEA-TAC,Total Actual Hourly Integrated Load,SYS_FCST_ACT_MW,3.5,89,ACTUAL,340
2019-12-20T13:00:00-00:00,2019-12-20T14:00:00-00:00,0,2019-12-20,6,0,ACTUAL,VEA-TAC,Total Actual Hourly Integrated Load,SYS_FCST_ACT_MW,3.5,109,ACTUAL,340
2019-12-20T18:00:00-00:00,2019-12-20T19:00:00-00:00,0,2019-12-20,11,0,ACTUAL,VEA-TAC,Total Actual Hourly Integrated Load,SYS_FCST_ACT_MW,3.5,79,ACTUAL,340
2019-12-21T01:00:00-00:00,2019-12-21T02:00:00-00:00,0,2019-12-20,18,0,ACTUAL,VEA-TAC,Total Actual Hourly Integrated Load,SYS_FCST_ACT_MW,3.5,80,ACTUAL,340
2019-12-21T00:00:00-00:00,2019-12-21T01:00:00-00:00,0,2019-12-20,17,0,ACTUAL,VEA-TAC,Total Actual Hourly Integrated Load,SYS_FCST_ACT_MW,3.5,73,ACTUAL,340
2019-12-20T10:00:00-00:00,2019-12-20T11:00:00-00:00,0,2019-12-20,3,0,ACTUAL,VEA-TAC,Total Actual Hourly Integrated Load,SYS_FCST_ACT_MW,3.5,92,ACTUAL,340
2019-12-21T05:00:00-00:00,2019-12-21T06:00:00-00:00,0,2019-12-20,22,0,ACTUAL,VEA-TAC,Total Actual Hourly Integrated Load,SYS_FCST_ACT_MW,3.5,84,ACTUAL,340
2019-12-21T07:00:00-00:00,2019-12-21T08:00:00-00:00,0,2019-12-20,24,0,ACTUAL,VEA-TAC,Total Actual Hourly Integrated Load,SYS_FCST_ACT_MW,3.5,79,ACTUAL,340
2019-12-20T08:00:00-00:00,2019-12-20T09:00:00-00:00,0,2019-12-20,1,0,ACTUAL,VEA-TAC,Total Actual Hourly Integrated Load,SYS_FCST_ACT_MW,3.5,88,ACTUAL,340
2019-12-21T02:00:00-00:00,2019-12-21T03:00:00-00:00,0,2019-12-20,19,0,ACTUAL,VEA-TAC,Total Actual Hourly Integrated Load,SYS_FCST_ACT_MW,3.5,82,ACTUAL,340
2019-12-21T06:00:00-00:00,2019-12-21T07:00:00-00:00,0,2019-12-20,23,0,ACTUAL,VEA-TAC,Total Actual Hourly Integrated Load,SYS_FCST_ACT_MW,3.5,81,ACTUAL,340
2019-12-21T12:00:00-00:00,2019-12-21T13:00:00-00:00,0,2019-12-21,5,0,ACTUAL,AZPS,Total Actual Hourly Integrated Load,SYS_FCST_ACT_MW,3.8,3009,ACTUAL,341
2019-12-21T09:00:00-00:00,2019-12-21T10:00:00-00:00,0,2019-12-21,2,0,ACTUAL,AZPS,Total Actual Hourly Integrated Load,SYS_FCST_ACT_MW,3.8,3259,ACTUAL,341
2019-12-21T18:00:00-00:00,2019-12-21T19:00:00-00:00,0,2019-12-21,11,0,ACTUAL,AZPS,Total Actual Hourly Integrated Load,SYS_FCST_ACT_MW,3.8,3242,ACTUAL,341
2019-12-21T22:00:00-00:00,2019-12-21T23:00:00-00:00,0,2019-12-21,15,0,ACTUAL,AZPS,Total Actual Hourly Integrated Load,SYS_FCST_ACT_MW,3.8,2487,ACTUAL,341
2019-12-21T23:00:00-00:00,2019-12-22T00:00:00-00:00,0,2019-12-21,16,0,ACTUAL,AZPS,Total Actual Hourly Integrated Load,SYS_FCST_ACT_MW,3.8,2691,ACTUAL,341
2019-12-22T03:00:00-00:00,2019-12-22T04:00:00-00:00,0,2019-12-21,20,0,ACTUAL,AZPS,Total Actual Hourly Integrated Load,SYS_FCST_ACT_MW,3.8,3267,ACTUAL,341
2019-12-22T04:00:00-00:00,2019-12-22T05:00:00-00:00,0,2019-12-21,21,0,ACTUAL,AZPS,Total Actual Hourly Integrated Load,SYS_FCST_ACT_MW,3.8,3091,ACTUAL,341
2019-12-22T05:00:00-00:00,2019-12-22T06:00:00-00:00,0,2019-12-21,22,0,ACTUAL,AZPS,Total Actual Hourly Integrated Load,SYS_FCST_ACT_MW,3.8,2957,ACTUAL,341
2019-12-21T21:00:00-00:00,2019-12-21T22:00:00-00:00,0,2019-12-21,14,0,ACTUAL,AZPS,Total Actual Hourly Integrated Load,SYS_FCST_ACT_MW,3.8,3249,ACTUAL,341
2019-12-21T11:00:00-00:00,2019-12-21T12:00:00-00:00,0,2019-12-21,4,0,ACTUAL,AZPS,Total Actual Hourly Integrated Load,SYS_FCST_ACT_MW,3.8,2876,ACTUAL,341
2019-12-22T00:00:00-00:00,2019-12-22T01:00:00-00:00,0,2019-12-21,17,0,ACTUAL,AZPS,Total Actual Hourly Integrated Load,SYS_FCST_ACT_MW,3.8,3271,ACTUAL,341
2019-12-22T01:00:00-00:00,2019-12-22T02:00:00-00:00,0,2019-12-21,18,0,ACTUAL,AZPS,Total Actual Hourly Integrated Load,SYS_FCST_ACT_MW,3.8,3270,ACTUAL,341
2019-12-21T17:00:00-00:00,2019-12-21T18:00:00-00:00,0,2019-12-21,10,0,ACTUAL,AZPS,Total Actual Hourly Integrated Load,SYS_FCST_ACT_MW,3.8,2765,ACTUAL,341
2019-12-21T14:00:00-00:00,2019-12-21T15:00:00-00:00,0,2019-12-21,7,0,ACTUAL,AZPS,Total Actual Hourly Integrated Load,SYS_FCST_ACT_MW,3.8,3344,ACTUAL,341
2019-12-21T15:00:00-00:00,2019-12-21T16:00:00-00:00,0,2019-12-21,8,0,ACTUAL,AZPS,Total Actual Hourly Integrated Load,SYS_FCST_ACT_MW,3.8,3317,ACTUAL,341
2019-12-21T19:00:00-00:00,2019-12-21T20:00:00-00:00,0,2019-12-21,12,0,ACTUAL,AZPS,Total Actual Hourly Integrated Load,SYS_FCST_ACT_MW,3.8,3242,ACTUAL,341
2019-12-22T02:00:00-00:00,2019-12-22T03:00:00-00:00,0,2019-12-21,19,0,ACTUAL,AZPS,Total Actual Hourly Integrated Load,SYS_FCST_ACT_MW,3.8,3144,ACTUAL,341
2019-12-21T20:00:00-00:00,2019-12-21T21:00:00-00:00,0,2019-12-21,13,0,ACTUAL,AZPS,Total Actual Hourly Integrated Load,SYS_FCST_ACT_MW,3.8,3244,ACTUAL,341
2019-12-22T06:00:00-00:00,2019-12-22T07:00:00-00:00,0,2019-12-21,23,0,ACTUAL,AZPS,Total Actual Hourly Integrated Load,SYS_FCST_ACT_MW,3.8,2803,ACTUAL,341
2019-12-21T10:00:00-00:00,2019-12-21T11:00:00-00:00,0,2019-12-21,3,0,ACTUAL,AZPS,Total Actual Hourly Integrated Load,SYS_FCST_ACT_MW,3.8,2806,ACTUAL,341
2019-12-21T16:00:00-00:00,2019-12-21T17:00:00-00:00,0,2019-12-21,9,0,ACTUAL,AZPS,Total Actual Hourly Integrated Load,SYS_FCST_ACT_MW,3.8,3053,ACTUAL,341
2019-12-21T08:00:00-00:00,2019-12-21T09:00:00-00:00,0,2019-12-21,1,0,ACTUAL,AZPS,Total Actual Hourly Integrated Load,SYS_FCST_ACT_MW,3.8,2811,ACTUAL,341
2019-12-22T07:00:00-00:00,2019-12-22T08:00:00-00:00,0,2019-12-21,24,0,ACTUAL,AZPS,Total Actual Hourly Integrated Load,SYS_FCST_ACT_MW,3.8,3251,ACTUAL,341
2019-12-21T13:00:00-00:00,2019-12-21T14:00:00-00:00,0,2019-12-21,6,0,ACTUAL,AZPS,Total Actual Hourly Integrated Load,SYS_FCST_ACT_MW,3.8,3196,ACTUAL,341
2019-12-21T14:00:00-00:00,2019-12-21T15:00:00-00:00,0,2019-12-21,7,0,ACTUAL,BANCSMUD,Total Actual Hourly Integrated Load,SYS_FCST_ACT_MW,3.8,1064,ACTUAL,342
2019-12-21T21:00:00-00:00,2019-12-21T22:00:00-00:00,0,2019-12-21,14,0,ACTUAL,BANCSMUD,Total Actual Hourly Integrated Load,SYS_FCST_ACT_MW,3.8,1317,ACTUAL,342
2019-12-21T09:00:00-00:00,2019-12-21T10:00:00-00:00,0,2019-12-21,2,0,ACTUAL,BANCSMUD,Total Actual Hourly Integrated Load,SYS_FCST_ACT_MW,3.8,1309,ACTUAL,342
2019-12-22T01:00:00-00:00,2019-12-22T02:00:00-00:00,0,2019-12-21,18,0,ACTUAL,BANCSMUD,Total Actual Hourly Integrated Load,SYS_FCST_ACT_MW,3.8,1321,ACTUAL,342
2019-12-21T15:00:00-00:00,2019-12-21T16:00:00-00:00,0,2019-12-21,8,0,ACTUAL,BANCSMUD,Total Actual Hourly Integrated Load,SYS_FCST_ACT_MW,3.8,1133,ACTUAL,342
2019-12-21T19:00:00-00:00,2019-12-21T20:00:00-00:00,0,2019-12-21,12,0,ACTUAL,BANCSMUD,Total Actual Hourly Integrated Load,SYS_FCST_ACT_MW,3.8,1318,ACTUAL,342
2019-12-21T12:00:00-00:00,2019-12-21T13:00:00-00:00,0,2019-12-21,5,0,ACTUAL,BANCSMUD,Total Actual Hourly Integrated Load,SYS_FCST_ACT_MW,3.8,961,ACTUAL,342
2019-12-21T22:00:00-00:00,2019-12-21T23:00:00-00:00,0,2019-12-21,15,0,ACTUAL,BANCSMUD,Total Actual Hourly Integrated Load,SYS_FCST_ACT_MW,3.8,1196,ACTUAL,342
2019-12-22T06:00:00-00:00,2019-12-22T07:00:00-00:00,0,2019-12-21,23,0,ACTUAL,BANCSMUD,Total Actual Hourly Integrated Load,SYS_FCST_ACT_MW,3.8,1171,ACTUAL,342
2019-12-22T04:00:00-00:00,2019-12-22T05:00:00-00:00,0,2019-12-21,21,0,ACTUAL,BANCSMUD,Total Actual Hourly Integrated Load,SYS_FCST_ACT_MW,3.8,1278,ACTUAL,342
2019-12-21T17:00:00-00:00,2019-12-21T18:00:00-00:00,0,2019-12-21,10,0,ACTUAL,BANCSMUD,Total Actual Hourly Integrated Load,SYS_FCST_ACT_MW,3.8,1241,ACTUAL,342
2019-12-21T13:00:00-00:00,2019-12-21T14:00:00-00:00,0,2019-12-21,6,0,ACTUAL,BANCSMUD,Total Actual Hourly Integrated Load,SYS_FCST_ACT_MW,3.8,1001,ACTUAL,342
2019-12-21T11:00:00-00:00,2019-12-21T12:00:00-00:00,0,2019-12-21,4,0,ACTUAL,BANCSMUD,Total Actual Hourly Integrated Load,SYS_FCST_ACT_MW,3.8,951,ACTUAL,342
2019-12-21T08:00:00-00:00,2019-12-21T09:00:00-00:00,0,2019-12-21,1,0,ACTUAL,BANCSMUD,Total Actual Hourly Integrated Load,SYS_FCST_ACT_MW,3.8,1031,ACTUAL,342
2019-12-22T05:00:00-00:00,2019-12-22T06:00:00-00:00,0,2019-12-21,22,0,ACTUAL,BANCSMUD,Total Actual Hourly Integrated Load,SYS_FCST_ACT_MW,3.8,1240,ACTUAL,342
2019-12-22T03:00:00-00:00,2019-12-22T04:00:00-00:00,0,2019-12-21,20,0,ACTUAL,BANCSMUD,Total Actual Hourly Integrated Load,SYS_FCST_ACT_MW,3.8,1320,ACTUAL,342
2019-12-21T16:00:00-00:00,2019-12-21T17:00:00-00:00,0,2019-12-21,9,0,ACTUAL,BANCSMUD,Total Actual Hourly Integrated Load,SYS_FCST_ACT_MW,3.8,1193,ACTUAL,342
2019-12-21T10:00:00-00:00,2019-12-21T11:00:00-00:00,0,2019-12-21,3,0,ACTUAL,BANCSMUD,Total Actual Hourly Integrated Load,SYS_FCST_ACT_MW,3.8,958,ACTUAL,342
2019-12-22T02:00:00-00:00,2019-12-22T03:00:00-00:00,0,2019-12-21,19,0,ACTUAL,BANCSMUD,Total Actual Hourly Integrated Load,SYS_FCST_ACT_MW,3.8,1324,ACTUAL,342
2019-12-21T20:00:00-00:00,2019-12-21T21:00:00-00:00,0,2019-12-21,13,0,ACTUAL,BANCSMUD,Total Actual Hourly Integrated Load,SYS_FCST_ACT_MW,3.8,1317,ACTUAL,342
2019-12-21T18:00:00-00:00,2019-12-21T19:00:00-00:00,0,2019-12-21,11,0,ACTUAL,BANCSMUD,Total Actual Hourly Integrated Load,SYS_FCST_ACT_MW,3.8,1319,ACTUAL,342
2019-12-22T07:00:00-00:00,2019-12-22T08:00:00-00:00,0,2019-12-21,24,0,ACTUAL,BANCSMUD,Total Actual Hourly Integrated Load,SYS_FCST_ACT_MW,3.8,1310,ACTUAL,342
2019-12-22T00:00:00-00:00,2019-12-22T01:00:00-00:00,0,2019-12-21,17,0,ACTUAL,BANCSMUD,Total Actual Hourly Integrated Load,SYS_FCST_ACT_MW,3.8,1322,ACTUAL,342
2019-12-21T23:00:00-00:00,2019-12-22T00:00:00-00:00,0,2019-12-21,16,0,ACTUAL,BANCSMUD,Total Actual Hourly Integrated Load,SYS_FCST_ACT_MW,3.8,1205,ACTUAL,342
2019-12-21T20:00:00-00:00,2019-12-21T21:00:00-00:00,0,2019-12-21,13,0,ACTUAL,BCHA,Total Actual Hourly Integrated Load,SYS_FCST_ACT_MW,3.8,8950,ACTUAL,343
2019-12-21T15:00:00-00:00,2019-12-21T16:00:00-00:00,0,2019-12-21,8,0,ACTUAL,BCHA,Total Actual Hourly Integrated Load,SYS_FCST_ACT_MW,3.8,7766,ACTUAL,343
2019-12-21T16:00:00-00:00,2019-12-21T17:00:00-00:00,0,2019-12-21,9,0,ACTUAL,BCHA,Total Actual Hourly Integrated Load,SYS_FCST_ACT_MW,3.8,8144,ACTUAL,343
2019-12-22T06:00:00-00:00,2019-12-22T07:00:00-00:00,0,2019-12-21,23,0,ACTUAL,BCHA,Total Actual Hourly Integrated Load,SYS_FCST_ACT_MW,3.8,7806,ACTUAL,343
2019-12-21T17:00:00-00:00,2019-12-21T18:00:00-00:00,0,2019-12-21,10,0,ACTUAL,BCHA,Total Actual Hourly Integrated Load,SYS_FCST_ACT_MW,3.8,8387,ACTUAL,343
2019-12-22T01:00:00-00:00,2019-12-22T02:00:00-00:00,0,2019-12-21,18,0,ACTUAL,BCHA,Total Actual Hourly Integrated Load,SYS_FCST_ACT_MW,3.8,8950,ACTUAL,343
2019-12-21T21:00:00-00:00,2019-12-21T22:00:00-00:00,0,2019-12-21,14,0,ACTUAL,BCHA,Total Actual Hourly Integrated Load,SYS_FCST_ACT_MW,3.8,8950,ACTUAL,343
2019-12-21T14:00:00-00:00,2019-12-21T15:00:00-00:00,0,2019-12-21,7,0,ACTUAL,BCHA,Total Actual Hourly Integrated Load,SYS_FCST_ACT_MW,3.8,7337,ACTUAL,343
2019-12-21T10:00:00-00:00,2019-12-21T11:00:00-00:00,0,2019-12-21,3,0,ACTUAL,BCHA,Total Actual Hourly Integrated Load,SYS_FCST_ACT_MW,3.8,6813,ACTUAL,343
2019-12-21T09:00:00-00:00,2019-12-21T10:00:00-00:00,0,2019-12-21,2,0,ACTUAL,BCHA,Total Actual Hourly Integrated Load,SYS_FCST_ACT_MW,3.8,8950,ACTUAL,343
2019-12-21T22:00:00-00:00,2019-12-21T23:00:00-00:00,0,2019-12-21,15,0,ACTUAL,BCHA,Total Actual Hourly Integrated Load,SYS_FCST_ACT_MW,3.8,8367,ACTUAL,343
2019-12-21T13:00:00-00:00,2019-12-21T14:00:00-00:00,0,2019-12-21,6,0,ACTUAL,BCHA,Total Actual Hourly Integrated Load,SYS_FCST_ACT_MW,3.8,6991,ACTUAL,343
2019-12-21T11:00:00-00:00,2019-12-21T12:00:00-00:00,0,2019-12-21,4,0,ACTUAL,BCHA,Total Actual Hourly Integrated Load,SYS_FCST_ACT_MW,3.8,6760,ACTUAL,343
2019-12-21T08:00:00-00:00,2019-12-21T09:00:00-00:00,0,2019-12-21,1,0,ACTUAL,BCHA,Total Actual Hourly Integrated Load,SYS_FCST_ACT_MW,3.8,7193,ACTUAL,343
2019-12-22T05:00:00-00:00,2019-12-22T06:00:00-00:00,0,2019-12-21,22,0,ACTUAL,BCHA,Total Actual Hourly Integrated Load,SYS_FCST_ACT_MW,3.8,8160,ACTUAL,343
2019-12-22T03:00:00-00:00,2019-12-22T04:00:00-00:00,0,2019-12-21,20,0,ACTUAL,BCHA,Total Actual Hourly Integrated Load,SYS_FCST_ACT_MW,3.8,8950,ACTUAL,343
2019-12-21T18:00:00-00:00,2019-12-21T19:00:00-00:00,0,2019-12-21,11,0,ACTUAL,BCHA,Total Actual Hourly Integrated Load,SYS_FCST_ACT_MW,3.8,8950,ACTUAL,343
2019-12-22T07:00:00-00:00,2019-12-22T08:00:00-00:00,0,2019-12-21,24,0,ACTUAL,BCHA,Total Actual Hourly Integrated Load,SYS_FCST_ACT_MW,3.8,8950,ACTUAL,343
2019-12-22T00:00:00-00:00,2019-12-22T01:00:00-00:00,0,2019-12-21,17,0,ACTUAL,BCHA,Total Actual Hourly Integrated Load,SYS_FCST_ACT_MW,3.8,8950,ACTUAL,343
2019-12-22T04:00:00-00:00,2019-12-22T05:00:00-00:00,0,2019-12-21,21,0,ACTUAL,BCHA,Total Actual Hourly Integrated Load,SYS_FCST_ACT_MW,3.8,8465,ACTUAL,343
2019-12-22T02:00:00-00:00,2019-12-22T03:00:00-00:00,0,2019-12-21,19,0,ACTUAL,BCHA,Total Actual Hourly Integrated Load,SYS_FCST_ACT_MW,3.8,8880,ACTUAL,343
2019-12-21T23:00:00-00:00,2019-12-22T00:00:00-00:00,0,2019-12-21,16,0,ACTUAL,BCHA,Total Actual Hourly Integrated Load,SYS_FCST_ACT_MW,3.8,8494,ACTUAL,343
2019-12-21T12:00:00-00:00,2019-12-21T13:00:00-00:00,0,2019-12-21,5,0,ACTUAL,BCHA,Total Actual Hourly Integrated Load,SYS_FCST_ACT_MW,3.8,6825,ACTUAL,343
2019-12-21T19:00:00-00:00,2019-12-21T20:00:00-00:00,0,2019-12-21,12,0,ACTUAL,BCHA,Total Actual Hourly Integrated Load,SYS_FCST_ACT_MW,3.8,8950,ACTUAL,343
2019-12-21T18:00:00-00:00,2019-12-21T19:00:00-00:00,0,2019-12-21,11,0,ACTUAL,CA ISO-TAC,Total Actual Hourly Integrated Load,SYS_FCST_ACT_MW,3,28081,ACTUAL,344
2019-12-22T04:00:00-00:00,2019-12-22T05:00:00-00:00,0,2019-12-21,21,0,ACTUAL,CA ISO-TAC,Total Actual Hourly Integrated Load,SYS_FCST_ACT_MW,3,26486,ACTUAL,344
2019-12-22T02:00:00-00:00,2019-12-22T03:00:00-00:00,0,2019-12-21,19,0,ACTUAL,CA ISO-TAC,Total Actual Hourly Integrated Load,SYS_FCST_ACT_MW,3,27364,ACTUAL,344
2019-12-21T09:00:00-00:00,2019-12-21T10:00:00-00:00,0,2019-12-21,2,0,ACTUAL,CA ISO-TAC,Total Actual Hourly Integrated Load,SYS_FCST_ACT_MW,3,28082,ACTUAL,344
2019-12-21T10:00:00-00:00,2019-12-21T11:00:00-00:00,0,2019-12-21,3,0,ACTUAL,CA ISO-TAC,Total Actual Hourly Integrated Load,SYS_FCST_ACT_MW,3,20814,ACTUAL,344
2019-12-21T13:00:00-00:00,2019-12-21T14:00:00-00:00,0,2019-12-21,6,0,ACTUAL,CA ISO-TAC,Total Actual Hourly Integrated Load,SYS_FCST_ACT_MW,3,21395,ACTUAL,344
2019-12-21T15:00:00-00:00,2019-12-21T16:00:00-00:00,0,2019-12-21,8,0,ACTUAL,CA ISO-TAC,Total Actual Hourly Integrated Load,SYS_FCST_ACT_MW,3,23366,ACTUAL,344
2019-12-21T22:00:00-00:00,2019-12-21T23:00:00-00:00,0,2019-12-21,15,0,ACTUAL,CA ISO-TAC,Total Actual Hourly Integrated Load,SYS_FCST_ACT_MW,3,22969,ACTUAL,344
2019-12-22T00:00:00-00:00,2019-12-22T01:00:00-00:00,0,2019-12-21,17,0,ACTUAL,CA ISO-TAC,Total Actual Hourly Integrated Load,SYS_FCST_ACT_MW,3,28081,ACTUAL,344
2019-12-22T05:00:00-00:00,2019-12-22T06:00:00-00:00,0,2019-12-21,22,0,ACTUAL,CA ISO-TAC,Total Actual Hourly Integrated Load,SYS_FCST_ACT_MW,3,25695,ACTUAL,344
2019-12-22T06:00:00-00:00,2019-12-22T07:00:00-00:00,0,2019-12-21,23,0,ACTUAL,CA ISO-TAC,Total Actual Hourly Integrated Load,SYS_FCST_ACT_MW,3,24338,ACTUAL,344
2019-12-22T07:00:00-00:00,2019-12-22T08:00:00-00:00,0,2019-12-21,24,0,ACTUAL,CA ISO-TAC,Total Actual Hourly Integrated Load,SYS_FCST_ACT_MW,3,28080,ACTUAL,344
2019-12-21T14:00:00-00:00,2019-12-21T15:00:00-00:00,0,2019-12-21,7,0,ACTUAL,CA ISO-TAC,Total Actual Hourly Integrated Load,SYS_FCST_ACT_MW,3,22559,ACTUAL,344
2019-12-21T21:00:00-00:00,2019-12-21T22:00:00-00:00,0,2019-12-21,14,0,ACTUAL,CA ISO-TAC,Total Actual Hourly Integrated Load,SYS_FCST_ACT_MW,3,28081,ACTUAL,344
2019-12-21T08:00:00-00:00,2019-12-21T09:00:00-00:00,0,2019-12-21,1,0,ACTUAL,CA ISO-TAC,Total Actual Hourly Integrated Load,SYS_FCST_ACT_MW,3,22258,ACTUAL,344
2019-12-21T17:00:00-00:00,2019-12-21T18:00:00-00:00,0,2019-12-21,10,0,ACTUAL,CA ISO-TAC,Total Actual Hourly Integrated Load,SYS_FCST_ACT_MW,3,23934,ACTUAL,344
2019-12-21T20:00:00-00:00,2019-12-21T21:00:00-00:00,0,2019-12-21,13,0,ACTUAL,CA ISO-TAC,Total Actual Hourly Integrated Load,SYS_FCST_ACT_MW,3,28081,ACTUAL,344
2019-12-22T01:00:00-00:00,2019-12-22T02:00:00-00:00,0,2019-12-21,18,0,ACTUAL,CA ISO-TAC,Total Actual Hourly Integrated Load,SYS_FCST_ACT_MW,3,28081,ACTUAL,344
2019-12-21T11:00:00-00:00,2019-12-21T12:00:00-00:00,0,2019-12-21,4,0,ACTUAL,CA ISO-TAC,Total Actual Hourly Integrated Load,SYS_FCST_ACT_MW,3,20533,ACTUAL,344
2019-12-21T12:00:00-00:00,2019-12-21T13:00:00-00:00,0,2019-12-21,5,0,ACTUAL,CA ISO-TAC,Total Actual Hourly Integrated Load,SYS_FCST_ACT_MW,3,20712,ACTUAL,344
2019-12-21T16:00:00-00:00,2019-12-21T17:00:00-00:00,0,2019-12-21,9,0,ACTUAL,CA ISO-TAC,Total Actual Hourly Integrated Load,SYS_FCST_ACT_MW,3,23910,ACTUAL,344
2019-12-21T19:00:00-00:00,2019-12-21T20:00:00-00:00,0,2019-12-21,12,0,ACTUAL,CA ISO-TAC,Total Actual Hourly Integrated Load,SYS_FCST_ACT_MW,3,28081,ACTUAL,344
2019-12-21T23:00:00-00:00,2019-12-22T00:00:00-00:00,0,2019-12-21,16,0,ACTUAL,CA ISO-TAC,Total Actual Hourly Integrated Load,SYS_FCST_ACT_MW,3,23692,ACTUAL,344
2019-12-22T03:00:00-00:00,2019-12-22T04:00:00-00:00,0,2019-12-21,20,0,ACTUAL,CA ISO-TAC,Total Actual Hourly Integrated Load,SYS_FCST_ACT_MW,3,28081,ACTUAL,344
2019-12-22T01:00:00-00:00,2019-12-22T02:00:00-00:00,0,2019-12-21,18,0,ACTUAL,IPCO,Total Actual Hourly Integrated Load,SYS_FCST_ACT_MW,3.8,2021,ACTUAL,345
2019-12-21T09:00:00-00:00,2019-12-21T10:00:00-00:00,0,2019-12-21,2,0,ACTUAL,IPCO,Total Actual Hourly Integrated Load,SYS_FCST_ACT_MW,3.8,2008,ACTUAL,345
2019-12-21T13:00:00-00:00,2019-12-21T14:00:00-00:00,0,2019-12-21,6,0,ACTUAL,IPCO,Total Actual Hourly Integrated Load,SYS_FCST_ACT_MW,3.8,1808,ACTUAL,345
2019-12-21T21:00:00-00:00,2019-12-21T22:00:00-00:00,0,2019-12-21,14,0,ACTUAL,IPCO,Total Actual Hourly Integrated Load,SYS_FCST_ACT_MW,3.8,2018,ACTUAL,345
2019-12-22T02:00:00-00:00,2019-12-22T03:00:00-00:00,0,2019-12-21,19,0,ACTUAL,IPCO,Total Actual Hourly Integrated Load,SYS_FCST_ACT_MW,3.8,2026,ACTUAL,345
2019-12-21T18:00:00-00:00,2019-12-21T19:00:00-00:00,0,2019-12-21,11,0,ACTUAL,IPCO,Total Actual Hourly Integrated Load,SYS_FCST_ACT_MW,3.8,2019,ACTUAL,345
2019-12-21T20:00:00-00:00,2019-12-21T21:00:00-00:00,0,2019-12-21,13,0,ACTUAL,IPCO,Total Actual Hourly Integrated Load,SYS_FCST_ACT_MW,3.8,2018,ACTUAL,345
2019-12-21T23:00:00-00:00,2019-12-22T00:00:00-00:00,0,2019-12-21,16,0,ACTUAL,IPCO,Total Actual Hourly Integrated Load,SYS_FCST_ACT_MW,3.8,1969,ACTUAL,345
2019-12-22T06:00:00-00:00,2019-12-22T07:00:00-00:00,0,2019-12-21,23,0,ACTUAL,IPCO,Total Actual Hourly Integrated Load,SYS_FCST_ACT_MW,3.8,1752,ACTUAL,345
2019-12-21T17:00:00-00:00,2019-12-21T18:00:00-00:00,0,2019-12-21,10,0,ACTUAL,IPCO,Total Actual Hourly Integrated Load,SYS_FCST_ACT_MW,3.8,2044,ACTUAL,345
2019-12-21T11:00:00-00:00,2019-12-21T12:00:00-00:00,0,2019-12-21,4,0,ACTUAL,IPCO,Total Actual Hourly Integrated Load,SYS_FCST_ACT_MW,3.8,1665,ACTUAL,345
2019-12-21T12:00:00-00:00,2019-12-21T13:00:00-00:00,0,2019-12-21,5,0,ACTUAL,IPCO,Total Actual Hourly Integrated Load,SYS_FCST_ACT_MW,3.8,1718,ACTUAL,345
2019-12-22T00:00:00-00:00,2019-12-22T01:00:00-00:00,0,2019-12-21,17,0,ACTUAL,IPCO,Total Actual Hourly Integrated Load,SYS_FCST_ACT_MW,3.8,2022,ACTUAL,345
2019-12-21T14:00:00-00:00,2019-12-21T15:00:00-00:00,0,2019-12-21,7,0,ACTUAL,IPCO,Total Actual Hourly Integrated Load,SYS_FCST_ACT_MW,3.8,1911,ACTUAL,345
2019-12-21T15:00:00-00:00,2019-12-21T16:00:00-00:00,0,2019-12-21,8,0,ACTUAL,IPCO,Total Actual Hourly Integrated Load,SYS_FCST_ACT_MW,3.8,1999,ACTUAL,345
2019-12-21T16:00:00-00:00,2019-12-21T17:00:00-00:00,0,2019-12-21,9,0,ACTUAL,IPCO,Total Actual Hourly Integrated Load,SYS_FCST_ACT_MW,3.8,2036,ACTUAL,345
2019-12-22T04:00:00-00:00,2019-12-22T05:00:00-00:00,0,2019-12-21,21,0,ACTUAL,IPCO,Total Actual Hourly Integrated Load,SYS_FCST_ACT_MW,3.8,1938,ACTUAL,345
2019-12-21T19:00:00-00:00,2019-12-21T20:00:00-00:00,0,2019-12-21,12,0,ACTUAL,IPCO,Total Actual Hourly Integrated Load,SYS_FCST_ACT_MW,3.8,2018,ACTUAL,345
2019-12-22T03:00:00-00:00,2019-12-22T04:00:00-00:00,0,2019-12-21,20,0,ACTUAL,IPCO,Total Actual Hourly Integrated Load,SYS_FCST_ACT_MW,3.8,2017,ACTUAL,345
2019-12-21T10:00:00-00:00,2019-12-21T11:00:00-00:00,0,2019-12-21,3,0,ACTUAL,IPCO,Total Actual Hourly Integrated Load,SYS_FCST_ACT_MW,3.8,1647,ACTUAL,345
2019-12-21T08:00:00-00:00,2019-12-21T09:00:00-00:00,0,2019-12-21,1,0,ACTUAL,IPCO,Total Actual Hourly Integrated Load,SYS_FCST_ACT_MW,3.8,1663,ACTUAL,345
2019-12-21T22:00:00-00:00,2019-12-21T23:00:00-00:00,0,2019-12-21,15,0,ACTUAL,IPCO,Total Actual Hourly Integrated Load,SYS_FCST_ACT_MW,3.8,1925,ACTUAL,345
2019-12-22T05:00:00-00:00,2019-12-22T06:00:00-00:00,0,2019-12-21,22,0,ACTUAL,IPCO,Total Actual Hourly Integrated Load,SYS_FCST_ACT_MW,3.8,1847,ACTUAL,345
2019-12-22T07:00:00-00:00,2019-12-22T08:00:00-00:00,0,2019-12-21,24,0,ACTUAL,IPCO,Total Actual Hourly Integrated Load,SYS_FCST_ACT_MW,3.8,2006,ACTUAL,345
2019-12-22T05:00:00-00:00,2019-12-22T06:00:00-00:00,0,2019-12-21,22,0,ACTUAL,MWD-TAC,Total Actual Hourly Integrated Load,SYS_FCST_ACT_MW,3.3,139,ACTUAL,346
2019-12-21T08:00:00-00:00,2019-12-21T09:00:00-00:00,0,2019-12-21,1,0,ACTUAL,MWD-TAC,Total Actual Hourly Integrated Load,SYS_FCST_ACT_MW,3.3,140,ACTUAL,346
2019-12-21T09:00:00-00:00,2019-12-21T10:00:00-00:00,0,2019-12-21,2,0,ACTUAL,MWD-TAC,Total Actual Hourly Integrated Load,SYS_FCST_ACT_MW,3.3,135,ACTUAL,346
2019-12-22T00:00:00-00:00,2019-12-22T01:00:00-00:00,0,2019-12-21,17,0,ACTUAL,MWD-TAC,Total Actual Hourly Integrated Load,SYS_FCST_ACT_MW,3.3,134,ACTUAL,346
2019-12-22T03:00:00-00:00,2019-12-22T04:00:00-00:00,0,2019-12-21,20,0,ACTUAL,MWD-TAC,Total Actual Hourly Integrated Load,SYS_FCST_ACT_MW,3.3,134,ACTUAL,346
2019-12-22T01:00:00-00:00,2019-12-22T02:00:00-00:00,0,2019-12-21,18,0,ACTUAL,MWD-TAC,Total Actual Hourly Integrated Load,SYS_FCST_ACT_MW,3.3,134,ACTUAL,346
2019-12-21T10:00:00-00:00,2019-12-21T11:00:00-00:00,0,2019-12-21,3,0,ACTUAL,MWD-TAC,Total Actual Hourly Integrated Load,SYS_FCST_ACT_MW,3.3,148,ACTUAL,346
2019-12-21T15:00:00-00:00,2019-12-21T16:00:00-00:00,0,2019-12-21,8,0,ACTUAL,MWD-TAC,Total Actual Hourly Integrated Load,SYS_FCST_ACT_MW,3.3,140,ACTUAL,346
2019-12-21T18:00:00-00:00,2019-12-21T19:00:00-00:00,0,2019-12-21,11,0,ACTUAL,MWD-TAC,Total Actual Hourly Integrated Load,SYS_FCST_ACT_MW,3.3,134,ACTUAL,346
2019-12-21T21:00:00-00:00,2019-12-21T22:00:00-00:00,0,2019-12-21,14,0,ACTUAL,MWD-TAC,Total Actual Hourly Integrated Load,SYS_FCST_ACT_MW,3.3,134,ACTUAL,346
2019-12-22T07:00:00-00:00,2019-12-22T08:00:00-00:00,0,2019-12-21,24,0,ACTUAL,MWD-TAC,Total Actual Hourly Integrated Load,SYS_FCST_ACT_MW,3.3,134,ACTUAL,346
2019-12-21T23:00:00-00:00,2019-12-22T00:00:00-00:00,0,2019-12-21,16,0,ACTUAL,MWD-TAC,Total Actual Hourly Integrated Load,SYS_FCST_ACT_MW,3.3,128,ACTUAL,346
2019-12-21T14:00:00-00:00,2019-12-21T15:00:00-00:00,0,2019-12-21,7,0,ACTUAL,MWD-TAC,Total Actual Hourly Integrated Load,SYS_FCST_ACT_MW,3.3,143,ACTUAL,346
2019-12-21T16:00:00-00:00,2019-12-21T17:00:00-00:00,0,2019-12-21,9,0,ACTUAL,MWD-TAC,Total Actual Hourly Integrated Load,SYS_FCST_ACT_MW,3.3,139,ACTUAL,346
2019-12-21T17:00:00-00:00,2019-12-21T18:00:00-00:00,0,2019-12-21,10,0,ACTUAL,MWD-TAC,Total Actual Hourly Integrated Load,SYS_FCST_ACT_MW,3.3,123,ACTUAL,346
2019-12-21T19:00:00-00:00,2019-12-21T20:00:00-00:00,0,2019-12-21,12,0,ACTUAL,MWD-TAC,Total Actual Hourly Integrated Load,SYS_FCST_ACT_MW,3.3,134,ACTUAL,346
2019-12-22T02:00:00-00:00,2019-12-22T03:00:00-00:00,0,2019-12-21,19,0,ACTUAL,MWD-TAC,Total Actual Hourly Integrated Load,SYS_FCST_ACT_MW,3.3,139,ACTUAL,346
2019-12-21T20:00:00-00:00,2019-12-21T21:00:00-00:00,0,2019-12-21,13,0,ACTUAL,MWD-TAC,Total Actual Hourly Integrated Load,SYS_FCST_ACT_MW,3.3,134,ACTUAL,346
2019-12-22T04:00:00-00:00,2019-12-22T05:00:00-00:00,0,2019-12-21,21,0,ACTUAL,MWD-TAC,Total Actual Hourly Integrated Load,SYS_FCST_ACT_MW,3.3,139,ACTUAL,346
2019-12-21T12:00:00-00:00,2019-12-21T13:00:00-00:00,0,2019-12-21,5,0,ACTUAL,MWD-TAC,Total Actual Hourly Integrated Load,SYS_FCST_ACT_MW,3.3,142,ACTUAL,346
2019-12-21T13:00:00-00:00,2019-12-21T14:00:00-00:00,0,2019-12-21,6,0,ACTUAL,MWD-TAC,Total Actual Hourly Integrated Load,SYS_FCST_ACT_MW,3.3,140,ACTUAL,346
2019-12-21T22:00:00-00:00,2019-12-21T23:00:00-00:00,0,2019-12-21,15,0,ACTUAL,MWD-TAC,Total Actual Hourly Integrated Load,SYS_FCST_ACT_MW,3.3,123,ACTUAL,346
2019-12-21T11:00:00-00:00,2019-12-21T12:00:00-00:00,0,2019-12-21,4,0,ACTUAL,MWD-TAC,Total Actual Hourly Integrated Load,SYS_FCST_ACT_MW,3.3,147,ACTUAL,346
2019-12-22T06:00:00-00:00,2019-12-22T07:00:00-00:00,0,2019-12-21,23,0,ACTUAL,MWD-TAC,Total Actual Hourly Integrated Load,SYS_FCST_ACT_MW,3.3,128,ACTUAL,346
2019-12-22T03:00:00-00:00,2019-12-22T04:00:00-00:00,0,2019-12-21,20,0,ACTUAL,NEVP,Total Actual Hourly Integrated Load,SYS_FCST_ACT_MW,3.8,4275,ACTUAL,347
2019-12-21T09:00:00-00:00,2019-12-21T10:00:00-00:00,0,2019-12-21,2,0,ACTUAL,NEVP,Total Actual Hourly Integrated Load,SYS_FCST_ACT_MW,3.8,4258,ACTUAL,347
2019-12-21T15:00:00-00:00,2019-12-21T16:00:00-00:00,0,2019-12-21,8,0,ACTUAL,NEVP,Total Actual Hourly Integrated Load,SYS_FCST_ACT_MW,3.8,3796,ACTUAL,347
2019-12-22T04:00:00-00:00,2019-12-22T05:00:00-00:00,0,2019-12-21,21,0,ACTUAL,NEVP,Total Actual Hourly Integrated Load,SYS_FCST_ACT_MW,3.8,4120,ACTUAL,347
2019-12-22T00:00:00-00:00,2019-12-22T01:00:00-00:00,0,2019-12-21,17,0,ACTUAL,NEVP,Total Actual Hourly Integrated Load,SYS_FCST_ACT_MW,3.8,4279,ACTUAL,347
2019-12-22T07:00:00-00:00,2019-12-22T08:00:00-00:00,0,2019-12-21,24,0,ACTUAL,NEVP,Total Actual Hourly Integrated Load,SYS_FCST_ACT_MW,3.8,4256,ACTUAL,347
2019-12-21T10:00:00-00:00,2019-12-21T11:00:00-00:00,0,2019-12-21,3,0,ACTUAL,NEVP,Total Actual Hourly Integrated Load,SYS_FCST_ACT_MW,3.8,3597,ACTUAL,347
2019-12-21T23:00:00-00:00,2019-12-22T00:00:00-00:00,0,2019-12-21,16,0,ACTUAL,NEVP,Total Actual Hourly Integrated Load,SYS_FCST_ACT_MW,3.8,3732,ACTUAL,347
2019-12-21T11:00:00-00:00,2019-12-21T12:00:00-00:00,0,2019-12-21,4,0,ACTUAL,NEVP,Total Actual Hourly Integrated Load,SYS_FCST_ACT_MW,3.8,3589,ACTUAL,347
2019-12-21T16:00:00-00:00,2019-12-21T17:00:00-00:00,0,2019-12-21,9,0,ACTUAL,NEVP,Total Actual Hourly Integrated Load,SYS_FCST_ACT_MW,3.8,3793,ACTUAL,347
2019-12-22T02:00:00-00:00,2019-12-22T03:00:00-00:00,0,2019-12-21,19,0,ACTUAL,NEVP,Total Actual Hourly Integrated Load,SYS_FCST_ACT_MW,3.8,4189,ACTUAL,347
2019-12-21T14:00:00-00:00,2019-12-21T15:00:00-00:00,0,2019-12-21,7,0,ACTUAL,NEVP,Total Actual Hourly Integrated Load,SYS_FCST_ACT_MW,3.8,3807,ACTUAL,347
2019-12-21T17:00:00-00:00,2019-12-21T18:00:00-00:00,0,2019-12-21,10,0,ACTUAL,NEVP,Total Actual Hourly Integrated Load,SYS_FCST_ACT_MW,3.8,3785,ACTUAL,347
2019-12-21T22:00:00-00:00,2019-12-21T23:00:00-00:00,0,2019-12-21,15,0,ACTUAL,NEVP,Total Actual Hourly Integrated Load,SYS_FCST_ACT_MW,3.8,3625,ACTUAL,347
2019-12-22T01:00:00-00:00,2019-12-22T02:00:00-00:00,0,2019-12-21,18,0,ACTUAL,NEVP,Total Actual Hourly Integrated Load,SYS_FCST_ACT_MW,3.8,4278,ACTUAL,347
2019-12-21T13:00:00-00:00,2019-12-21T14:00:00-00:00,0,2019-12-21,6,0,ACTUAL,NEVP,Total Actual Hourly Integrated Load,SYS_FCST_ACT_MW,3.8,3697,ACTUAL,347
2019-12-21T18:00:00-00:00,2019-12-21T19:00:00-00:00,0,2019-12-21,11,0,ACTUAL,NEVP,Total Actual Hourly Integrated Load,SYS_FCST_ACT_MW,3.8,4258,ACTUAL,347
2019-12-21T19:00:00-00:00,2019-12-21T20:00:00-00:00,0,2019-12-21,12,0,ACTUAL,NEVP,Total Actual Hourly Integrated Load,SYS_FCST_ACT_MW,3.8,4257,ACTUAL,347
2019-12-21T08:00:00-00:00,2019-12-21T09:00:00-00:00,0,2019-12-21,1,0,ACTUAL,NEVP,Total Actual Hourly Integrated Load,SYS_FCST_ACT_MW,3.8,3705,ACTUAL,347
2019-12-21T12:00:00-00:00,2019-12-21T13:00:00-00:00,0,2019-12-21,5,0,ACTUAL,NEVP,Total Actual Hourly Integrated Load,SYS_FCST_ACT_MW,3.8,3620,ACTUAL,347
2019-12-21T20:00:00-00:00,2019-12-21T21:00:00-00:00,0,2019-12-21,13,0,ACTUAL,NEVP,Total Actual Hourly Integrated Load,SYS_FCST_ACT_MW,3.8,4256,ACTUAL,347
2019-12-21T21:00:00-00:00,2019-12-21T22:00:00-00:00,0,2019-12-21,14,0,ACTUAL,NEVP,Total Actual Hourly Integrated Load,SYS_FCST_ACT_MW,3.8,4259,ACTUAL,347
2019-12-22T05:00:00-00:00,2019-12-22T06:00:00-00:00,0,2019-12-21,22,0,ACTUAL,NEVP,Total Actual Hourly Integrated Load,SYS_FCST_ACT_MW,3.8,4033,ACTUAL,347
2019-12-22T06:00:00-00:00,2019-12-22T07:00:00-00:00,0,2019-12-21,23,0,ACTUAL,NEVP,Total Actual Hourly Integrated Load,SYS_FCST_ACT_MW,3.8,3903,ACTUAL,347
2019-12-22T03:00:00-00:00,2019-12-22T04:00:00-00:00,0,2019-12-21,20,0,ACTUAL,PACE,Total Actual Hourly Integrated Load,SYS_FCST_ACT_MW,3.8,5928,ACTUAL,348
2019-12-21T08:00:00-00:00,2019-12-21T09:00:00-00:00,0,2019-12-21,1,0,ACTUAL,PACE,Total Actual Hourly Integrated Load,SYS_FCST_ACT_MW,3.8,5041,ACTUAL,348
2019-12-21T16:00:00-00:00,2019-12-21T17:00:00-00:00,0,2019-12-21,9,0,ACTUAL,PACE,Total Actual Hourly Integrated Load,SYS_FCST_ACT_MW,3.8,5622,ACTUAL,348
2019-12-21T14:00:00-00:00,2019-12-21T15:00:00-00:00,0,2019-12-21,7,0,ACTUAL,PACE,Total Actual Hourly Integrated Load,SYS_FCST_ACT_MW,3.8,5476,ACTUAL,348
2019-12-21T12:00:00-00:00,2019-12-21T13:00:00-00:00,0,2019-12-21,5,0,ACTUAL,PACE,Total Actual Hourly Integrated Load,SYS_FCST_ACT_MW,3.8,5111,ACTUAL,348
2019-12-21T09:00:00-00:00,2019-12-21T10:00:00-00:00,0,2019-12-21,2,0,ACTUAL,PACE,Total Actual Hourly Integrated Load,SYS_FCST_ACT_MW,3.8,5908,ACTUAL,348
2019-12-22T05:00:00-00:00,2019-12-22T06:00:00-00:00,0,2019-12-21,22,0,ACTUAL,PACE,Total Actual Hourly Integrated Load,SYS_FCST_ACT_MW,3.8,5449,ACTUAL,348
2019-12-22T00:00:00-00:00,2019-12-22T01:00:00-00:00,0,2019-12-21,17,0,ACTUAL,PACE,Total Actual Hourly Integrated Load,SYS_FCST_ACT_MW,3.8,5940,ACTUAL,348
2019-12-21T22:00:00-00:00,2019-12-21T23:00:00-00:00,0,2019-12-21,15,0,ACTUAL,PACE,Total Actual Hourly Integrated Load,SYS_FCST_ACT_MW,3.8,5366,ACTUAL,348
2019-12-21T19:00:00-00:00,2019-12-21T20:00:00-00:00,0,2019-12-21,12,0,ACTUAL,PACE,Total Actual Hourly Integrated Load,SYS_FCST_ACT_MW,3.8,5919,ACTUAL,348
2019-12-21T18:00:00-00:00,2019-12-21T19:00:00-00:00,0,2019-12-21,11,0,ACTUAL,PACE,Total Actual Hourly Integrated Load,SYS_FCST_ACT_MW,3.8,5921,ACTUAL,348
2019-12-21T15:00:00-00:00,2019-12-21T16:00:00-00:00,0,2019-12-21,8,0,ACTUAL,PACE,Total Actual Hourly Integrated Load,SYS_FCST_ACT_MW,3.8,5586,ACTUAL,348
2019-12-22T01:00:00-00:00,2019-12-22T02:00:00-00:00,0,2019-12-21,18,0,ACTUAL,PACE,Total Actual Hourly Integrated Load,SYS_FCST_ACT_MW,3.8,5939,ACTUAL,348
2019-12-22T04:00:00-00:00,2019-12-22T05:00:00-00:00,0,2019-12-21,21,0,ACTUAL,PACE,Total Actual Hourly Integrated Load,SYS_FCST_ACT_MW,3.8,5668,ACTUAL,348
2019-12-22T02:00:00-00:00,2019-12-22T03:00:00-00:00,0,2019-12-21,19,0,ACTUAL,PACE,Total Actual Hourly Integrated Load,SYS_FCST_ACT_MW,3.8,5834,ACTUAL,348
2019-12-21T21:00:00-00:00,2019-12-21T22:00:00-00:00,0,2019-12-21,14,0,ACTUAL,PACE,Total Actual Hourly Integrated Load,SYS_FCST_ACT_MW,3.8,5924,ACTUAL,348
2019-12-22T07:00:00-00:00,2019-12-22T08:00:00-00:00,0,2019-12-21,24,0,ACTUAL,PACE,Total Actual Hourly Integrated Load,SYS_FCST_ACT_MW,3.8,5901,ACTUAL,348
2019-12-22T06:00:00-00:00,2019-12-22T07:00:00-00:00,0,2019-12-21,23,0,ACTUAL,PACE,Total Actual Hourly Integrated Load,SYS_FCST_ACT_MW,3.8,5187,ACTUAL,348
2019-12-21T13:00:00-00:00,2019-12-21T14:00:00-00:00,0,2019-12-21,6,0,ACTUAL,PACE,Total Actual Hourly Integrated Load,SYS_FCST_ACT_MW,3.8,5284,ACTUAL,348
2019-12-21T11:00:00-00:00,2019-12-21T12:00:00-00:00,0,2019-12-21,4,0,ACTUAL,PACE,Total Actual Hourly Integrated Load,SYS_FCST_ACT_MW,3.8,5013,ACTUAL,348
2019-12-21T10:00:00-00:00,2019-12-21T11:00:00-00:00,0,2019-12-21,3,0,ACTUAL,PACE,Total Actual Hourly Integrated Load,SYS_FCST_ACT_MW,3.8,4969,ACTUAL,348
2019-12-21T17:00:00-00:00,2019-12-21T18:00:00-00:00,0,2019-12-21,10,0,ACTUAL,PACE,Total Actual Hourly Integrated Load,SYS_FCST_ACT_MW,3.8,5581,ACTUAL,348
2019-12-21T23:00:00-00:00,2019-12-22T00:00:00-00:00,0,2019-12-21,16,0,ACTUAL,PACE,Total Actual Hourly Integrated Load,SYS_FCST_ACT_MW,3.8,5565,ACTUAL,348
2019-12-21T20:00:00-00:00,2019-12-21T21:00:00-00:00,0,2019-12-21,13,0,ACTUAL,PACE,Total Actual Hourly Integrated Load,SYS_FCST_ACT_MW,3.8,5919,ACTUAL,348
2019-12-22T06:00:00-00:00,2019-12-22T07:00:00-00:00,0,2019-12-21,23,0,ACTUAL,PACW,Total Actual Hourly Integrated Load,SYS_FCST_ACT_MW,3.8,2213,ACTUAL,349
2019-12-21T18:00:00-00:00,2019-12-21T19:00:00-00:00,0,2019-12-21,11,0,ACTUAL,PACW,Total Actual Hourly Integrated Load,SYS_FCST_ACT_MW,3.8,2540,ACTUAL,349
2019-12-22T05:00:00-00:00,2019-12-22T06:00:00-00:00,0,2019-12-21,22,0,ACTUAL,PACW,Total Actual Hourly Integrated Load,SYS_FCST_ACT_MW,3.8,2348,ACTUAL,349
2019-12-21T14:00:00-00:00,2019-12-21T15:00:00-00:00,0,2019-12-21,7,0,ACTUAL,PACW,Total Actual Hourly Integrated Load,SYS_FCST_ACT_MW,3.8,2135,ACTUAL,349
2019-12-21T16:00:00-00:00,2019-12-21T17:00:00-00:00,0,2019-12-21,9,0,ACTUAL,PACW,Total Actual Hourly Integrated Load,SYS_FCST_ACT_MW,3.8,2437,ACTUAL,349
2019-12-22T03:00:00-00:00,2019-12-22T04:00:00-00:00,0,2019-12-21,20,0,ACTUAL,PACW,Total Actual Hourly Integrated Load,SYS_FCST_ACT_MW,3.8,2539,ACTUAL,349
2019-12-21T12:00:00-00:00,2019-12-21T13:00:00-00:00,0,2019-12-21,5,0,ACTUAL,PACW,Total Actual Hourly Integrated Load,SYS_FCST_ACT_MW,3.8,1883,ACTUAL,349
2019-12-22T02:00:00-00:00,2019-12-22T03:00:00-00:00,0,2019-12-21,19,0,ACTUAL,PACW,Total Actual Hourly Integrated Load,SYS_FCST_ACT_MW,3.8,2542,ACTUAL,349
2019-12-22T00:00:00-00:00,2019-12-22T01:00:00-00:00,0,2019-12-21,17,0,ACTUAL,PACW,Total Actual Hourly Integrated Load,SYS_FCST_ACT_MW,3.8,2545,ACTUAL,349
2019-12-22T07:00:00-00:00,2019-12-22T08:00:00-00:00,0,2019-12-21,24,0,ACTUAL,PACW,Total Actual Hourly Integrated Load,SYS_FCST_ACT_MW,3.8,2522,ACTUAL,349
2019-12-22T04:00:00-00:00,2019-12-22T05:00:00-00:00,0,2019-12-21,21,0,ACTUAL,PACW,Total Actual Hourly Integrated Load,SYS_FCST_ACT_MW,3.8,2431,ACTUAL,349
2019-12-22T01:00:00-00:00,2019-12-22T02:00:00-00:00,0,2019-12-21,18,0,ACTUAL,PACW,Total Actual Hourly Integrated Load,SYS_FCST_ACT_MW,3.8,2543,ACTUAL,349
2019-12-21T11:00:00-00:00,2019-12-21T12:00:00-00:00,0,2019-12-21,4,0,ACTUAL,PACW,Total Actual Hourly Integrated Load,SYS_FCST_ACT_MW,3.8,1851,ACTUAL,349
2019-12-21T10:00:00-00:00,2019-12-21T11:00:00-00:00,0,2019-12-21,3,0,ACTUAL,PACW,Total Actual Hourly Integrated Load,SYS_FCST_ACT_MW,3.8,1855,ACTUAL,349
2019-12-21T19:00:00-00:00,2019-12-21T20:00:00-00:00,0,2019-12-21,12,0,ACTUAL,PACW,Total Actual Hourly Integrated Load,SYS_FCST_ACT_MW,3.8,2538,ACTUAL,349
2019-12-21T17:00:00-00:00,2019-12-21T18:00:00-00:00,0,2019-12-21,10,0,ACTUAL,PACW,Total Actual Hourly Integrated Load,SYS_FCST_ACT_MW,3.8,2530,ACTUAL,349
2019-12-21T15:00:00-00:00,2019-12-21T16:00:00-00:00,0,2019-12-21,8,0,ACTUAL,PACW,Total Actual Hourly Integrated Load,SYS_FCST_ACT_MW,3.8,2294,ACTUAL,349
2019-12-21T13:00:00-00:00,2019-12-21T14:00:00-00:00,0,2019-12-21,6,0,ACTUAL,PACW,Total Actual Hourly Integrated Load,SYS_FCST_ACT_MW,3.8,1989,ACTUAL,349
2019-12-21T09:00:00-00:00,2019-12-21T10:00:00-00:00,0,2019-12-21,2,0,ACTUAL,PACW,Total Actual Hourly Integrated Load,SYS_FCST_ACT_MW,3.8,2518,ACTUAL,349
2019-12-21T23:00:00-00:00,2019-12-22T00:00:00-00:00,0,2019-12-21,16,0,ACTUAL,PACW,Total Actual Hourly Integrated Load,SYS_FCST_ACT_MW,3.8,2407,ACTUAL,349
2019-12-21T20:00:00-00:00,2019-12-21T21:00:00-00:00,0,2019-12-21,13,0,ACTUAL,PACW,Total Actual Hourly Integrated Load,SYS_FCST_ACT_MW,3.8,2537,ACTUAL,349
2019-12-21T22:00:00-00:00,2019-12-21T23:00:00-00:00,0,2019-12-21,15,0,ACTUAL,PACW,Total Actual Hourly Integrated Load,SYS_FCST_ACT_MW,3.8,2381,ACTUAL,349
2019-12-21T21:00:00-00:00,2019-12-21T22:00:00-00:00,0,2019-12-21,14,0,ACTUAL,PACW,Total Actual Hourly Integrated Load,SYS_FCST_ACT_MW,3.8,2537,ACTUAL,349
2019-12-21T08:00:00-00:00,2019-12-21T09:00:00-00:00,0,2019-12-21,1,0,ACTUAL,PACW,Total Actual Hourly Integrated Load,SYS_FCST_ACT_MW,3.8,1958,ACTUAL,349
2019-12-21T09:00:00-00:00,2019-12-21T10:00:00-00:00,0,2019-12-21,2,0,ACTUAL,PGE,Total Actual Hourly Integrated Load,SYS_FCST_ACT_MW,3.8,2615,ACTUAL,350
2019-12-21T16:00:00-00:00,2019-12-21T17:00:00-00:00,0,2019-12-21,9,0,ACTUAL,PGE,Total Actual Hourly Integrated Load,SYS_FCST_ACT_MW,3.8,2415,ACTUAL,350
2019-12-22T07:00:00-00:00,2019-12-22T08:00:00-00:00,0,2019-12-21,24,0,ACTUAL,PGE,Total Actual Hourly Integrated Load,SYS_FCST_ACT_MW,3.8,2620,ACTUAL,350
2019-12-21T11:00:00-00:00,2019-12-21T12:00:00-00:00,0,2019-12-21,4,0,ACTUAL,PGE,Total Actual Hourly Integrated Load,SYS_FCST_ACT_MW,3.8,1829,ACTUAL,350
2019-12-21T17:00:00-00:00,2019-12-21T18:00:00-00:00,0,2019-12-21,10,0,ACTUAL,PGE,Total Actual Hourly Integrated Load,SYS_FCST_ACT_MW,3.8,2549,ACTUAL,350
2019-12-21T08:00:00-00:00,2019-12-21T09:00:00-00:00,0,2019-12-21,1,0,ACTUAL,PGE,Total Actual Hourly Integrated Load,SYS_FCST_ACT_MW,3.8,1973,ACTUAL,350
2019-12-21T13:00:00-00:00,2019-12-21T14:00:00-00:00,0,2019-12-21,6,0,ACTUAL,PGE,Total Actual Hourly Integrated Load,SYS_FCST_ACT_MW,3.8,1940,ACTUAL,350
2019-12-21T14:00:00-00:00,2019-12-21T15:00:00-00:00,0,2019-12-21,7,0,ACTUAL,PGE,Total Actual Hourly Integrated Load,SYS_FCST_ACT_MW,3.8,2083,ACTUAL,350
2019-12-21T15:00:00-00:00,2019-12-21T16:00:00-00:00,0,2019-12-21,8,0,ACTUAL,PGE,Total Actual Hourly Integrated Load,SYS_FCST_ACT_MW,3.8,2249,ACTUAL,350
2019-12-22T03:00:00-00:00,2019-12-22T04:00:00-00:00,0,2019-12-21,20,0,ACTUAL,PGE,Total Actual Hourly Integrated Load,SYS_FCST_ACT_MW,3.8,2640,ACTUAL,350
2019-12-22T04:00:00-00:00,2019-12-22T05:00:00-00:00,0,2019-12-21,21,0,ACTUAL,PGE,Total Actual Hourly Integrated Load,SYS_FCST_ACT_MW,3.8,2572,ACTUAL,350
2019-12-22T00:00:00-00:00,2019-12-22T01:00:00-00:00,0,2019-12-21,17,0,ACTUAL,PGE,Total Actual Hourly Integrated Load,SYS_FCST_ACT_MW,3.8,2648,ACTUAL,350
2019-12-22T01:00:00-00:00,2019-12-22T02:00:00-00:00,0,2019-12-21,18,0,ACTUAL,PGE,Total Actual Hourly Integrated Load,SYS_FCST_ACT_MW,3.8,2645,ACTUAL,350
2019-12-22T02:00:00-00:00,2019-12-22T03:00:00-00:00,0,2019-12-21,19,0,ACTUAL,PGE,Total Actual Hourly Integrated Load,SYS_FCST_ACT_MW,3.8,2718,ACTUAL,350
2019-12-21T12:00:00-00:00,2019-12-21T13:00:00-00:00,0,2019-12-21,5,0,ACTUAL,PGE,Total Actual Hourly Integrated Load,SYS_FCST_ACT_MW,3.8,1857,ACTUAL,350
2019-12-21T20:00:00-00:00,2019-12-21T21:00:00-00:00,0,2019-12-21,13,0,ACTUAL,PGE,Total Actual Hourly Integrated Load,SYS_FCST_ACT_MW,3.8,2643,ACTUAL,350
2019-12-21T21:00:00-00:00,2019-12-21T22:00:00-00:00,0,2019-12-21,14,0,ACTUAL,PGE,Total Actual Hourly Integrated Load,SYS_FCST_ACT_MW,3.8,2642,ACTUAL,350
2019-12-21T22:00:00-00:00,2019-12-21T23:00:00-00:00,0,2019-12-21,15,0,ACTUAL,PGE,Total Actual Hourly Integrated Load,SYS_FCST_ACT_MW,3.8,2597,ACTUAL,350
2019-12-21T23:00:00-00:00,2019-12-22T00:00:00-00:00,0,2019-12-21,16,0,ACTUAL,PGE,Total Actual Hourly Integrated Load,SYS_FCST_ACT_MW,3.8,2616,ACTUAL,350
2019-12-21T10:00:00-00:00,2019-12-21T11:00:00-00:00,0,2019-12-21,3,0,ACTUAL,PGE,Total Actual Hourly Integrated Load,SYS_FCST_ACT_MW,3.8,1846,ACTUAL,350
2019-12-21T18:00:00-00:00,2019-12-21T19:00:00-00:00,0,2019-12-21,11,0,ACTUAL,PGE,Total Actual Hourly Integrated Load,SYS_FCST_ACT_MW,3.8,2645,ACTUAL,350
2019-12-21T19:00:00-00:00,2019-12-21T20:00:00-00:00,0,2019-12-21,12,0,ACTUAL,PGE,Total Actual Hourly Integrated Load,SYS_FCST_ACT_MW,3.8,2643,ACTUAL,350
2019-12-22T05:00:00-00:00,2019-12-22T06:00:00-00:00,0,2019-12-21,22,0,ACTUAL,PGE,Total Actual Hourly Integrated Load,SYS_FCST_ACT_MW,3.8,2479,ACTUAL,350
2019-12-22T06:00:00-00:00,2019-12-22T07:00:00-00:00,0,2019-12-21,23,0,ACTUAL,PGE,Total Actual Hourly Integrated Load,SYS_FCST_ACT_MW,3.8,2339,ACTUAL,350
2019-12-21T15:00:00-00:00,2019-12-21T16:00:00-00:00,0,2019-12-21,8,0,ACTUAL,PGE-TAC,Total Actual Hourly Integrated Load,SYS_FCST_ACT_MW,3.1,10758,ACTUAL,351
2019-12-21T19:00:00-00:00,2019-12-21T20:00:00-00:00,0,2019-12-21,12,0,ACTUAL,PGE-TAC,Total Actual Hourly Integrated Load,SYS_FCST_ACT_MW,3.1,12766,ACTUAL,351
2019-12-21T13:00:00-00:00,2019-12-21T14:00:00-00:00,0,2019-12-21,6,0,ACTUAL,PGE-TAC,Total Actual Hourly Integrated Load,SYS_FCST_ACT_MW,3.1,9619,ACTUAL,351
2019-12-21T08:00:00-00:00,2019-12-21T09:00:00-00:00,0,2019-12-21,1,0,ACTUAL,PGE-TAC,Total Actual Hourly Integrated Load,SYS_FCST_ACT_MW,3.1,10062,ACTUAL,351
2019-12-21T11:00:00-00:00,2019-12-21T12:00:00-00:00,0,2019-12-21,4,0,ACTUAL,PGE-TAC,Total Actual Hourly Integrated Load,SYS_FCST_ACT_MW,3.1,9237,ACTUAL,351
2019-12-21T09:00:00-00:00,2019-12-21T10:00:00-00:00,0,2019-12-21,2,0,ACTUAL,PGE-TAC,Total Actual Hourly Integrated Load,SYS_FCST_ACT_MW,3.1,12766,ACTUAL,351
2019-12-22T06:00:00-00:00,2019-12-22T07:00:00-00:00,0,2019-12-21,23,0,ACTUAL,PGE-TAC,Total Actual Hourly Integrated Load,SYS_FCST_ACT_MW,3.1,11020,ACTUAL,351
2019-12-21T18:00:00-00:00,2019-12-21T19:00:00-00:00,0,2019-12-21,11,0,ACTUAL,PGE-TAC,Total Actual Hourly Integrated Load,SYS_FCST_ACT_MW,3.1,12766,ACTUAL,351
2019-12-22T00:00:00-00:00,2019-12-22T01:00:00-00:00,0,2019-12-21,17,0,ACTUAL,PGE-TAC,Total Actual Hourly Integrated Load,SYS_FCST_ACT_MW,3.1,12766,ACTUAL,351
2019-12-21T22:00:00-00:00,2019-12-21T23:00:00-00:00,0,2019-12-21,15,0,ACTUAL,PGE-TAC,Total Actual Hourly Integrated Load,SYS_FCST_ACT_MW,3.1,10819,ACTUAL,351
2019-12-21T12:00:00-00:00,2019-12-21T13:00:00-00:00,0,2019-12-21,5,0,ACTUAL,PGE-TAC,Total Actual Hourly Integrated Load,SYS_FCST_ACT_MW,3.1,9303,ACTUAL,351
2019-12-21T21:00:00-00:00,2019-12-21T22:00:00-00:00,0,2019-12-21,14,0,ACTUAL,PGE-TAC,Total Actual Hourly Integrated Load,SYS_FCST_ACT_MW,3.1,12766,ACTUAL,351
2019-12-22T07:00:00-00:00,2019-12-22T08:00:00-00:00,0,2019-12-21,24,0,ACTUAL,PGE-TAC,Total Actual Hourly Integrated Load,SYS_FCST_ACT_MW,3.1,12766,ACTUAL,351
2019-12-21T17:00:00-00:00,2019-12-21T18:00:00-00:00,0,2019-12-21,10,0,ACTUAL,PGE-TAC,Total Actual Hourly Integrated Load,SYS_FCST_ACT_MW,3.1,11211,ACTUAL,351
2019-12-21T16:00:00-00:00,2019-12-21T17:00:00-00:00,0,2019-12-21,9,0,ACTUAL,PGE-TAC,Total Actual Hourly Integrated Load,SYS_FCST_ACT_MW,3.1,11102,ACTUAL,351
2019-12-21T10:00:00-00:00,2019-12-21T11:00:00-00:00,0,2019-12-21,3,0,ACTUAL,PGE-TAC,Total Actual Hourly Integrated Load,SYS_FCST_ACT_MW,3.1,9371,ACTUAL,351
2019-12-22T03:00:00-00:00,2019-12-22T04:00:00-00:00,0,2019-12-21,20,0,ACTUAL,PGE-TAC,Total Actual Hourly Integrated Load,SYS_FCST_ACT_MW,3.1,12766,ACTUAL,351
2019-12-22T04:00:00-00:00,2019-12-22T05:00:00-00:00,0,2019-12-21,21,0,ACTUAL,PGE-TAC,Total Actual Hourly Integrated Load,SYS_FCST_ACT_MW,3.1,12025,ACTUAL,351
2019-12-22T05:00:00-00:00,2019-12-22T06:00:00-00:00,0,2019-12-21,22,0,ACTUAL,PGE-TAC,Total Actual Hourly Integrated Load,SYS_FCST_ACT_MW,3.1,11650,ACTUAL,351
2019-12-22T02:00:00-00:00,2019-12-22T03:00:00-00:00,0,2019-12-21,19,0,ACTUAL,PGE-TAC,Total Actual Hourly Integrated Load,SYS_FCST_ACT_MW,3.1,12517,ACTUAL,351
2019-12-21T23:00:00-00:00,2019-12-22T00:00:00-00:00,0,2019-12-21,16,0,ACTUAL,PGE-TAC,Total Actual Hourly Integrated Load,SYS_FCST_ACT_MW,3.1,11103,ACTUAL,351
2019-12-22T01:00:00-00:00,2019-12-22T02:00:00-00:00,0,2019-12-21,18,0,ACTUAL,PGE-TAC,Total Actual Hourly Integrated Load,SYS_FCST_ACT_MW,3.1,12766,ACTUAL,351
2019-12-21T20:00:00-00:00,2019-12-21T21:00:00-00:00,0,2019-12-21,13,0,ACTUAL,PGE-TAC,Total Actual Hourly Integrated Load,SYS_FCST_ACT_MW,3.1,12766,ACTUAL,351
2019-12-21T14:00:00-00:00,2019-12-21T15:00:00-00:00,0,2019-12-21,7,0,ACTUAL,PGE-TAC,Total Actual Hourly Integrated Load,SYS_FCST_ACT_MW,3.1,10216,ACTUAL,351
2019-12-21T17:00:00-00:00,2019-12-21T18:00:00-00:00,0,2019-12-21,10,0,ACTUAL,PSEI,Total Actual Hourly Integrated Load,SYS_FCST_ACT_MW,3.8,3316,ACTUAL,352
2019-12-21T15:00:00-00:00,2019-12-21T16:00:00-00:00,0,2019-12-21,8,0,ACTUAL,PSEI,Total Actual Hourly Integrated Load,SYS_FCST_ACT_MW,3.8,2944,ACTUAL,352
2019-12-21T14:00:00-00:00,2019-12-21T15:00:00-00:00,0,2019-12-21,7,0,ACTUAL,PSEI,Total Actual Hourly Integrated Load,SYS_FCST_ACT_MW,3.8,2713,ACTUAL,352
2019-12-21T12:00:00-00:00,2019-12-21T13:00:00-00:00,0,2019-12-21,5,0,ACTUAL,PSEI,Total Actual Hourly Integrated Load,SYS_FCST_ACT_MW,3.8,2382,ACTUAL,352
2019-12-22T03:00:00-00:00,2019-12-22T04:00:00-00:00,0,2019-12-21,20,0,ACTUAL,PSEI,Total Actual Hourly Integrated Load,SYS_FCST_ACT_MW,3.8,3417,ACTUAL,352
2019-12-21T11:00:00-00:00,2019-12-21T12:00:00-00:00,0,2019-12-21,4,0,ACTUAL,PSEI,Total Actual Hourly Integrated Load,SYS_FCST_ACT_MW,3.8,2321,ACTUAL,352
2019-12-21T20:00:00-00:00,2019-12-21T21:00:00-00:00,0,2019-12-21,13,0,ACTUAL,PSEI,Total Actual Hourly Integrated Load,SYS_FCST_ACT_MW,3.8,3418,ACTUAL,352
2019-12-21T09:00:00-00:00,2019-12-21T10:00:00-00:00,0,2019-12-21,2,0,ACTUAL,PSEI,Total Actual Hourly Integrated Load,SYS_FCST_ACT_MW,3.8,3382,ACTUAL,352
2019-12-22T06:00:00-00:00,2019-12-22T07:00:00-00:00,0,2019-12-21,23,0,ACTUAL,PSEI,Total Actual Hourly Integrated Load,SYS_FCST_ACT_MW,3.8,2990,ACTUAL,352
2019-12-22T00:00:00-00:00,2019-12-22T01:00:00-00:00,0,2019-12-21,17,0,ACTUAL,PSEI,Total Actual Hourly Integrated Load,SYS_FCST_ACT_MW,3.8,3426,ACTUAL,352
2019-12-21T23:00:00-00:00,2019-12-22T00:00:00-00:00,0,2019-12-21,16,0,ACTUAL,PSEI,Total Actual Hourly Integrated Load,SYS_FCST_ACT_MW,3.8,3356,ACTUAL,352
2019-12-21T16:00:00-00:00,2019-12-21T17:00:00-00:00,0,2019-12-21,9,0,ACTUAL,PSEI,Total Actual Hourly Integrated Load,SYS_FCST_ACT_MW,3.8,3163,ACTUAL,352
2019-12-21T10:00:00-00:00,2019-12-21T11:00:00-00:00,0,2019-12-21,3,0,ACTUAL,PSEI,Total Actual Hourly Integrated Load,SYS_FCST_ACT_MW,3.8,2326,ACTUAL,352
2019-12-22T07:00:00-00:00,2019-12-22T08:00:00-00:00,0,2019-12-21,24,0,ACTUAL,PSEI,Total Actual Hourly Integrated Load,SYS_FCST_ACT_MW,3.8,3389,ACTUAL,352
2019-12-22T04:00:00-00:00,2019-12-22T05:00:00-00:00,0,2019-12-21,21,0,ACTUAL,PSEI,Total Actual Hourly Integrated Load,SYS_FCST_ACT_MW,3.8,3332,ACTUAL,352
2019-12-22T02:00:00-00:00,2019-12-22T03:00:00-00:00,0,2019-12-21,19,0,ACTUAL,PSEI,Total Actual Hourly Integrated Load,SYS_FCST_ACT_MW,3.8,3510,ACTUAL,352
2019-12-21T08:00:00-00:00,2019-12-21T09:00:00-00:00,0,2019-12-21,1,0,ACTUAL,PSEI,Total Actual Hourly Integrated Load,SYS_FCST_ACT_MW,3.8,2490,ACTUAL,352
2019-12-22T01:00:00-00:00,2019-12-22T02:00:00-00:00,0,2019-12-21,18,0,ACTUAL,PSEI,Total Actual Hourly Integrated Load,SYS_FCST_ACT_MW,3.8,3423,ACTUAL,352
2019-12-21T21:00:00-00:00,2019-12-21T22:00:00-00:00,0,2019-12-21,14,0,ACTUAL,PSEI,Total Actual Hourly Integrated Load,SYS_FCST_ACT_MW,3.8,3418,ACTUAL,352
2019-12-21T13:00:00-00:00,2019-12-21T14:00:00-00:00,0,2019-12-21,6,0,ACTUAL,PSEI,Total Actual Hourly Integrated Load,SYS_FCST_ACT_MW,3.8,2522,ACTUAL,352
2019-12-22T05:00:00-00:00,2019-12-22T06:00:00-00:00,0,2019-12-21,22,0,ACTUAL,PSEI,Total Actual Hourly Integrated Load,SYS_FCST_ACT_MW,3.8,3203,ACTUAL,352
2019-12-21T22:00:00-00:00,2019-12-21T23:00:00-00:00,0,2019-12-21,15,0,ACTUAL,PSEI,Total Actual Hourly Integrated Load,SYS_FCST_ACT_MW,3.8,3325,ACTUAL,352
2019-12-21T18:00:00-00:00,2019-12-21T19:00:00-00:00,0,2019-12-21,11,0,ACTUAL,PSEI,Total Actual Hourly Integrated Load,SYS_FCST_ACT_MW,3.8,3421,ACTUAL,352
2019-12-21T19:00:00-00:00,2019-12-21T20:00:00-00:00,0,2019-12-21,12,0,ACTUAL,PSEI,Total Actual Hourly Integrated Load,SYS_FCST_ACT_MW,3.8,3420,ACTUAL,352
2019-12-21T18:00:00-00:00,2019-12-21T19:00:00-00:00,0,2019-12-21,11,0,ACTUAL,SCE-TAC,Total Actual Hourly Integrated Load,SYS_FCST_ACT_MW,3.2,12428,ACTUAL,353
2019-12-21T19:00:00-00:00,2019-12-21T20:00:00-00:00,0,2019-12-21,12,0,ACTUAL,SCE-TAC,Total Actual Hourly Integrated Load,SYS_FCST_ACT_MW,3.2,12428,ACTUAL,353
2019-12-22T07:00:00-00:00,2019-12-22T08:00:00-00:00,0,2019-12-21,24,0,ACTUAL,SCE-TAC,Total Actual Hourly Integrated Load,SYS_FCST_ACT_MW,3.2,12427,ACTUAL,353
2019-12-21T12:00:00-00:00,2019-12-21T13:00:00-00:00,0,2019-12-21,5,0,ACTUAL,SCE-TAC,Total Actual Hourly Integrated Load,SYS_FCST_ACT_MW,3.2,9296,ACTUAL,353
2019-12-22T01:00:00-00:00,2019-12-22T02:00:00-00:00,0,2019-12-21,18,0,ACTUAL,SCE-TAC,Total Actual Hourly Integrated Load,SYS_FCST_ACT_MW,3.2,12427,ACTUAL,353
2019-12-22T02:00:00-00:00,2019-12-22T03:00:00-00:00,0,2019-12-21,19,0,ACTUAL,SCE-TAC,Total Actual Hourly Integrated Load,SYS_FCST_ACT_MW,3.2,11990,ACTUAL,353
2019-12-21T20:00:00-00:00,2019-12-21T21:00:00-00:00,0,2019-12-21,13,0,ACTUAL,SCE-TAC,Total Actual Hourly Integrated Load,SYS_FCST_ACT_MW,3.2,12428,ACTUAL,353
2019-12-22T06:00:00-00:00,2019-12-22T07:00:00-00:00,0,2019-12-21,23,0,ACTUAL,SCE-TAC,Total Actual Hourly Integrated Load,SYS_FCST_ACT_MW,3.2,10845,ACTUAL,353
2019-12-21T10:00:00-00:00,2019-12-21T11:00:00-00:00,0,2019-12-21,3,0,ACTUAL,SCE-TAC,Total Actual Hourly Integrated Load,SYS_FCST_ACT_MW,3.2,9324,ACTUAL,353
2019-12-22T05:00:00-00:00,2019-12-22T06:00:00-00:00,0,2019-12-21,22,0,ACTUAL,SCE-TAC,Total Actual Hourly Integrated Load,SYS_FCST_ACT_MW,3.2,11398,ACTUAL,353
2019-12-22T00:00:00-00:00,2019-12-22T01:00:00-00:00,0,2019-12-21,17,0,ACTUAL,SCE-TAC,Total Actual Hourly Integrated Load,SYS_FCST_ACT_MW,3.2,12427,ACTUAL,353
2019-12-21T09:00:00-00:00,2019-12-21T10:00:00-00:00,0,2019-12-21,2,0,ACTUAL,SCE-TAC,Total Actual Hourly Integrated Load,SYS_FCST_ACT_MW,3.2,12427,ACTUAL,353
2019-12-21T08:00:00-00:00,2019-12-21T09:00:00-00:00,0,2019-12-21,1,0,ACTUAL,SCE-TAC,Total Actual Hourly Integrated Load,SYS_FCST_ACT_MW,3.2,9977,ACTUAL,353
2019-12-21T11:00:00-00:00,2019-12-21T12:00:00-00:00,0,2019-12-21,4,0,ACTUAL,SCE-TAC,Total Actual Hourly Integrated Load,SYS_FCST_ACT_MW,3.2,9202,ACTUAL,353
2019-12-22T04:00:00-00:00,2019-12-22T05:00:00-00:00,0,2019-12-21,21,0,ACTUAL,SCE-TAC,Total Actual Hourly Integrated Load,SYS_FCST_ACT_MW,3.2,11715,ACTUAL,353
2019-12-21T21:00:00-00:00,2019-12-21T22:00:00-00:00,0,2019-12-21,14,0,ACTUAL,SCE-TAC,Total Actual Hourly Integrated Load,SYS_FCST_ACT_MW,3.2,12428,ACTUAL,353
2019-12-21T22:00:00-00:00,2019-12-21T23:00:00-00:00,0,2019-12-21,15,0,ACTUAL,SCE-TAC,Total Actual Hourly Integrated Load,SYS_FCST_ACT_MW,3.2,9906,ACTUAL,353
2019-12-21T17:00:00-00:00,2019-12-21T18:00:00-00:00,0,2019-12-21,10,0,ACTUAL,SCE-TAC,Total Actual Hourly Integrated Load,SYS_FCST_ACT_MW,3.2,10396,ACTUAL,353
2019-12-22T03:00:00-00:00,2019-12-22T04:00:00-00:00,0,2019-12-21,20,0,ACTUAL,SCE-TAC,Total Actual Hourly Integrated Load,SYS_FCST_ACT_MW,3.2,12427,ACTUAL,353
2019-12-21T23:00:00-00:00,2019-12-22T00:00:00-00:00,0,2019-12-21,16,0,ACTUAL,SCE-TAC,Total Actual Hourly Integrated Load,SYS_FCST_ACT_MW,3.2,10225,ACTUAL,353
2019-12-21T15:00:00-00:00,2019-12-21T16:00:00-00:00,0,2019-12-21,8,0,ACTUAL,SCE-TAC,Total Actual Hourly Integrated Load,SYS_FCST_ACT_MW,3.2,10242,ACTUAL,353
2019-12-21T14:00:00-00:00,2019-12-21T15:00:00-00:00,0,2019-12-21,7,0,ACTUAL,SCE-TAC,Total Actual Hourly Integrated Load,SYS_FCST_ACT_MW,3.2,10056,ACTUAL,353
2019-12-21T13:00:00-00:00,2019-12-21T14:00:00-00:00,0,2019-12-21,6,0,ACTUAL,SCE-TAC,Total Actual Hourly Integrated Load,SYS_FCST_ACT_MW,3.2,9619,ACTUAL,353
2019-12-21T16:00:00-00:00,2019-12-21T17:00:00-00:00,0,2019-12-21,9,0,ACTUAL,SCE-TAC,Total Actual Hourly Integrated Load,SYS_FCST_ACT_MW,3.2,10440,ACTUAL,353
2019-12-21T13:00:00-00:00,2019-12-21T14:00:00-00:00,0,2019-12-21,6,0,ACTUAL,SCL,Total Actual Hourly Integrated Load,SYS_FCST_ACT_MW,3.8,955,ACTUAL,354
2019-12-22T07:00:00-00:00,2019-12-22T08:00:00-00:00,0,2019-12-21,24,0,ACTUAL,SCL,Total Actual Hourly Integrated Load,SYS_FCST_ACT_MW,3.8,1294,ACTUAL,354
2019-12-21T16:00:00-00:00,2019-12-21T17:00:00-00:00,0,2019-12-21,9,0,ACTUAL,SCL,Total Actual Hourly Integrated Load,SYS_FCST_ACT_MW,3.8,1187,ACTUAL,354
2019-12-21T11:00:00-00:00,2019-12-21T12:00:00-00:00,0,2019-12-21,4,0,ACTUAL,SCL,Total Actual Hourly Integrated Load,SYS_FCST_ACT_MW,3.8,891,ACTUAL,354
2019-12-22T05:00:00-00:00,2019-12-22T06:00:00-00:00,0,2019-12-21,22,0,ACTUAL,SCL,Total Actual Hourly Integrated Load,SYS_FCST_ACT_MW,3.8,1188,ACTUAL,354
2019-12-21T18:00:00-00:00,2019-12-21T19:00:00-00:00,0,2019-12-21,11,0,ACTUAL,SCL,Total Actual Hourly Integrated Load,SYS_FCST_ACT_MW,3.8,1306,ACTUAL,354
2019-12-21T14:00:00-00:00,2019-12-21T15:00:00-00:00,0,2019-12-21,7,0,ACTUAL,SCL,Total Actual Hourly Integrated Load,SYS_FCST_ACT_MW,3.8,1026,ACTUAL,354
2019-12-22T00:00:00-00:00,2019-12-22T01:00:00-00:00,0,2019-12-21,17,0,ACTUAL,SCL,Total Actual Hourly Integrated Load,SYS_FCST_ACT_MW,3.8,1306,ACTUAL,354
2019-12-21T20:00:00-00:00,2019-12-21T21:00:00-00:00,0,2019-12-21,13,0,ACTUAL,SCL,Total Actual Hourly Integrated Load,SYS_FCST_ACT_MW,3.8,1304,ACTUAL,354
2019-12-21T19:00:00-00:00,2019-12-21T20:00:00-00:00,0,2019-12-21,12,0,ACTUAL,SCL,Total Actual Hourly Integrated Load,SYS_FCST_ACT_MW,3.8,1306,ACTUAL,354
2019-12-22T06:00:00-00:00,2019-12-22T07:00:00-00:00,0,2019-12-21,23,0,ACTUAL,SCL,Total Actual Hourly Integrated Load,SYS_FCST_ACT_MW,3.8,1124,ACTUAL,354
2019-12-21T22:00:00-00:00,2019-12-21T23:00:00-00:00,0,2019-12-21,15,0,ACTUAL,SCL,Total Actual Hourly Integrated Load,SYS_FCST_ACT_MW,3.8,1253,ACTUAL,354
2019-12-21T17:00:00-00:00,2019-12-21T18:00:00-00:00,0,2019-12-21,10,0,ACTUAL,SCL,Total Actual Hourly Integrated Load,SYS_FCST_ACT_MW,3.8,1253,ACTUAL,354
2019-12-21T10:00:00-00:00,2019-12-21T11:00:00-00:00,0,2019-12-21,3,0,ACTUAL,SCL,Total Actual Hourly Integrated Load,SYS_FCST_ACT_MW,3.8,893,ACTUAL,354
2019-12-21T08:00:00-00:00,2019-12-21T09:00:00-00:00,0,2019-12-21,1,0,ACTUAL,SCL,Total Actual Hourly Integrated Load,SYS_FCST_ACT_MW,3.8,959,ACTUAL,354
2019-12-22T04:00:00-00:00,2019-12-22T05:00:00-00:00,0,2019-12-21,21,0,ACTUAL,SCL,Total Actual Hourly Integrated Load,SYS_FCST_ACT_MW,3.8,1229,ACTUAL,354
2019-12-21T09:00:00-00:00,2019-12-21T10:00:00-00:00,0,2019-12-21,2,0,ACTUAL,SCL,Total Actual Hourly Integrated Load,SYS_FCST_ACT_MW,3.8,1291,ACTUAL,354
2019-12-22T02:00:00-00:00,2019-12-22T03:00:00-00:00,0,2019-12-21,19,0,ACTUAL,SCL,Total Actual Hourly Integrated Load,SYS_FCST_ACT_MW,3.8,1297,ACTUAL,354
2019-12-22T01:00:00-00:00,2019-12-22T02:00:00-00:00,0,2019-12-21,18,0,ACTUAL,SCL,Total Actual Hourly Integrated Load,SYS_FCST_ACT_MW,3.8,1306,ACTUAL,354
2019-12-21T23:00:00-00:00,2019-12-22T00:00:00-00:00,0,2019-12-21,16,0,ACTUAL,SCL,Total Actual Hourly Integrated Load,SYS_FCST_ACT_MW,3.8,1258,ACTUAL,354
2019-12-21T21:00:00-00:00,2019-12-21T22:00:00-00:00,0,2019-12-21,14,0,ACTUAL,SCL,Total Actual Hourly Integrated Load,SYS_FCST_ACT_MW,3.8,1304,ACTUAL,354
2019-12-21T15:00:00-00:00,2019-12-21T16:00:00-00:00,0,2019-12-21,8,0,ACTUAL,SCL,Total Actual Hourly Integrated Load,SYS_FCST_ACT_MW,3.8,1102,ACTUAL,354
2019-12-22T03:00:00-00:00,2019-12-22T04:00:00-00:00,0,2019-12-21,20,0,ACTUAL,SCL,Total Actual Hourly Integrated Load,SYS_FCST_ACT_MW,3.8,1303,ACTUAL,354
2019-12-21T12:00:00-00:00,2019-12-21T13:00:00-00:00,0,2019-12-21,5,0,ACTUAL,SCL,Total Actual Hourly Integrated Load,SYS_FCST_ACT_MW,3.8,908,ACTUAL,354
2019-12-22T01:00:00-00:00,2019-12-22T02:00:00-00:00,0,2019-12-21,18,0,ACTUAL,SDGE-TAC,Total Actual Hourly Integrated Load,SYS_FCST_ACT_MW,3.4,2670,ACTUAL,355
2019-12-21T18:00:00-00:00,2019-12-21T19:00:00-00:00,0,2019-12-21,11,0,ACTUAL,SDGE-TAC,Total Actual Hourly Integrated Load,SYS_FCST_ACT_MW,3.4,2670,ACTUAL,355
2019-12-21T21:00:00-00:00,2019-12-21T22:00:00-00:00,0,2019-12-21,14,0,ACTUAL,SDGE-TAC,Total Actual Hourly Integrated Load,SYS_FCST_ACT_MW,3.4,2670,ACTUAL,355
2019-12-21T15:00:00-00:00,2019-12-21T16:00:00-00:00,0,2019-12-21,8,0,ACTUAL,SDGE-TAC,Total Actual Hourly Integrated Load,SYS_FCST_ACT_MW,3.4,2122,ACTUAL,355
2019-12-21T13:00:00-00:00,2019-12-21T14:00:00-00:00,0,2019-12-21,6,0,ACTUAL,SDGE-TAC,Total Actual Hourly Integrated Load,SYS_FCST_ACT_MW,3.4,1924,ACTUAL,355
2019-12-21T20:00:00-00:00,2019-12-21T21:00:00-00:00,0,2019-12-21,13,0,ACTUAL,SDGE-TAC,Total Actual Hourly Integrated Load,SYS_FCST_ACT_MW,3.4,2670,ACTUAL,355
2019-12-21T08:00:00-00:00,2019-12-21T09:00:00-00:00,0,2019-12-21,1,0,ACTUAL,SDGE-TAC,Total Actual Hourly Integrated Load,SYS_FCST_ACT_MW,3.4,2001,ACTUAL,355
2019-12-21T14:00:00-00:00,2019-12-21T15:00:00-00:00,0,2019-12-21,7,0,ACTUAL,SDGE-TAC,Total Actual Hourly Integrated Load,SYS_FCST_ACT_MW,3.4,2043,ACTUAL,355
2019-12-22T02:00:00-00:00,2019-12-22T03:00:00-00:00,0,2019-12-21,19,0,ACTUAL,SDGE-TAC,Total Actual Hourly Integrated Load,SYS_FCST_ACT_MW,3.4,2639,ACTUAL,355
2019-12-22T03:00:00-00:00,2019-12-22T04:00:00-00:00,0,2019-12-21,20,0,ACTUAL,SDGE-TAC,Total Actual Hourly Integrated Load,SYS_FCST_ACT_MW,3.4,2670,ACTUAL,355
2019-12-21T17:00:00-00:00,2019-12-21T18:00:00-00:00,0,2019-12-21,10,0,ACTUAL,SDGE-TAC,Total Actual Hourly Integrated Load,SYS_FCST_ACT_MW,3.4,2114,ACTUAL,355
2019-12-21T22:00:00-00:00,2019-12-21T23:00:00-00:00,0,2019-12-21,15,0,ACTUAL,SDGE-TAC,Total Actual Hourly Integrated Load,SYS_FCST_ACT_MW,3.4,2062,ACTUAL,355
2019-12-22T04:00:00-00:00,2019-12-22T05:00:00-00:00,0,2019-12-21,21,0,ACTUAL,SDGE-TAC,Total Actual Hourly Integrated Load,SYS_FCST_ACT_MW,3.4,2526,ACTUAL,355
2019-12-22T06:00:00-00:00,2019-12-22T07:00:00-00:00,0,2019-12-21,23,0,ACTUAL,SDGE-TAC,Total Actual Hourly Integrated Load,SYS_FCST_ACT_MW,3.4,2269,ACTUAL,355
2019-12-21T10:00:00-00:00,2019-12-21T11:00:00-00:00,0,2019-12-21,3,0,ACTUAL,SDGE-TAC,Total Actual Hourly Integrated Load,SYS_FCST_ACT_MW,3.4,1890,ACTUAL,355
2019-12-21T19:00:00-00:00,2019-12-21T20:00:00-00:00,0,2019-12-21,12,0,ACTUAL,SDGE-TAC,Total Actual Hourly Integrated Load,SYS_FCST_ACT_MW,3.4,2670,ACTUAL,355
2019-12-22T00:00:00-00:00,2019-12-22T01:00:00-00:00,0,2019-12-21,17,0,ACTUAL,SDGE-TAC,Total Actual Hourly Integrated Load,SYS_FCST_ACT_MW,3.4,2670,ACTUAL,355
2019-12-21T09:00:00-00:00,2019-12-21T10:00:00-00:00,0,2019-12-21,2,0,ACTUAL,SDGE-TAC,Total Actual Hourly Integrated Load,SYS_FCST_ACT_MW,3.4,2670,ACTUAL,355
2019-12-21T11:00:00-00:00,2019-12-21T12:00:00-00:00,0,2019-12-21,4,0,ACTUAL,SDGE-TAC,Total Actual Hourly Integrated Load,SYS_FCST_ACT_MW,3.4,1864,ACTUAL,355
2019-12-21T12:00:00-00:00,2019-12-21T13:00:00-00:00,0,2019-12-21,5,0,ACTUAL,SDGE-TAC,Total Actual Hourly Integrated Load,SYS_FCST_ACT_MW,3.4,1884,ACTUAL,355
2019-12-21T16:00:00-00:00,2019-12-21T17:00:00-00:00,0,2019-12-21,9,0,ACTUAL,SDGE-TAC,Total Actual Hourly Integrated Load,SYS_FCST_ACT_MW,3.4,2131,ACTUAL,355
2019-12-22T05:00:00-00:00,2019-12-22T06:00:00-00:00,0,2019-12-21,22,0,ACTUAL,SDGE-TAC,Total Actual Hourly Integrated Load,SYS_FCST_ACT_MW,3.4,2429,ACTUAL,355
2019-12-22T07:00:00-00:00,2019-12-22T08:00:00-00:00,0,2019-12-21,24,0,ACTUAL,SDGE-TAC,Total Actual Hourly Integrated Load,SYS_FCST_ACT_MW,3.4,2670,ACTUAL,355
2019-12-21T23:00:00-00:00,2019-12-22T00:00:00-00:00,0,2019-12-21,16,0,ACTUAL,SDGE-TAC,Total Actual Hourly Integrated Load,SYS_FCST_ACT_MW,3.4,2174,ACTUAL,355
2019-12-21T21:00:00-00:00,2019-12-21T22:00:00-00:00,0,2019-12-21,14,0,ACTUAL,SRP,Total Actual Hourly Integrated Load,SYS_FCST_ACT_MW,3.8,3135,ACTUAL,356
2019-12-21T14:00:00-00:00,2019-12-21T15:00:00-00:00,0,2019-12-21,7,0,ACTUAL,SRP,Total Actual Hourly Integrated Load,SYS_FCST_ACT_MW,3.8,3276,ACTUAL,356
2019-12-22T03:00:00-00:00,2019-12-22T04:00:00-00:00,0,2019-12-21,20,0,ACTUAL,SRP,Total Actual Hourly Integrated Load,SYS_FCST_ACT_MW,3.8,3146,ACTUAL,356
2019-12-22T05:00:00-00:00,2019-12-22T06:00:00-00:00,0,2019-12-21,22,0,ACTUAL,SRP,Total Actual Hourly Integrated Load,SYS_FCST_ACT_MW,3.8,2888,ACTUAL,356
2019-12-21T10:00:00-00:00,2019-12-21T11:00:00-00:00,0,2019-12-21,3,0,ACTUAL,SRP,Total Actual Hourly Integrated Load,SYS_FCST_ACT_MW,3.8,2796,ACTUAL,356
2019-12-21T17:00:00-00:00,2019-12-21T18:00:00-00:00,0,2019-12-21,10,0,ACTUAL,SRP,Total Actual Hourly Integrated Load,SYS_FCST_ACT_MW,3.8,3073,ACTUAL,356
2019-12-21T18:00:00-00:00,2019-12-21T19:00:00-00:00,0,2019-12-21,11,0,ACTUAL,SRP,Total Actual Hourly Integrated Load,SYS_FCST_ACT_MW,3.8,3138,ACTUAL,356
2019-12-21T19:00:00-00:00,2019-12-21T20:00:00-00:00,0,2019-12-21,12,0,ACTUAL,SRP,Total Actual Hourly Integrated Load,SYS_FCST_ACT_MW,3.8,3136,ACTUAL,356
2019-12-22T02:00:00-00:00,2019-12-22T03:00:00-00:00,0,2019-12-21,19,0,ACTUAL,SRP,Total Actual Hourly Integrated Load,SYS_FCST_ACT_MW,3.8,3058,ACTUAL,356
2019-12-21T08:00:00-00:00,2019-12-21T09:00:00-00:00,0,2019-12-21,1,0,ACTUAL,SRP,Total Actual Hourly Integrated Load,SYS_FCST_ACT_MW,3.8,2812,ACTUAL,356
2019-12-21T20:00:00-00:00,2019-12-21T21:00:00-00:00,0,2019-12-21,13,0,ACTUAL,SRP,Total Actual Hourly Integrated Load,SYS_FCST_ACT_MW,3.8,3135,ACTUAL,356
2019-12-22T06:00:00-00:00,2019-12-22T07:00:00-00:00,0,2019-12-21,23,0,ACTUAL,SRP,Total Actual Hourly Integrated Load,SYS_FCST_ACT_MW,3.8,2737,ACTUAL,356
2019-12-21T09:00:00-00:00,2019-12-21T10:00:00-00:00,0,2019-12-21,2,0,ACTUAL,SRP,Total Actual Hourly Integrated Load,SYS_FCST_ACT_MW,3.8,3141,ACTUAL,356
2019-12-21T12:00:00-00:00,2019-12-21T13:00:00-00:00,0,2019-12-21,5,0,ACTUAL,SRP,Total Actual Hourly Integrated Load,SYS_FCST_ACT_MW,3.8,2958,ACTUAL,356
2019-12-21T13:00:00-00:00,2019-12-21T14:00:00-00:00,0,2019-12-21,6,0,ACTUAL,SRP,Total Actual Hourly Integrated Load,SYS_FCST_ACT_MW,3.8,3141,ACTUAL,356
2019-12-21T22:00:00-00:00,2019-12-21T23:00:00-00:00,0,2019-12-21,15,0,ACTUAL,SRP,Total Actual Hourly Integrated Load,SYS_FCST_ACT_MW,3.8,2691,ACTUAL,356
2019-12-21T23:00:00-00:00,2019-12-22T00:00:00-00:00,0,2019-12-21,16,0,ACTUAL,SRP,Total Actual Hourly Integrated Load,SYS_FCST_ACT_MW,3.8,2747,ACTUAL,356
2019-12-22T07:00:00-00:00,2019-12-22T08:00:00-00:00,0,2019-12-21,24,0,ACTUAL,SRP,Total Actual Hourly Integrated Load,SYS_FCST_ACT_MW,3.8,3128,ACTUAL,356
2019-12-21T11:00:00-00:00,2019-12-21T12:00:00-00:00,0,2019-12-21,4,0,ACTUAL,SRP,Total Actual Hourly Integrated Load,SYS_FCST_ACT_MW,3.8,2842,ACTUAL,356
2019-12-21T16:00:00-00:00,2019-12-21T17:00:00-00:00,0,2019-12-21,9,0,ACTUAL,SRP,Total Actual Hourly Integrated Load,SYS_FCST_ACT_MW,3.8,3224,ACTUAL,356
2019-12-22T01:00:00-00:00,2019-12-22T02:00:00-00:00,0,2019-12-21,18,0,ACTUAL,SRP,Total Actual Hourly Integrated Load,SYS_FCST_ACT_MW,3.8,3148,ACTUAL,356
2019-12-22T04:00:00-00:00,2019-12-22T05:00:00-00:00,0,2019-12-21,21,0,ACTUAL,SRP,Total Actual Hourly Integrated Load,SYS_FCST_ACT_MW,3.8,2994,ACTUAL,356
2019-12-21T15:00:00-00:00,2019-12-21T16:00:00-00:00,0,2019-12-21,8,0,ACTUAL,SRP,Total Actual Hourly Integrated Load,SYS_FCST_ACT_MW,3.8,3315,ACTUAL,356
2019-12-22T00:00:00-00:00,2019-12-22T01:00:00-00:00,0,2019-12-21,17,0,ACTUAL,SRP,Total Actual Hourly Integrated Load,SYS_FCST_ACT_MW,3.8,3150,ACTUAL,356
2019-12-22T03:00:00-00:00,2019-12-22T04:00:00-00:00,0,2019-12-21,20,0,ACTUAL,VEA-TAC,Total Actual Hourly Integrated Load,SYS_FCST_ACT_MW,3.5,84,ACTUAL,357
2019-12-22T05:00:00-00:00,2019-12-22T06:00:00-00:00,0,2019-12-21,22,0,ACTUAL,VEA-TAC,Total Actual Hourly Integrated Load,SYS_FCST_ACT_MW,3.5,79,ACTUAL,357
2019-12-21T10:00:00-00:00,2019-12-21T11:00:00-00:00,0,2019-12-21,3,0,ACTUAL,VEA-TAC,Total Actual Hourly Integrated Load,SYS_FCST_ACT_MW,3.5,81,ACTUAL,357
2019-12-21T16:00:00-00:00,2019-12-21T17:00:00-00:00,0,2019-12-21,9,0,ACTUAL,VEA-TAC,Total Actual Hourly Integrated Load,SYS_FCST_ACT_MW,3.5,98,ACTUAL,357
2019-12-22T06:00:00-00:00,2019-12-22T07:00:00-00:00,0,2019-12-21,23,0,ACTUAL,VEA-TAC,Total Actual Hourly Integrated Load,SYS_FCST_ACT_MW,3.5,76,ACTUAL,357
2019-12-21T17:00:00-00:00,2019-12-21T18:00:00-00:00,0,2019-12-21,10,0,ACTUAL,VEA-TAC,Total Actual Hourly Integrated Load,SYS_FCST_ACT_MW,3.5,90,ACTUAL,357
2019-12-21T20:00:00-00:00,2019-12-21T21:00:00-00:00,0,2019-12-21,13,0,ACTUAL,VEA-TAC,Total Actual Hourly Integrated Load,SYS_FCST_ACT_MW,3.5,83,ACTUAL,357
2019-12-21T11:00:00-00:00,2019-12-21T12:00:00-00:00,0,2019-12-21,4,0,ACTUAL,VEA-TAC,Total Actual Hourly Integrated Load,SYS_FCST_ACT_MW,3.5,83,ACTUAL,357
2019-12-21T13:00:00-00:00,2019-12-21T14:00:00-00:00,0,2019-12-21,6,0,ACTUAL,VEA-TAC,Total Actual Hourly Integrated Load,SYS_FCST_ACT_MW,3.5,93,ACTUAL,357
2019-12-21T18:00:00-00:00,2019-12-21T19:00:00-00:00,0,2019-12-21,11,0,ACTUAL,VEA-TAC,Total Actual Hourly Integrated Load,SYS_FCST_ACT_MW,3.5,83,ACTUAL,357
2019-12-21T21:00:00-00:00,2019-12-21T22:00:00-00:00,0,2019-12-21,14,0,ACTUAL,VEA-TAC,Total Actual Hourly Integrated Load,SYS_FCST_ACT_MW,3.5,83,ACTUAL,357
2019-12-21T22:00:00-00:00,2019-12-21T23:00:00-00:00,0,2019-12-21,15,0,ACTUAL,VEA-TAC,Total Actual Hourly Integrated Load,SYS_FCST_ACT_MW,3.5,59,ACTUAL,357
2019-12-22T02:00:00-00:00,2019-12-22T03:00:00-00:00,0,2019-12-21,19,0,ACTUAL,VEA-TAC,Total Actual Hourly Integrated Load,SYS_FCST_ACT_MW,3.5,79,ACTUAL,357
2019-12-22T04:00:00-00:00,2019-12-22T05:00:00-00:00,0,2019-12-21,21,0,ACTUAL,VEA-TAC,Total Actual Hourly Integrated Load,SYS_FCST_ACT_MW,3.5,81,ACTUAL,357
2019-12-22T07:00:00-00:00,2019-12-22T08:00:00-00:00,0,2019-12-21,24,0,ACTUAL,VEA-TAC,Total Actual Hourly Integrated Load,SYS_FCST_ACT_MW,3.5,83,ACTUAL,357
2019-12-21T09:00:00-00:00,2019-12-21T10:00:00-00:00,0,2019-12-21,2,0,ACTUAL,VEA-TAC,Total Actual Hourly Integrated Load,SYS_FCST_ACT_MW,3.5,84,ACTUAL,357
2019-12-21T14:00:00-00:00,2019-12-21T15:00:00-00:00,0,2019-12-21,7,0,ACTUAL,VEA-TAC,Total Actual Hourly Integrated Load,SYS_FCST_ACT_MW,3.5,101,ACTUAL,357
2019-12-21T15:00:00-00:00,2019-12-21T16:00:00-00:00,0,2019-12-21,8,0,ACTUAL,VEA-TAC,Total Actual Hourly Integrated Load,SYS_FCST_ACT_MW,3.5,104,ACTUAL,357
2019-12-21T19:00:00-00:00,2019-12-21T20:00:00-00:00,0,2019-12-21,12,0,ACTUAL,VEA-TAC,Total Actual Hourly Integrated Load,SYS_FCST_ACT_MW,3.5,83,ACTUAL,357
2019-12-22T01:00:00-00:00,2019-12-22T02:00:00-00:00,0,2019-12-21,18,0,ACTUAL,VEA-TAC,Total Actual Hourly Integrated Load,SYS_FCST_ACT_MW,3.5,84,ACTUAL,357
2019-12-21T23:00:00-00:00,2019-12-22T00:00:00-00:00,0,2019-12-21,16,0,ACTUAL,VEA-TAC,Total Actual Hourly Integrated Load,SYS_FCST_ACT_MW,3.5,62,ACTUAL,357
2019-12-22T00:00:00-00:00,2019-12-22T01:00:00-00:00,0,2019-12-21,17,0,ACTUAL,VEA-TAC,Total Actual Hourly Integrated Load,SYS_FCST_ACT_MW,3.5,84,ACTUAL,357
2019-12-21T12:00:00-00:00,2019-12-21T13:00:00-00:00,0,2019-12-21,5,0,ACTUAL,VEA-TAC,Total Actual Hourly Integrated Load,SYS_FCST_ACT_MW,3.5,87,ACTUAL,357
2019-12-21T08:00:00-00:00,2019-12-21T09:00:00-00:00,0,2019-12-21,1,0,ACTUAL,VEA-TAC,Total Actual Hourly Integrated Load,SYS_FCST_ACT_MW,3.5,78,ACTUAL,357
2019-12-23T05:00:00-00:00,2019-12-23T06:00:00-00:00,0,2019-12-22,22,0,ACTUAL,AZPS,Total Actual Hourly Integrated Load,SYS_FCST_ACT_MW,3.8,2883,ACTUAL,358
2019-12-22T08:00:00-00:00,2019-12-22T09:00:00-00:00,0,2019-12-22,1,0,ACTUAL,AZPS,Total Actual Hourly Integrated Load,SYS_FCST_ACT_MW,3.8,2627,ACTUAL,358
2019-12-22T20:00:00-00:00,2019-12-22T21:00:00-00:00,0,2019-12-22,13,0,ACTUAL,AZPS,Total Actual Hourly Integrated Load,SYS_FCST_ACT_MW,3.8,2453,ACTUAL,358
2019-12-23T01:00:00-00:00,2019-12-23T02:00:00-00:00,0,2019-12-22,18,0,ACTUAL,AZPS,Total Actual Hourly Integrated Load,SYS_FCST_ACT_MW,3.8,3199,ACTUAL,358
2019-12-22T17:00:00-00:00,2019-12-22T18:00:00-00:00,0,2019-12-22,10,0,ACTUAL,AZPS,Total Actual Hourly Integrated Load,SYS_FCST_ACT_MW,3.8,2735,ACTUAL,358
2019-12-22T22:00:00-00:00,2019-12-22T23:00:00-00:00,0,2019-12-22,15,0,ACTUAL,AZPS,Total Actual Hourly Integrated Load,SYS_FCST_ACT_MW,3.8,2603,ACTUAL,358
2019-12-22T11:00:00-00:00,2019-12-22T12:00:00-00:00,0,2019-12-22,4,0,ACTUAL,AZPS,Total Actual Hourly Integrated Load,SYS_FCST_ACT_MW,3.8,2652,ACTUAL,358
2019-12-22T16:00:00-00:00,2019-12-22T17:00:00-00:00,0,2019-12-22,9,0,ACTUAL,AZPS,Total Actual Hourly Integrated Load,SYS_FCST_ACT_MW,3.8,3049,ACTUAL,358
2019-12-22T21:00:00-00:00,2019-12-22T22:00:00-00:00,0,2019-12-22,14,0,ACTUAL,AZPS,Total Actual Hourly Integrated Load,SYS_FCST_ACT_MW,3.8,2504,ACTUAL,358
2019-12-23T06:00:00-00:00,2019-12-23T07:00:00-00:00,0,2019-12-22,23,0,ACTUAL,AZPS,Total Actual Hourly Integrated Load,SYS_FCST_ACT_MW,3.8,2713,ACTUAL,358
2019-12-22T10:00:00-00:00,2019-12-22T11:00:00-00:00,0,2019-12-22,3,0,ACTUAL,AZPS,Total Actual Hourly Integrated Load,SYS_FCST_ACT_MW,3.8,2606,ACTUAL,358
2019-12-22T12:00:00-00:00,2019-12-22T13:00:00-00:00,0,2019-12-22,5,0,ACTUAL,AZPS,Total Actual Hourly Integrated Load,SYS_FCST_ACT_MW,3.8,2763,ACTUAL,358
2019-12-23T00:00:00-00:00,2019-12-23T01:00:00-00:00,0,2019-12-22,17,0,ACTUAL,AZPS,Total Actual Hourly Integrated Load,SYS_FCST_ACT_MW,3.8,3066,ACTUAL,358
2019-12-23T02:00:00-00:00,2019-12-23T03:00:00-00:00,0,2019-12-22,19,0,ACTUAL,AZPS,Total Actual Hourly Integrated Load,SYS_FCST_ACT_MW,3.8,3171,ACTUAL,358
2019-12-23T04:00:00-00:00,2019-12-23T05:00:00-00:00,0,2019-12-22,21,0,ACTUAL,AZPS,Total Actual Hourly Integrated Load,SYS_FCST_ACT_MW,3.8,3042,ACTUAL,358
2019-12-22T15:00:00-00:00,2019-12-22T16:00:00-00:00,0,2019-12-22,8,0,ACTUAL,AZPS,Total Actual Hourly Integrated Load,SYS_FCST_ACT_MW,3.8,3080,ACTUAL,358
2019-12-23T07:00:00-00:00,2019-12-23T08:00:00-00:00,0,2019-12-22,24,0,ACTUAL,AZPS,Total Actual Hourly Integrated Load,SYS_FCST_ACT_MW,3.8,2601,ACTUAL,358
2019-12-22T13:00:00-00:00,2019-12-22T14:00:00-00:00,0,2019-12-22,6,0,ACTUAL,AZPS,Total Actual Hourly Integrated Load,SYS_FCST_ACT_MW,3.8,3268,ACTUAL,358
2019-12-22T18:00:00-00:00,2019-12-22T19:00:00-00:00,0,2019-12-22,11,0,ACTUAL,AZPS,Total Actual Hourly Integrated Load,SYS_FCST_ACT_MW,3.8,2594,ACTUAL,358
2019-12-22T19:00:00-00:00,2019-12-22T20:00:00-00:00,0,2019-12-22,12,0,ACTUAL,AZPS,Total Actual Hourly Integrated Load,SYS_FCST_ACT_MW,3.8,2512,ACTUAL,358
2019-12-22T14:00:00-00:00,2019-12-22T15:00:00-00:00,0,2019-12-22,7,0,ACTUAL,AZPS,Total Actual Hourly Integrated Load,SYS_FCST_ACT_MW,3.8,3056,ACTUAL,358
2019-12-22T23:00:00-00:00,2019-12-23T00:00:00-00:00,0,2019-12-22,16,0,ACTUAL,AZPS,Total Actual Hourly Integrated Load,SYS_FCST_ACT_MW,3.8,2775,ACTUAL,358
2019-12-23T03:00:00-00:00,2019-12-23T04:00:00-00:00,0,2019-12-22,20,0,ACTUAL,AZPS,Total Actual Hourly Integrated Load,SYS_FCST_ACT_MW,3.8,3134,ACTUAL,358
2019-12-22T09:00:00-00:00,2019-12-22T10:00:00-00:00,0,2019-12-22,2,0,ACTUAL,AZPS,Total Actual Hourly Integrated Load,SYS_FCST_ACT_MW,3.8,2601,ACTUAL,358
2019-12-23T02:00:00-00:00,2019-12-23T03:00:00-00:00,0,2019-12-22,19,0,ACTUAL,BANCSMUD,Total Actual Hourly Integrated Load,SYS_FCST_ACT_MW,3.8,1361,ACTUAL,359
2019-12-22T09:00:00-00:00,2019-12-22T10:00:00-00:00,0,2019-12-22,2,0,ACTUAL,BANCSMUD,Total Actual Hourly Integrated Load,SYS_FCST_ACT_MW,3.8,983,ACTUAL,359
2019-12-23T00:00:00-00:00,2019-12-23T01:00:00-00:00,0,2019-12-22,17,0,ACTUAL,BANCSMUD,Total Actual Hourly Integrated Load,SYS_FCST_ACT_MW,3.8,1313,ACTUAL,359
2019-12-22T21:00:00-00:00,2019-12-22T22:00:00-00:00,0,2019-12-22,14,0,ACTUAL,BANCSMUD,Total Actual Hourly Integrated Load,SYS_FCST_ACT_MW,3.8,1284,ACTUAL,359
2019-12-22T11:00:00-00:00,2019-12-22T12:00:00-00:00,0,2019-12-22,4,0,ACTUAL,BANCSMUD,Total Actual Hourly Integrated Load,SYS_FCST_ACT_MW,3.8,960,ACTUAL,359
2019-12-22T08:00:00-00:00,2019-12-22T09:00:00-00:00,0,2019-12-22,1,0,ACTUAL,BANCSMUD,Total Actual Hourly Integrated Load,SYS_FCST_ACT_MW,3.8,1029,ACTUAL,359
2019-12-22T13:00:00-00:00,2019-12-22T14:00:00-00:00,0,2019-12-22,6,0,ACTUAL,BANCSMUD,Total Actual Hourly Integrated Load,SYS_FCST_ACT_MW,3.8,1313,ACTUAL,359
2019-12-22T20:00:00-00:00,2019-12-22T21:00:00-00:00,0,2019-12-22,13,0,ACTUAL,BANCSMUD,Total Actual Hourly Integrated Load,SYS_FCST_ACT_MW,3.8,1263,ACTUAL,359
2019-12-23T04:00:00-00:00,2019-12-23T05:00:00-00:00,0,2019-12-22,21,0,ACTUAL,BANCSMUD,Total Actual Hourly Integrated Load,SYS_FCST_ACT_MW,3.8,1310,ACTUAL,359
2019-12-23T03:00:00-00:00,2019-12-23T04:00:00-00:00,0,2019-12-22,20,0,ACTUAL,BANCSMUD,Total Actual Hourly Integrated Load,SYS_FCST_ACT_MW,3.8,1339,ACTUAL,359
2019-12-23T01:00:00-00:00,2019-12-23T02:00:00-00:00,0,2019-12-22,18,0,ACTUAL,BANCSMUD,Total Actual Hourly Integrated Load,SYS_FCST_ACT_MW,3.8,1374,ACTUAL,359
2019-12-22T18:00:00-00:00,2019-12-22T19:00:00-00:00,0,2019-12-22,11,0,ACTUAL,BANCSMUD,Total Actual Hourly Integrated Load,SYS_FCST_ACT_MW,3.8,1267,ACTUAL,359
2019-12-22T17:00:00-00:00,2019-12-22T18:00:00-00:00,0,2019-12-22,10,0,ACTUAL,BANCSMUD,Total Actual Hourly Integrated Load,SYS_FCST_ACT_MW,3.8,1248,ACTUAL,359
2019-12-22T14:00:00-00:00,2019-12-22T15:00:00-00:00,0,2019-12-22,7,0,ACTUAL,BANCSMUD,Total Actual Hourly Integrated Load,SYS_FCST_ACT_MW,3.8,1063,ACTUAL,359
2019-12-22T23:00:00-00:00,2019-12-23T00:00:00-00:00,0,2019-12-22,16,0,ACTUAL,BANCSMUD,Total Actual Hourly Integrated Load,SYS_FCST_ACT_MW,3.8,1278,ACTUAL,359
2019-12-22T19:00:00-00:00,2019-12-22T20:00:00-00:00,0,2019-12-22,12,0,ACTUAL,BANCSMUD,Total Actual Hourly Integrated Load,SYS_FCST_ACT_MW,3.8,1263,ACTUAL,359
2019-12-22T10:00:00-00:00,2019-12-22T11:00:00-00:00,0,2019-12-22,3,0,ACTUAL,BANCSMUD,Total Actual Hourly Integrated Load,SYS_FCST_ACT_MW,3.8,962,ACTUAL,359
2019-12-23T07:00:00-00:00,2019-12-23T08:00:00-00:00,0,2019-12-22,24,0,ACTUAL,BANCSMUD,Total Actual Hourly Integrated Load,SYS_FCST_ACT_MW,3.8,1080,ACTUAL,359
2019-12-22T22:00:00-00:00,2019-12-22T23:00:00-00:00,0,2019-12-22,15,0,ACTUAL,BANCSMUD,Total Actual Hourly Integrated Load,SYS_FCST_ACT_MW,3.8,1285,ACTUAL,359
2019-12-22T15:00:00-00:00,2019-12-22T16:00:00-00:00,0,2019-12-22,8,0,ACTUAL,BANCSMUD,Total Actual Hourly Integrated Load,SYS_FCST_ACT_MW,3.8,1127,ACTUAL,359
2019-12-22T12:00:00-00:00,2019-12-22T13:00:00-00:00,0,2019-12-22,5,0,ACTUAL,BANCSMUD,Total Actual Hourly Integrated Load,SYS_FCST_ACT_MW,3.8,978,ACTUAL,359
2019-12-23T06:00:00-00:00,2019-12-23T07:00:00-00:00,0,2019-12-22,23,0,ACTUAL,BANCSMUD,Total Actual Hourly Integrated Load,SYS_FCST_ACT_MW,3.8,1171,ACTUAL,359
2019-12-23T05:00:00-00:00,2019-12-23T06:00:00-00:00,0,2019-12-22,22,0,ACTUAL,BANCSMUD,Total Actual Hourly Integrated Load,SYS_FCST_ACT_MW,3.8,1254,ACTUAL,359
2019-12-22T16:00:00-00:00,2019-12-22T17:00:00-00:00,0,2019-12-22,9,0,ACTUAL,BANCSMUD,Total Actual Hourly Integrated Load,SYS_FCST_ACT_MW,3.8,1247,ACTUAL,359
2019-12-22T16:00:00-00:00,2019-12-22T17:00:00-00:00,0,2019-12-22,9,0,ACTUAL,BCHA,Total Actual Hourly Integrated Load,SYS_FCST_ACT_MW,3.8,8589,ACTUAL,360
2019-12-22T08:00:00-00:00,2019-12-22T09:00:00-00:00,0,2019-12-22,1,0,ACTUAL,BCHA,Total Actual Hourly Integrated Load,SYS_FCST_ACT_MW,3.8,7136,ACTUAL,360
2019-12-22T15:00:00-00:00,2019-12-22T16:00:00-00:00,0,2019-12-22,8,0,ACTUAL,BCHA,Total Actual Hourly Integrated Load,SYS_FCST_ACT_MW,3.8,7713,ACTUAL,360
2019-12-22T19:00:00-00:00,2019-12-22T20:00:00-00:00,0,2019-12-22,12,0,ACTUAL,BCHA,Total Actual Hourly Integrated Load,SYS_FCST_ACT_MW,3.8,8480,ACTUAL,360
2019-12-22T13:00:00-00:00,2019-12-22T14:00:00-00:00,0,2019-12-22,6,0,ACTUAL,BCHA,Total Actual Hourly Integrated Load,SYS_FCST_ACT_MW,3.8,8950,ACTUAL,360
2019-12-22T18:00:00-00:00,2019-12-22T19:00:00-00:00,0,2019-12-22,11,0,ACTUAL,BCHA,Total Actual Hourly Integrated Load,SYS_FCST_ACT_MW,3.8,8519,ACTUAL,360
2019-12-22T17:00:00-00:00,2019-12-22T18:00:00-00:00,0,2019-12-22,10,0,ACTUAL,BCHA,Total Actual Hourly Integrated Load,SYS_FCST_ACT_MW,3.8,8404,ACTUAL,360
2019-12-23T03:00:00-00:00,2019-12-23T04:00:00-00:00,0,2019-12-22,20,0,ACTUAL,BCHA,Total Actual Hourly Integrated Load,SYS_FCST_ACT_MW,3.8,8841,ACTUAL,360
2019-12-23T01:00:00-00:00,2019-12-23T02:00:00-00:00,0,2019-12-22,18,0,ACTUAL,BCHA,Total Actual Hourly Integrated Load,SYS_FCST_ACT_MW,3.8,9182,ACTUAL,360
2019-12-22T12:00:00-00:00,2019-12-22T13:00:00-00:00,0,2019-12-22,5,0,ACTUAL,BCHA,Total Actual Hourly Integrated Load,SYS_FCST_ACT_MW,3.8,6872,ACTUAL,360
2019-12-22T11:00:00-00:00,2019-12-22T12:00:00-00:00,0,2019-12-22,4,0,ACTUAL,BCHA,Total Actual Hourly Integrated Load,SYS_FCST_ACT_MW,3.8,6823,ACTUAL,360
2019-12-22T20:00:00-00:00,2019-12-22T21:00:00-00:00,0,2019-12-22,13,0,ACTUAL,BCHA,Total Actual Hourly Integrated Load,SYS_FCST_ACT_MW,3.8,8352,ACTUAL,360
2019-12-23T07:00:00-00:00,2019-12-23T08:00:00-00:00,0,2019-12-22,24,0,ACTUAL,BCHA,Total Actual Hourly Integrated Load,SYS_FCST_ACT_MW,3.8,7542,ACTUAL,360
2019-12-22T21:00:00-00:00,2019-12-22T22:00:00-00:00,0,2019-12-22,14,0,ACTUAL,BCHA,Total Actual Hourly Integrated Load,SYS_FCST_ACT_MW,3.8,8239,ACTUAL,360
2019-12-23T04:00:00-00:00,2019-12-23T05:00:00-00:00,0,2019-12-22,21,0,ACTUAL,BCHA,Total Actual Hourly Integrated Load,SYS_FCST_ACT_MW,3.8,8639,ACTUAL,360
2019-12-23T02:00:00-00:00,2019-12-23T03:00:00-00:00,0,2019-12-22,19,0,ACTUAL,BCHA,Total Actual Hourly Integrated Load,SYS_FCST_ACT_MW,3.8,9033,ACTUAL,360
2019-12-23T00:00:00-00:00,2019-12-23T01:00:00-00:00,0,2019-12-22,17,0,ACTUAL,BCHA,Total Actual Hourly Integrated Load,SYS_FCST_ACT_MW,3.8,8919,ACTUAL,360
2019-12-22T23:00:00-00:00,2019-12-23T00:00:00-00:00,0,2019-12-22,16,0,ACTUAL,BCHA,Total Actual Hourly Integrated Load,SYS_FCST_ACT_MW,3.8,8380,ACTUAL,360
2019-12-22T14:00:00-00:00,2019-12-22T15:00:00-00:00,0,2019-12-22,7,0,ACTUAL,BCHA,Total Actual Hourly Integrated Load,SYS_FCST_ACT_MW,3.8,7318,ACTUAL,360
2019-12-23T06:00:00-00:00,2019-12-23T07:00:00-00:00,0,2019-12-22,23,0,ACTUAL,BCHA,Total Actual Hourly Integrated Load,SYS_FCST_ACT_MW,3.8,7978,ACTUAL,360
2019-12-22T22:00:00-00:00,2019-12-22T23:00:00-00:00,0,2019-12-22,15,0,ACTUAL,BCHA,Total Actual Hourly Integrated Load,SYS_FCST_ACT_MW,3.8,8199,ACTUAL,360
2019-12-22T09:00:00-00:00,2019-12-22T10:00:00-00:00,0,2019-12-22,2,0,ACTUAL,BCHA,Total Actual Hourly Integrated Load,SYS_FCST_ACT_MW,3.8,6962,ACTUAL,360
2019-12-22T10:00:00-00:00,2019-12-22T11:00:00-00:00,0,2019-12-22,3,0,ACTUAL,BCHA,Total Actual Hourly Integrated Load,SYS_FCST_ACT_MW,3.8,6884,ACTUAL,360
2019-12-23T05:00:00-00:00,2019-12-23T06:00:00-00:00,0,2019-12-22,22,0,ACTUAL,BCHA,Total Actual Hourly Integrated Load,SYS_FCST_ACT_MW,3.8,8391,ACTUAL,360
2019-12-22T12:00:00-00:00,2019-12-22T13:00:00-00:00,0,2019-12-22,5,0,ACTUAL,CA ISO-TAC,Total Actual Hourly Integrated Load,SYS_FCST_ACT_MW,3,20001,ACTUAL,361
2019-12-22T08:00:00-00:00,2019-12-22T09:00:00-00:00,0,2019-12-22,1,0,ACTUAL,CA ISO-TAC,Total Actual Hourly Integrated Load,SYS_FCST_ACT_MW,3,21695,ACTUAL,361
2019-12-22T22:00:00-00:00,2019-12-22T23:00:00-00:00,0,2019-12-22,15,0,ACTUAL,CA ISO-TAC,Total Actual Hourly Integrated Load,SYS_FCST_ACT_MW,3,23098,ACTUAL,361
2019-12-23T06:00:00-00:00,2019-12-23T07:00:00-00:00,0,2019-12-22,23,0,ACTUAL,CA ISO-TAC,Total Actual Hourly Integrated Load,SYS_FCST_ACT_MW,3,24080,ACTUAL,361
2019-12-22T09:00:00-00:00,2019-12-22T10:00:00-00:00,0,2019-12-22,2,0,ACTUAL,CA ISO-TAC,Total Actual Hourly Integrated Load,SYS_FCST_ACT_MW,3,20816,ACTUAL,361
2019-12-22T21:00:00-00:00,2019-12-22T22:00:00-00:00,0,2019-12-22,14,0,ACTUAL,CA ISO-TAC,Total Actual Hourly Integrated Load,SYS_FCST_ACT_MW,3,22740,ACTUAL,361
2019-12-22T23:00:00-00:00,2019-12-23T00:00:00-00:00,0,2019-12-22,16,0,ACTUAL,CA ISO-TAC,Total Actual Hourly Integrated Load,SYS_FCST_ACT_MW,3,23649,ACTUAL,361
2019-12-22T11:00:00-00:00,2019-12-22T12:00:00-00:00,0,2019-12-22,4,0,ACTUAL,CA ISO-TAC,Total Actual Hourly Integrated Load,SYS_FCST_ACT_MW,3,19943,ACTUAL,361
2019-12-22T20:00:00-00:00,2019-12-22T21:00:00-00:00,0,2019-12-22,13,0,ACTUAL,CA ISO-TAC,Total Actual Hourly Integrated Load,SYS_FCST_ACT_MW,3,22598,ACTUAL,361
2019-12-23T04:00:00-00:00,2019-12-23T05:00:00-00:00,0,2019-12-22,21,0,ACTUAL,CA ISO-TAC,Total Actual Hourly Integrated Load,SYS_FCST_ACT_MW,3,26525,ACTUAL,361
2019-12-22T14:00:00-00:00,2019-12-22T15:00:00-00:00,0,2019-12-22,7,0,ACTUAL,CA ISO-TAC,Total Actual Hourly Integrated Load,SYS_FCST_ACT_MW,3,21351,ACTUAL,361
2019-12-22T17:00:00-00:00,2019-12-22T18:00:00-00:00,0,2019-12-22,10,0,ACTUAL,CA ISO-TAC,Total Actual Hourly Integrated Load,SYS_FCST_ACT_MW,3,22894,ACTUAL,361
2019-12-22T18:00:00-00:00,2019-12-22T19:00:00-00:00,0,2019-12-22,11,0,ACTUAL,CA ISO-TAC,Total Actual Hourly Integrated Load,SYS_FCST_ACT_MW,3,23034,ACTUAL,361
2019-12-22T19:00:00-00:00,2019-12-22T20:00:00-00:00,0,2019-12-22,12,0,ACTUAL,CA ISO-TAC,Total Actual Hourly Integrated Load,SYS_FCST_ACT_MW,3,22793,ACTUAL,361
2019-12-23T00:00:00-00:00,2019-12-23T01:00:00-00:00,0,2019-12-22,17,0,ACTUAL,CA ISO-TAC,Total Actual Hourly Integrated Load,SYS_FCST_ACT_MW,3,25180,ACTUAL,361
2019-12-23T05:00:00-00:00,2019-12-23T06:00:00-00:00,0,2019-12-22,22,0,ACTUAL,CA ISO-TAC,Total Actual Hourly Integrated Load,SYS_FCST_ACT_MW,3,25649,ACTUAL,361
2019-12-22T13:00:00-00:00,2019-12-22T14:00:00-00:00,0,2019-12-22,6,0,ACTUAL,CA ISO-TAC,Total Actual Hourly Integrated Load,SYS_FCST_ACT_MW,3,28083,ACTUAL,361
2019-12-22T16:00:00-00:00,2019-12-22T17:00:00-00:00,0,2019-12-22,9,0,ACTUAL,CA ISO-TAC,Total Actual Hourly Integrated Load,SYS_FCST_ACT_MW,3,27018,ACTUAL,361
2019-12-23T02:00:00-00:00,2019-12-23T03:00:00-00:00,0,2019-12-22,19,0,ACTUAL,CA ISO-TAC,Total Actual Hourly Integrated Load,SYS_FCST_ACT_MW,3,27335,ACTUAL,361
2019-12-22T10:00:00-00:00,2019-12-22T11:00:00-00:00,0,2019-12-22,3,0,ACTUAL,CA ISO-TAC,Total Actual Hourly Integrated Load,SYS_FCST_ACT_MW,3,20245,ACTUAL,361
2019-12-23T01:00:00-00:00,2019-12-23T02:00:00-00:00,0,2019-12-22,18,0,ACTUAL,CA ISO-TAC,Total Actual Hourly Integrated Load,SYS_FCST_ACT_MW,3,27245,ACTUAL,361
2019-12-23T07:00:00-00:00,2019-12-23T08:00:00-00:00,0,2019-12-22,24,0,ACTUAL,CA ISO-TAC,Total Actual Hourly Integrated Load,SYS_FCST_ACT_MW,3,22419,ACTUAL,361
2019-12-23T03:00:00-00:00,2019-12-23T04:00:00-00:00,0,2019-12-22,20,0,ACTUAL,CA ISO-TAC,Total Actual Hourly Integrated Load,SYS_FCST_ACT_MW,3,27028,ACTUAL,361
2019-12-22T15:00:00-00:00,2019-12-22T16:00:00-00:00,0,2019-12-22,8,0,ACTUAL,CA ISO-TAC,Total Actual Hourly Integrated Load,SYS_FCST_ACT_MW,3,22127,ACTUAL,361
2019-12-22T10:00:00-00:00,2019-12-22T11:00:00-00:00,0,2019-12-22,3,0,ACTUAL,IPCO,Total Actual Hourly Integrated Load,SYS_FCST_ACT_MW,3.8,1611,ACTUAL,362
2019-12-22T09:00:00-00:00,2019-12-22T10:00:00-00:00,0,2019-12-22,2,0,ACTUAL,IPCO,Total Actual Hourly Integrated Load,SYS_FCST_ACT_MW,3.8,1616,ACTUAL,362
2019-12-22T14:00:00-00:00,2019-12-22T15:00:00-00:00,0,2019-12-22,7,0,ACTUAL,IPCO,Total Actual Hourly Integrated Load,SYS_FCST_ACT_MW,3.8,1841,ACTUAL,362
2019-12-22T16:00:00-00:00,2019-12-22T17:00:00-00:00,0,2019-12-22,9,0,ACTUAL,IPCO,Total Actual Hourly Integrated Load,SYS_FCST_ACT_MW,3.8,1950,ACTUAL,362
2019-12-22T17:00:00-00:00,2019-12-22T18:00:00-00:00,0,2019-12-22,10,0,ACTUAL,IPCO,Total Actual Hourly Integrated Load,SYS_FCST_ACT_MW,3.8,1953,ACTUAL,362
2019-12-22T21:00:00-00:00,2019-12-22T22:00:00-00:00,0,2019-12-22,14,0,ACTUAL,IPCO,Total Actual Hourly Integrated Load,SYS_FCST_ACT_MW,3.8,1775,ACTUAL,362
2019-12-23T00:00:00-00:00,2019-12-23T01:00:00-00:00,0,2019-12-22,17,0,ACTUAL,IPCO,Total Actual Hourly Integrated Load,SYS_FCST_ACT_MW,3.8,1938,ACTUAL,362
2019-12-22T12:00:00-00:00,2019-12-22T13:00:00-00:00,0,2019-12-22,5,0,ACTUAL,IPCO,Total Actual Hourly Integrated Load,SYS_FCST_ACT_MW,3.8,1675,ACTUAL,362
2019-12-22T23:00:00-00:00,2019-12-23T00:00:00-00:00,0,2019-12-22,16,0,ACTUAL,IPCO,Total Actual Hourly Integrated Load,SYS_FCST_ACT_MW,3.8,1822,ACTUAL,362
2019-12-23T07:00:00-00:00,2019-12-23T08:00:00-00:00,0,2019-12-22,24,0,ACTUAL,IPCO,Total Actual Hourly Integrated Load,SYS_FCST_ACT_MW,3.8,1616,ACTUAL,362
2019-12-23T02:00:00-00:00,2019-12-23T03:00:00-00:00,0,2019-12-22,19,0,ACTUAL,IPCO,Total Actual Hourly Integrated Load,SYS_FCST_ACT_MW,3.8,1968,ACTUAL,362
2019-12-22T13:00:00-00:00,2019-12-22T14:00:00-00:00,0,2019-12-22,6,0,ACTUAL,IPCO,Total Actual Hourly Integrated Load,SYS_FCST_ACT_MW,3.8,2016,ACTUAL,362
2019-12-22T20:00:00-00:00,2019-12-22T21:00:00-00:00,0,2019-12-22,13,0,ACTUAL,IPCO,Total Actual Hourly Integrated Load,SYS_FCST_ACT_MW,3.8,1802,ACTUAL,362
2019-12-22T22:00:00-00:00,2019-12-22T23:00:00-00:00,0,2019-12-22,15,0,ACTUAL,IPCO,Total Actual Hourly Integrated Load,SYS_FCST_ACT_MW,3.8,1785,ACTUAL,362
2019-12-22T18:00:00-00:00,2019-12-22T19:00:00-00:00,0,2019-12-22,11,0,ACTUAL,IPCO,Total Actual Hourly Integrated Load,SYS_FCST_ACT_MW,3.8,1906,ACTUAL,362
2019-12-23T03:00:00-00:00,2019-12-23T04:00:00-00:00,0,2019-12-22,20,0,ACTUAL,IPCO,Total Actual Hourly Integrated Load,SYS_FCST_ACT_MW,3.8,1940,ACTUAL,362
2019-12-23T05:00:00-00:00,2019-12-23T06:00:00-00:00,0,2019-12-22,22,0,ACTUAL,IPCO,Total Actual Hourly Integrated Load,SYS_FCST_ACT_MW,3.8,1787,ACTUAL,362
2019-12-22T08:00:00-00:00,2019-12-22T09:00:00-00:00,0,2019-12-22,1,0,ACTUAL,IPCO,Total Actual Hourly Integrated Load,SYS_FCST_ACT_MW,3.8,1636,ACTUAL,362
2019-12-22T11:00:00-00:00,2019-12-22T12:00:00-00:00,0,2019-12-22,4,0,ACTUAL,IPCO,Total Actual Hourly Integrated Load,SYS_FCST_ACT_MW,3.8,1628,ACTUAL,362
2019-12-22T15:00:00-00:00,2019-12-22T16:00:00-00:00,0,2019-12-22,8,0,ACTUAL,IPCO,Total Actual Hourly Integrated Load,SYS_FCST_ACT_MW,3.8,1935,ACTUAL,362
2019-12-23T01:00:00-00:00,2019-12-23T02:00:00-00:00,0,2019-12-22,18,0,ACTUAL,IPCO,Total Actual Hourly Integrated Load,SYS_FCST_ACT_MW,3.8,1987,ACTUAL,362
2019-12-23T04:00:00-00:00,2019-12-23T05:00:00-00:00,0,2019-12-22,21,0,ACTUAL,IPCO,Total Actual Hourly Integrated Load,SYS_FCST_ACT_MW,3.8,1880,ACTUAL,362
2019-12-23T06:00:00-00:00,2019-12-23T07:00:00-00:00,0,2019-12-22,23,0,ACTUAL,IPCO,Total Actual Hourly Integrated Load,SYS_FCST_ACT_MW,3.8,1688,ACTUAL,362
2019-12-22T19:00:00-00:00,2019-12-22T20:00:00-00:00,0,2019-12-22,12,0,ACTUAL,IPCO,Total Actual Hourly Integrated Load,SYS_FCST_ACT_MW,3.8,1849,ACTUAL,362
2019-12-23T07:00:00-00:00,2019-12-23T08:00:00-00:00,0,2019-12-22,24,0,ACTUAL,MWD-TAC,Total Actual Hourly Integrated Load,SYS_FCST_ACT_MW,3.3,132,ACTUAL,363
2019-12-22T10:00:00-00:00,2019-12-22T11:00:00-00:00,0,2019-12-22,3,0,ACTUAL,MWD-TAC,Total Actual Hourly Integrated Load,SYS_FCST_ACT_MW,3.3,133,ACTUAL,363
2019-12-22T21:00:00-00:00,2019-12-22T22:00:00-00:00,0,2019-12-22,14,0,ACTUAL,MWD-TAC,Total Actual Hourly Integrated Load,SYS_FCST_ACT_MW,3.3,135,ACTUAL,363
2019-12-23T01:00:00-00:00,2019-12-23T02:00:00-00:00,0,2019-12-22,18,0,ACTUAL,MWD-TAC,Total Actual Hourly Integrated Load,SYS_FCST_ACT_MW,3.3,136,ACTUAL,363
2019-12-23T04:00:00-00:00,2019-12-23T05:00:00-00:00,0,2019-12-22,21,0,ACTUAL,MWD-TAC,Total Actual Hourly Integrated Load,SYS_FCST_ACT_MW,3.3,136,ACTUAL,363
2019-12-23T06:00:00-00:00,2019-12-23T07:00:00-00:00,0,2019-12-22,23,0,ACTUAL,MWD-TAC,Total Actual Hourly Integrated Load,SYS_FCST_ACT_MW,3.3,133,ACTUAL,363
2019-12-22T19:00:00-00:00,2019-12-22T20:00:00-00:00,0,2019-12-22,12,0,ACTUAL,MWD-TAC,Total Actual Hourly Integrated Load,SYS_FCST_ACT_MW,3.3,135,ACTUAL,363
2019-12-23T02:00:00-00:00,2019-12-23T03:00:00-00:00,0,2019-12-22,19,0,ACTUAL,MWD-TAC,Total Actual Hourly Integrated Load,SYS_FCST_ACT_MW,3.3,137,ACTUAL,363
2019-12-23T03:00:00-00:00,2019-12-23T04:00:00-00:00,0,2019-12-22,20,0,ACTUAL,MWD-TAC,Total Actual Hourly Integrated Load,SYS_FCST_ACT_MW,3.3,134,ACTUAL,363
2019-12-23T05:00:00-00:00,2019-12-23T06:00:00-00:00,0,2019-12-22,22,0,ACTUAL,MWD-TAC,Total Actual Hourly Integrated Load,SYS_FCST_ACT_MW,3.3,139,ACTUAL,363
2019-12-22T09:00:00-00:00,2019-12-22T10:00:00-00:00,0,2019-12-22,2,0,ACTUAL,MWD-TAC,Total Actual Hourly Integrated Load,SYS_FCST_ACT_MW,3.3,133,ACTUAL,363
2019-12-22T14:00:00-00:00,2019-12-22T15:00:00-00:00,0,2019-12-22,7,0,ACTUAL,MWD-TAC,Total Actual Hourly Integrated Load,SYS_FCST_ACT_MW,3.3,128,ACTUAL,363
2019-12-22T15:00:00-00:00,2019-12-22T16:00:00-00:00,0,2019-12-22,8,0,ACTUAL,MWD-TAC,Total Actual Hourly Integrated Load,SYS_FCST_ACT_MW,3.3,126,ACTUAL,363
2019-12-22T17:00:00-00:00,2019-12-22T18:00:00-00:00,0,2019-12-22,10,0,ACTUAL,MWD-TAC,Total Actual Hourly Integrated Load,SYS_FCST_ACT_MW,3.3,136,ACTUAL,363
2019-12-22T18:00:00-00:00,2019-12-22T19:00:00-00:00,0,2019-12-22,11,0,ACTUAL,MWD-TAC,Total Actual Hourly Integrated Load,SYS_FCST_ACT_MW,3.3,137,ACTUAL,363
2019-12-22T20:00:00-00:00,2019-12-22T21:00:00-00:00,0,2019-12-22,13,0,ACTUAL,MWD-TAC,Total Actual Hourly Integrated Load,SYS_FCST_ACT_MW,3.3,136,ACTUAL,363
2019-12-22T08:00:00-00:00,2019-12-22T09:00:00-00:00,0,2019-12-22,1,0,ACTUAL,MWD-TAC,Total Actual Hourly Integrated Load,SYS_FCST_ACT_MW,3.3,130,ACTUAL,363
2019-12-22T23:00:00-00:00,2019-12-23T00:00:00-00:00,0,2019-12-22,16,0,ACTUAL,MWD-TAC,Total Actual Hourly Integrated Load,SYS_FCST_ACT_MW,3.3,130,ACTUAL,363
2019-12-22T11:00:00-00:00,2019-12-22T12:00:00-00:00,0,2019-12-22,4,0,ACTUAL,MWD-TAC,Total Actual Hourly Integrated Load,SYS_FCST_ACT_MW,3.3,132,ACTUAL,363
2019-12-22T12:00:00-00:00,2019-12-22T13:00:00-00:00,0,2019-12-22,5,0,ACTUAL,MWD-TAC,Total Actual Hourly Integrated Load,SYS_FCST_ACT_MW,3.3,128,ACTUAL,363
2019-12-22T16:00:00-00:00,2019-12-22T17:00:00-00:00,0,2019-12-22,9,0,ACTUAL,MWD-TAC,Total Actual Hourly Integrated Load,SYS_FCST_ACT_MW,3.3,129,ACTUAL,363
2019-12-22T22:00:00-00:00,2019-12-22T23:00:00-00:00,0,2019-12-22,15,0,ACTUAL,MWD-TAC,Total Actual Hourly Integrated Load,SYS_FCST_ACT_MW,3.3,139,ACTUAL,363
2019-12-23T00:00:00-00:00,2019-12-23T01:00:00-00:00,0,2019-12-22,17,0,ACTUAL,MWD-TAC,Total Actual Hourly Integrated Load,SYS_FCST_ACT_MW,3.3,134,ACTUAL,363
2019-12-22T13:00:00-00:00,2019-12-22T14:00:00-00:00,0,2019-12-22,6,0,ACTUAL,MWD-TAC,Total Actual Hourly Integrated Load,SYS_FCST_ACT_MW,3.3,134,ACTUAL,363
2019-12-23T04:00:00-00:00,2019-12-23T05:00:00-00:00,0,2019-12-22,21,0,ACTUAL,NEVP,Total Actual Hourly Integrated Load,SYS_FCST_ACT_MW,3.8,4171,ACTUAL,364
2019-12-22T23:00:00-00:00,2019-12-23T00:00:00-00:00,0,2019-12-22,16,0,ACTUAL,NEVP,Total Actual Hourly Integrated Load,SYS_FCST_ACT_MW,3.8,3833,ACTUAL,364
2019-12-22T15:00:00-00:00,2019-12-22T16:00:00-00:00,0,2019-12-22,8,0,ACTUAL,NEVP,Total Actual Hourly Integrated Load,SYS_FCST_ACT_MW,3.8,3707,ACTUAL,364
2019-12-22T19:00:00-00:00,2019-12-22T20:00:00-00:00,0,2019-12-22,12,0,ACTUAL,NEVP,Total Actual Hourly Integrated Load,SYS_FCST_ACT_MW,3.8,3782,ACTUAL,364
2019-12-23T03:00:00-00:00,2019-12-23T04:00:00-00:00,0,2019-12-22,20,0,ACTUAL,NEVP,Total Actual Hourly Integrated Load,SYS_FCST_ACT_MW,3.8,4238,ACTUAL,364
2019-12-23T07:00:00-00:00,2019-12-23T08:00:00-00:00,0,2019-12-22,24,0,ACTUAL,NEVP,Total Actual Hourly Integrated Load,SYS_FCST_ACT_MW,3.8,3749,ACTUAL,364
2019-12-22T18:00:00-00:00,2019-12-22T19:00:00-00:00,0,2019-12-22,11,0,ACTUAL,NEVP,Total Actual Hourly Integrated Load,SYS_FCST_ACT_MW,3.8,3790,ACTUAL,364
2019-12-22T22:00:00-00:00,2019-12-22T23:00:00-00:00,0,2019-12-22,15,0,ACTUAL,NEVP,Total Actual Hourly Integrated Load,SYS_FCST_ACT_MW,3.8,3756,ACTUAL,364
2019-12-23T06:00:00-00:00,2019-12-23T07:00:00-00:00,0,2019-12-22,23,0,ACTUAL,NEVP,Total Actual Hourly Integrated Load,SYS_FCST_ACT_MW,3.8,3917,ACTUAL,364
2019-12-22T14:00:00-00:00,2019-12-22T15:00:00-00:00,0,2019-12-22,7,0,ACTUAL,NEVP,Total Actual Hourly Integrated Load,SYS_FCST_ACT_MW,3.8,3669,ACTUAL,364
2019-12-23T00:00:00-00:00,2019-12-23T01:00:00-00:00,0,2019-12-22,17,0,ACTUAL,NEVP,Total Actual Hourly Integrated Load,SYS_FCST_ACT_MW,3.8,4092,ACTUAL,364
2019-12-22T09:00:00-00:00,2019-12-22T10:00:00-00:00,0,2019-12-22,2,0,ACTUAL,NEVP,Total Actual Hourly Integrated Load,SYS_FCST_ACT_MW,3.8,3546,ACTUAL,364
2019-12-23T01:00:00-00:00,2019-12-23T02:00:00-00:00,0,2019-12-22,18,0,ACTUAL,NEVP,Total Actual Hourly Integrated Load,SYS_FCST_ACT_MW,3.8,4283,ACTUAL,364
2019-12-22T20:00:00-00:00,2019-12-22T21:00:00-00:00,0,2019-12-22,13,0,ACTUAL,NEVP,Total Actual Hourly Integrated Load,SYS_FCST_ACT_MW,3.8,3743,ACTUAL,364
2019-12-23T02:00:00-00:00,2019-12-23T03:00:00-00:00,0,2019-12-22,19,0,ACTUAL,NEVP,Total Actual Hourly Integrated Load,SYS_FCST_ACT_MW,3.8,4271,ACTUAL,364
2019-12-23T05:00:00-00:00,2019-12-23T06:00:00-00:00,0,2019-12-22,22,0,ACTUAL,NEVP,Total Actual Hourly Integrated Load,SYS_FCST_ACT_MW,3.8,4075,ACTUAL,364
2019-12-22T10:00:00-00:00,2019-12-22T11:00:00-00:00,0,2019-12-22,3,0,ACTUAL,NEVP,Total Actual Hourly Integrated Load,SYS_FCST_ACT_MW,3.8,3504,ACTUAL,364
2019-12-22T12:00:00-00:00,2019-12-22T13:00:00-00:00,0,2019-12-22,5,0,ACTUAL,NEVP,Total Actual Hourly Integrated Load,SYS_FCST_ACT_MW,3.8,3520,ACTUAL,364
2019-12-22T17:00:00-00:00,2019-12-22T18:00:00-00:00,0,2019-12-22,10,0,ACTUAL,NEVP,Total Actual Hourly Integrated Load,SYS_FCST_ACT_MW,3.8,3791,ACTUAL,364
2019-12-22T21:00:00-00:00,2019-12-22T22:00:00-00:00,0,2019-12-22,14,0,ACTUAL,NEVP,Total Actual Hourly Integrated Load,SYS_FCST_ACT_MW,3.8,3750,ACTUAL,364
2019-12-22T11:00:00-00:00,2019-12-22T12:00:00-00:00,0,2019-12-22,4,0,ACTUAL,NEVP,Total Actual Hourly Integrated Load,SYS_FCST_ACT_MW,3.8,3493,ACTUAL,364
2019-12-22T13:00:00-00:00,2019-12-22T14:00:00-00:00,0,2019-12-22,6,0,ACTUAL,NEVP,Total Actual Hourly Integrated Load,SYS_FCST_ACT_MW,3.8,4260,ACTUAL,364
2019-12-22T16:00:00-00:00,2019-12-22T17:00:00-00:00,0,2019-12-22,9,0,ACTUAL,NEVP,Total Actual Hourly Integrated Load,SYS_FCST_ACT_MW,3.8,3746,ACTUAL,364
2019-12-22T08:00:00-00:00,2019-12-22T09:00:00-00:00,0,2019-12-22,1,0,ACTUAL,NEVP,Total Actual Hourly Integrated Load,SYS_FCST_ACT_MW,3.8,3623,ACTUAL,364
2019-12-22T15:00:00-00:00,2019-12-22T16:00:00-00:00,0,2019-12-22,8,0,ACTUAL,PACE,Total Actual Hourly Integrated Load,SYS_FCST_ACT_MW,3.8,5332,ACTUAL,365
2019-12-22T18:00:00-00:00,2019-12-22T19:00:00-00:00,0,2019-12-22,11,0,ACTUAL,PACE,Total Actual Hourly Integrated Load,SYS_FCST_ACT_MW,3.8,5289,ACTUAL,365
2019-12-23T01:00:00-00:00,2019-12-23T02:00:00-00:00,0,2019-12-22,18,0,ACTUAL,PACE,Total Actual Hourly Integrated Load,SYS_FCST_ACT_MW,3.8,5763,ACTUAL,365
2019-12-23T04:00:00-00:00,2019-12-23T05:00:00-00:00,0,2019-12-22,21,0,ACTUAL,PACE,Total Actual Hourly Integrated Load,SYS_FCST_ACT_MW,3.8,5530,ACTUAL,365
2019-12-23T00:00:00-00:00,2019-12-23T01:00:00-00:00,0,2019-12-22,17,0,ACTUAL,PACE,Total Actual Hourly Integrated Load,SYS_FCST_ACT_MW,3.8,5758,ACTUAL,365
2019-12-23T06:00:00-00:00,2019-12-23T07:00:00-00:00,0,2019-12-22,23,0,ACTUAL,PACE,Total Actual Hourly Integrated Load,SYS_FCST_ACT_MW,3.8,5035,ACTUAL,365
2019-12-22T20:00:00-00:00,2019-12-22T21:00:00-00:00,0,2019-12-22,13,0,ACTUAL,PACE,Total Actual Hourly Integrated Load,SYS_FCST_ACT_MW,3.8,5248,ACTUAL,365
2019-12-22T22:00:00-00:00,2019-12-22T23:00:00-00:00,0,2019-12-22,15,0,ACTUAL,PACE,Total Actual Hourly Integrated Load,SYS_FCST_ACT_MW,3.8,5315,ACTUAL,365
2019-12-22T23:00:00-00:00,2019-12-23T00:00:00-00:00,0,2019-12-22,16,0,ACTUAL,PACE,Total Actual Hourly Integrated Load,SYS_FCST_ACT_MW,3.8,5468,ACTUAL,365
2019-12-22T08:00:00-00:00,2019-12-22T09:00:00-00:00,0,2019-12-22,1,0,ACTUAL,PACE,Total Actual Hourly Integrated Load,SYS_FCST_ACT_MW,3.8,4867,ACTUAL,365
2019-12-22T12:00:00-00:00,2019-12-22T13:00:00-00:00,0,2019-12-22,5,0,ACTUAL,PACE,Total Actual Hourly Integrated Load,SYS_FCST_ACT_MW,3.8,4874,ACTUAL,365
2019-12-22T19:00:00-00:00,2019-12-22T20:00:00-00:00,0,2019-12-22,12,0,ACTUAL,PACE,Total Actual Hourly Integrated Load,SYS_FCST_ACT_MW,3.8,5248,ACTUAL,365
2019-12-23T07:00:00-00:00,2019-12-23T08:00:00-00:00,0,2019-12-22,24,0,ACTUAL,PACE,Total Actual Hourly Integrated Load,SYS_FCST_ACT_MW,3.8,4848,ACTUAL,365
2019-12-22T09:00:00-00:00,2019-12-22T10:00:00-00:00,0,2019-12-22,2,0,ACTUAL,PACE,Total Actual Hourly Integrated Load,SYS_FCST_ACT_MW,3.8,4809,ACTUAL,365
2019-12-22T10:00:00-00:00,2019-12-22T11:00:00-00:00,0,2019-12-22,3,0,ACTUAL,PACE,Total Actual Hourly Integrated Load,SYS_FCST_ACT_MW,3.8,4790,ACTUAL,365
2019-12-23T05:00:00-00:00,2019-12-23T06:00:00-00:00,0,2019-12-22,22,0,ACTUAL,PACE,Total Actual Hourly Integrated Load,SYS_FCST_ACT_MW,3.8,5275,ACTUAL,365
2019-12-22T21:00:00-00:00,2019-12-22T22:00:00-00:00,0,2019-12-22,14,0,ACTUAL,PACE,Total Actual Hourly Integrated Load,SYS_FCST_ACT_MW,3.8,5255,ACTUAL,365
2019-12-22T14:00:00-00:00,2019-12-22T15:00:00-00:00,0,2019-12-22,7,0,ACTUAL,PACE,Total Actual Hourly Integrated Load,SYS_FCST_ACT_MW,3.8,5199,ACTUAL,365
2019-12-22T16:00:00-00:00,2019-12-22T17:00:00-00:00,0,2019-12-22,9,0,ACTUAL,PACE,Total Actual Hourly Integrated Load,SYS_FCST_ACT_MW,3.8,5341,ACTUAL,365
2019-12-23T02:00:00-00:00,2019-12-23T03:00:00-00:00,0,2019-12-22,19,0,ACTUAL,PACE,Total Actual Hourly Integrated Load,SYS_FCST_ACT_MW,3.8,5715,ACTUAL,365
2019-12-23T03:00:00-00:00,2019-12-23T04:00:00-00:00,0,2019-12-22,20,0,ACTUAL,PACE,Total Actual Hourly Integrated Load,SYS_FCST_ACT_MW,3.8,5670,ACTUAL,365
2019-12-22T11:00:00-00:00,2019-12-22T12:00:00-00:00,0,2019-12-22,4,0,ACTUAL,PACE,Total Actual Hourly Integrated Load,SYS_FCST_ACT_MW,3.8,4812,ACTUAL,365
2019-12-22T13:00:00-00:00,2019-12-22T14:00:00-00:00,0,2019-12-22,6,0,ACTUAL,PACE,Total Actual Hourly Integrated Load,SYS_FCST_ACT_MW,3.8,5919,ACTUAL,365
2019-12-22T17:00:00-00:00,2019-12-22T18:00:00-00:00,0,2019-12-22,10,0,ACTUAL,PACE,Total Actual Hourly Integrated Load,SYS_FCST_ACT_MW,3.8,5343,ACTUAL,365
2019-12-23T00:00:00-00:00,2019-12-23T01:00:00-00:00,0,2019-12-22,17,0,ACTUAL,PACW,Total Actual Hourly Integrated Load,SYS_FCST_ACT_MW,3.8,2633,ACTUAL,366
2019-12-22T12:00:00-00:00,2019-12-22T13:00:00-00:00,0,2019-12-22,5,0,ACTUAL,PACW,Total Actual Hourly Integrated Load,SYS_FCST_ACT_MW,3.8,1994,ACTUAL,366
2019-12-23T04:00:00-00:00,2019-12-23T05:00:00-00:00,0,2019-12-22,21,0,ACTUAL,PACW,Total Actual Hourly Integrated Load,SYS_FCST_ACT_MW,3.8,2569,ACTUAL,366
2019-12-22T09:00:00-00:00,2019-12-22T10:00:00-00:00,0,2019-12-22,2,0,ACTUAL,PACW,Total Actual Hourly Integrated Load,SYS_FCST_ACT_MW,3.8,1945,ACTUAL,366
2019-12-23T07:00:00-00:00,2019-12-23T08:00:00-00:00,0,2019-12-22,24,0,ACTUAL,PACW,Total Actual Hourly Integrated Load,SYS_FCST_ACT_MW,3.8,2158,ACTUAL,366
2019-12-22T17:00:00-00:00,2019-12-22T18:00:00-00:00,0,2019-12-22,10,0,ACTUAL,PACW,Total Actual Hourly Integrated Load,SYS_FCST_ACT_MW,3.8,2638,ACTUAL,366
2019-12-22T15:00:00-00:00,2019-12-22T16:00:00-00:00,0,2019-12-22,8,0,ACTUAL,PACW,Total Actual Hourly Integrated Load,SYS_FCST_ACT_MW,3.8,2421,ACTUAL,366
2019-12-22T13:00:00-00:00,2019-12-22T14:00:00-00:00,0,2019-12-22,6,0,ACTUAL,PACW,Total Actual Hourly Integrated Load,SYS_FCST_ACT_MW,3.8,2535,ACTUAL,366
2019-12-22T11:00:00-00:00,2019-12-22T12:00:00-00:00,0,2019-12-22,4,0,ACTUAL,PACW,Total Actual Hourly Integrated Load,SYS_FCST_ACT_MW,3.8,1938,ACTUAL,366
2019-12-22T18:00:00-00:00,2019-12-22T19:00:00-00:00,0,2019-12-22,11,0,ACTUAL,PACW,Total Actual Hourly Integrated Load,SYS_FCST_ACT_MW,3.8,2641,ACTUAL,366
2019-12-22T10:00:00-00:00,2019-12-22T11:00:00-00:00,0,2019-12-22,3,0,ACTUAL,PACW,Total Actual Hourly Integrated Load,SYS_FCST_ACT_MW,3.8,1924,ACTUAL,366
2019-12-23T06:00:00-00:00,2019-12-23T07:00:00-00:00,0,2019-12-22,23,0,ACTUAL,PACW,Total Actual Hourly Integrated Load,SYS_FCST_ACT_MW,3.8,2296,ACTUAL,366
2019-12-23T03:00:00-00:00,2019-12-23T04:00:00-00:00,0,2019-12-22,20,0,ACTUAL,PACW,Total Actual Hourly Integrated Load,SYS_FCST_ACT_MW,3.8,2636,ACTUAL,366
2019-12-23T02:00:00-00:00,2019-12-23T03:00:00-00:00,0,2019-12-22,19,0,ACTUAL,PACW,Total Actual Hourly Integrated Load,SYS_FCST_ACT_MW,3.8,2690,ACTUAL,366
2019-12-22T20:00:00-00:00,2019-12-22T21:00:00-00:00,0,2019-12-22,13,0,ACTUAL,PACW,Total Actual Hourly Integrated Load,SYS_FCST_ACT_MW,3.8,2581,ACTUAL,366
2019-12-22T14:00:00-00:00,2019-12-22T15:00:00-00:00,0,2019-12-22,7,0,ACTUAL,PACW,Total Actual Hourly Integrated Load,SYS_FCST_ACT_MW,3.8,2250,ACTUAL,366
2019-12-23T01:00:00-00:00,2019-12-23T02:00:00-00:00,0,2019-12-22,18,0,ACTUAL,PACW,Total Actual Hourly Integrated Load,SYS_FCST_ACT_MW,3.8,2725,ACTUAL,366
2019-12-23T05:00:00-00:00,2019-12-23T06:00:00-00:00,0,2019-12-22,22,0,ACTUAL,PACW,Total Actual Hourly Integrated Load,SYS_FCST_ACT_MW,3.8,2456,ACTUAL,366
2019-12-22T23:00:00-00:00,2019-12-23T00:00:00-00:00,0,2019-12-22,16,0,ACTUAL,PACW,Total Actual Hourly Integrated Load,SYS_FCST_ACT_MW,3.8,2555,ACTUAL,366
2019-12-22T22:00:00-00:00,2019-12-22T23:00:00-00:00,0,2019-12-22,15,0,ACTUAL,PACW,Total Actual Hourly Integrated Load,SYS_FCST_ACT_MW,3.8,2551,ACTUAL,366
2019-12-22T21:00:00-00:00,2019-12-22T22:00:00-00:00,0,2019-12-22,14,0,ACTUAL,PACW,Total Actual Hourly Integrated Load,SYS_FCST_ACT_MW,3.8,2551,ACTUAL,366
2019-12-22T19:00:00-00:00,2019-12-22T20:00:00-00:00,0,2019-12-22,12,0,ACTUAL,PACW,Total Actual Hourly Integrated Load,SYS_FCST_ACT_MW,3.8,2613,ACTUAL,366
2019-12-22T08:00:00-00:00,2019-12-22T09:00:00-00:00,0,2019-12-22,1,0,ACTUAL,PACW,Total Actual Hourly Integrated Load,SYS_FCST_ACT_MW,3.8,1995,ACTUAL,366
2019-12-22T16:00:00-00:00,2019-12-22T17:00:00-00:00,0,2019-12-22,9,0,ACTUAL,PACW,Total Actual Hourly Integrated Load,SYS_FCST_ACT_MW,3.8,2508,ACTUAL,366
2019-12-22T16:00:00-00:00,2019-12-22T17:00:00-00:00,0,2019-12-22,9,0,ACTUAL,PGE,Total Actual Hourly Integrated Load,SYS_FCST_ACT_MW,3.8,2415,ACTUAL,367
2019-12-22T12:00:00-00:00,2019-12-22T13:00:00-00:00,0,2019-12-22,5,0,ACTUAL,PGE,Total Actual Hourly Integrated Load,SYS_FCST_ACT_MW,3.8,1947,ACTUAL,367
2019-12-22T10:00:00-00:00,2019-12-22T11:00:00-00:00,0,2019-12-22,3,0,ACTUAL,PGE,Total Actual Hourly Integrated Load,SYS_FCST_ACT_MW,3.8,1928,ACTUAL,367
2019-12-23T03:00:00-00:00,2019-12-23T04:00:00-00:00,0,2019-12-22,20,0,ACTUAL,PGE,Total Actual Hourly Integrated Load,SYS_FCST_ACT_MW,3.8,2776,ACTUAL,367
2019-12-22T11:00:00-00:00,2019-12-22T12:00:00-00:00,0,2019-12-22,4,0,ACTUAL,PGE,Total Actual Hourly Integrated Load,SYS_FCST_ACT_MW,3.8,1923,ACTUAL,367
2019-12-23T06:00:00-00:00,2019-12-23T07:00:00-00:00,0,2019-12-22,23,0,ACTUAL,PGE,Total Actual Hourly Integrated Load,SYS_FCST_ACT_MW,3.8,2396,ACTUAL,367
2019-12-23T04:00:00-00:00,2019-12-23T05:00:00-00:00,0,2019-12-22,21,0,ACTUAL,PGE,Total Actual Hourly Integrated Load,SYS_FCST_ACT_MW,3.8,2701,ACTUAL,367
2019-12-23T02:00:00-00:00,2019-12-23T03:00:00-00:00,0,2019-12-22,19,0,ACTUAL,PGE,Total Actual Hourly Integrated Load,SYS_FCST_ACT_MW,3.8,2822,ACTUAL,367
2019-12-22T09:00:00-00:00,2019-12-22T10:00:00-00:00,0,2019-12-22,2,0,ACTUAL,PGE,Total Actual Hourly Integrated Load,SYS_FCST_ACT_MW,3.8,1975,ACTUAL,367
2019-12-23T07:00:00-00:00,2019-12-23T08:00:00-00:00,0,2019-12-22,24,0,ACTUAL,PGE,Total Actual Hourly Integrated Load,SYS_FCST_ACT_MW,3.8,2211,ACTUAL,367
2019-12-22T13:00:00-00:00,2019-12-22T14:00:00-00:00,0,2019-12-22,6,0,ACTUAL,PGE,Total Actual Hourly Integrated Load,SYS_FCST_ACT_MW,3.8,2629,ACTUAL,367
2019-12-23T00:00:00-00:00,2019-12-23T01:00:00-00:00,0,2019-12-22,17,0,ACTUAL,PGE,Total Actual Hourly Integrated Load,SYS_FCST_ACT_MW,3.8,2776,ACTUAL,367
2019-12-22T08:00:00-00:00,2019-12-22T09:00:00-00:00,0,2019-12-22,1,0,ACTUAL,PGE,Total Actual Hourly Integrated Load,SYS_FCST_ACT_MW,3.8,2057,ACTUAL,367
2019-12-22T22:00:00-00:00,2019-12-22T23:00:00-00:00,0,2019-12-22,15,0,ACTUAL,PGE,Total Actual Hourly Integrated Load,SYS_FCST_ACT_MW,3.8,2627,ACTUAL,367
2019-12-22T21:00:00-00:00,2019-12-22T22:00:00-00:00,0,2019-12-22,14,0,ACTUAL,PGE,Total Actual Hourly Integrated Load,SYS_FCST_ACT_MW,3.8,2620,ACTUAL,367
2019-12-23T05:00:00-00:00,2019-12-23T06:00:00-00:00,0,2019-12-22,22,0,ACTUAL,PGE,Total Actual Hourly Integrated Load,SYS_FCST_ACT_MW,3.8,2576,ACTUAL,367
2019-12-22T19:00:00-00:00,2019-12-22T20:00:00-00:00,0,2019-12-22,12,0,ACTUAL,PGE,Total Actual Hourly Integrated Load,SYS_FCST_ACT_MW,3.8,2654,ACTUAL,367
2019-12-22T17:00:00-00:00,2019-12-22T18:00:00-00:00,0,2019-12-22,10,0,ACTUAL,PGE,Total Actual Hourly Integrated Load,SYS_FCST_ACT_MW,3.8,2589,ACTUAL,367
2019-12-22T15:00:00-00:00,2019-12-22T16:00:00-00:00,0,2019-12-22,8,0,ACTUAL,PGE,Total Actual Hourly Integrated Load,SYS_FCST_ACT_MW,3.8,2325,ACTUAL,367
2019-12-22T18:00:00-00:00,2019-12-22T19:00:00-00:00,0,2019-12-22,11,0,ACTUAL,PGE,Total Actual Hourly Integrated Load,SYS_FCST_ACT_MW,3.8,2636,ACTUAL,367
2019-12-22T23:00:00-00:00,2019-12-23T00:00:00-00:00,0,2019-12-22,16,0,ACTUAL,PGE,Total Actual Hourly Integrated Load,SYS_FCST_ACT_MW,3.8,2669,ACTUAL,367
2019-12-22T20:00:00-00:00,2019-12-22T21:00:00-00:00,0,2019-12-22,13,0,ACTUAL,PGE,Total Actual Hourly Integrated Load,SYS_FCST_ACT_MW,3.8,2637,ACTUAL,367
2019-12-22T14:00:00-00:00,2019-12-22T15:00:00-00:00,0,2019-12-22,7,0,ACTUAL,PGE,Total Actual Hourly Integrated Load,SYS_FCST_ACT_MW,3.8,2162,ACTUAL,367
2019-12-23T01:00:00-00:00,2019-12-23T02:00:00-00:00,0,2019-12-22,18,0,ACTUAL,PGE,Total Actual Hourly Integrated Load,SYS_FCST_ACT_MW,3.8,2858,ACTUAL,367
2019-12-23T02:00:00-00:00,2019-12-23T03:00:00-00:00,0,2019-12-22,19,0,ACTUAL,PGE-TAC,Total Actual Hourly Integrated Load,SYS_FCST_ACT_MW,3.1,12517,ACTUAL,368
2019-12-22T16:00:00-00:00,2019-12-22T17:00:00-00:00,0,2019-12-22,9,0,ACTUAL,PGE-TAC,Total Actual Hourly Integrated Load,SYS_FCST_ACT_MW,3.1,12268,ACTUAL,368
2019-12-22T08:00:00-00:00,2019-12-22T09:00:00-00:00,0,2019-12-22,1,0,ACTUAL,PGE-TAC,Total Actual Hourly Integrated Load,SYS_FCST_ACT_MW,3.1,9851,ACTUAL,368
2019-12-22T15:00:00-00:00,2019-12-22T16:00:00-00:00,0,2019-12-22,8,0,ACTUAL,PGE-TAC,Total Actual Hourly Integrated Load,SYS_FCST_ACT_MW,3.1,10179,ACTUAL,368
2019-12-22T18:00:00-00:00,2019-12-22T19:00:00-00:00,0,2019-12-22,11,0,ACTUAL,PGE-TAC,Total Actual Hourly Integrated Load,SYS_FCST_ACT_MW,3.1,10818,ACTUAL,368
2019-12-22T20:00:00-00:00,2019-12-22T21:00:00-00:00,0,2019-12-22,13,0,ACTUAL,PGE-TAC,Total Actual Hourly Integrated Load,SYS_FCST_ACT_MW,3.1,10876,ACTUAL,368
2019-12-22T11:00:00-00:00,2019-12-22T12:00:00-00:00,0,2019-12-22,4,0,ACTUAL,PGE-TAC,Total Actual Hourly Integrated Load,SYS_FCST_ACT_MW,3.1,9059,ACTUAL,368
2019-12-23T03:00:00-00:00,2019-12-23T04:00:00-00:00,0,2019-12-22,20,0,ACTUAL,PGE-TAC,Total Actual Hourly Integrated Load,SYS_FCST_ACT_MW,3.1,12358,ACTUAL,368
2019-12-22T23:00:00-00:00,2019-12-23T00:00:00-00:00,0,2019-12-22,16,0,ACTUAL,PGE-TAC,Total Actual Hourly Integrated Load,SYS_FCST_ACT_MW,3.1,11008,ACTUAL,368
2019-12-23T01:00:00-00:00,2019-12-23T02:00:00-00:00,0,2019-12-22,18,0,ACTUAL,PGE-TAC,Total Actual Hourly Integrated Load,SYS_FCST_ACT_MW,3.1,12503,ACTUAL,368
2019-12-22T14:00:00-00:00,2019-12-22T15:00:00-00:00,0,2019-12-22,7,0,ACTUAL,PGE-TAC,Total Actual Hourly Integrated Load,SYS_FCST_ACT_MW,3.1,9710,ACTUAL,368
2019-12-23T04:00:00-00:00,2019-12-23T05:00:00-00:00,0,2019-12-22,21,0,ACTUAL,PGE-TAC,Total Actual Hourly Integrated Load,SYS_FCST_ACT_MW,3.1,12107,ACTUAL,368
2019-12-23T06:00:00-00:00,2019-12-23T07:00:00-00:00,0,2019-12-22,23,0,ACTUAL,PGE-TAC,Total Actual Hourly Integrated Load,SYS_FCST_ACT_MW,3.1,10969,ACTUAL,368
2019-12-23T00:00:00-00:00,2019-12-23T01:00:00-00:00,0,2019-12-22,17,0,ACTUAL,PGE-TAC,Total Actual Hourly Integrated Load,SYS_FCST_ACT_MW,3.1,11637,ACTUAL,368
2019-12-22T17:00:00-00:00,2019-12-22T18:00:00-00:00,0,2019-12-22,10,0,ACTUAL,PGE-TAC,Total Actual Hourly Integrated Load,SYS_FCST_ACT_MW,3.1,10657,ACTUAL,368
2019-12-22T19:00:00-00:00,2019-12-22T20:00:00-00:00,0,2019-12-22,12,0,ACTUAL,PGE-TAC,Total Actual Hourly Integrated Load,SYS_FCST_ACT_MW,3.1,10849,ACTUAL,368
2019-12-22T21:00:00-00:00,2019-12-22T22:00:00-00:00,0,2019-12-22,14,0,ACTUAL,PGE-TAC,Total Actual Hourly Integrated Load,SYS_FCST_ACT_MW,3.1,10861,ACTUAL,368
2019-12-22T22:00:00-00:00,2019-12-22T23:00:00-00:00,0,2019-12-22,15,0,ACTUAL,PGE-TAC,Total Actual Hourly Integrated Load,SYS_FCST_ACT_MW,3.1,10879,ACTUAL,368
2019-12-22T09:00:00-00:00,2019-12-22T10:00:00-00:00,0,2019-12-22,2,0,ACTUAL,PGE-TAC,Total Actual Hourly Integrated Load,SYS_FCST_ACT_MW,3.1,9457,ACTUAL,368
2019-12-22T10:00:00-00:00,2019-12-22T11:00:00-00:00,0,2019-12-22,3,0,ACTUAL,PGE-TAC,Total Actual Hourly Integrated Load,SYS_FCST_ACT_MW,3.1,9185,ACTUAL,368
2019-12-23T05:00:00-00:00,2019-12-23T06:00:00-00:00,0,2019-12-22,22,0,ACTUAL,PGE-TAC,Total Actual Hourly Integrated Load,SYS_FCST_ACT_MW,3.1,11674,ACTUAL,368
2019-12-23T07:00:00-00:00,2019-12-23T08:00:00-00:00,0,2019-12-22,24,0,ACTUAL,PGE-TAC,Total Actual Hourly Integrated Load,SYS_FCST_ACT_MW,3.1,10207,ACTUAL,368
2019-12-22T12:00:00-00:00,2019-12-22T13:00:00-00:00,0,2019-12-22,5,0,ACTUAL,PGE-TAC,Total Actual Hourly Integrated Load,SYS_FCST_ACT_MW,3.1,9082,ACTUAL,368
2019-12-22T13:00:00-00:00,2019-12-22T14:00:00-00:00,0,2019-12-22,6,0,ACTUAL,PGE-TAC,Total Actual Hourly Integrated Load,SYS_FCST_ACT_MW,3.1,12767,ACTUAL,368
2019-12-22T16:00:00-00:00,2019-12-22T17:00:00-00:00,0,2019-12-22,9,0,ACTUAL,PSEI,Total Actual Hourly Integrated Load,SYS_FCST_ACT_MW,3.8,3221,ACTUAL,369
2019-12-23T01:00:00-00:00,2019-12-23T02:00:00-00:00,0,2019-12-22,18,0,ACTUAL,PSEI,Total Actual Hourly Integrated Load,SYS_FCST_ACT_MW,3.8,3677,ACTUAL,369
2019-12-22T23:00:00-00:00,2019-12-23T00:00:00-00:00,0,2019-12-22,16,0,ACTUAL,PSEI,Total Actual Hourly Integrated Load,SYS_FCST_ACT_MW,3.8,3394,ACTUAL,369
2019-12-23T00:00:00-00:00,2019-12-23T01:00:00-00:00,0,2019-12-22,17,0,ACTUAL,PSEI,Total Actual Hourly Integrated Load,SYS_FCST_ACT_MW,3.8,3559,ACTUAL,369
2019-12-22T13:00:00-00:00,2019-12-22T14:00:00-00:00,0,2019-12-22,6,0,ACTUAL,PSEI,Total Actual Hourly Integrated Load,SYS_FCST_ACT_MW,3.8,3405,ACTUAL,369
2019-12-22T14:00:00-00:00,2019-12-22T15:00:00-00:00,0,2019-12-22,7,0,ACTUAL,PSEI,Total Actual Hourly Integrated Load,SYS_FCST_ACT_MW,3.8,2887,ACTUAL,369
2019-12-22T08:00:00-00:00,2019-12-22T09:00:00-00:00,0,2019-12-22,1,0,ACTUAL,PSEI,Total Actual Hourly Integrated Load,SYS_FCST_ACT_MW,3.8,2625,ACTUAL,369
2019-12-23T05:00:00-00:00,2019-12-23T06:00:00-00:00,0,2019-12-22,22,0,ACTUAL,PSEI,Total Actual Hourly Integrated Load,SYS_FCST_ACT_MW,3.8,3285,ACTUAL,369
2019-12-22T09:00:00-00:00,2019-12-22T10:00:00-00:00,0,2019-12-22,2,0,ACTUAL,PSEI,Total Actual Hourly Integrated Load,SYS_FCST_ACT_MW,3.8,2528,ACTUAL,369
2019-12-22T12:00:00-00:00,2019-12-22T13:00:00-00:00,0,2019-12-22,5,0,ACTUAL,PSEI,Total Actual Hourly Integrated Load,SYS_FCST_ACT_MW,3.8,2558,ACTUAL,369
2019-12-22T15:00:00-00:00,2019-12-22T16:00:00-00:00,0,2019-12-22,8,0,ACTUAL,PSEI,Total Actual Hourly Integrated Load,SYS_FCST_ACT_MW,3.8,3120,ACTUAL,369
2019-12-22T17:00:00-00:00,2019-12-22T18:00:00-00:00,0,2019-12-22,10,0,ACTUAL,PSEI,Total Actual Hourly Integrated Load,SYS_FCST_ACT_MW,3.8,3416,ACTUAL,369
2019-12-23T06:00:00-00:00,2019-12-23T07:00:00-00:00,0,2019-12-22,23,0,ACTUAL,PSEI,Total Actual Hourly Integrated Load,SYS_FCST_ACT_MW,3.8,3037,ACTUAL,369
2019-12-23T07:00:00-00:00,2019-12-23T08:00:00-00:00,0,2019-12-22,24,0,ACTUAL,PSEI,Total Actual Hourly Integrated Load,SYS_FCST_ACT_MW,3.8,2794,ACTUAL,369
2019-12-22T10:00:00-00:00,2019-12-22T11:00:00-00:00,0,2019-12-22,3,0,ACTUAL,PSEI,Total Actual Hourly Integrated Load,SYS_FCST_ACT_MW,3.8,2489,ACTUAL,369
2019-12-22T19:00:00-00:00,2019-12-22T20:00:00-00:00,0,2019-12-22,12,0,ACTUAL,PSEI,Total Actual Hourly Integrated Load,SYS_FCST_ACT_MW,3.8,3428,ACTUAL,369
2019-12-22T20:00:00-00:00,2019-12-22T21:00:00-00:00,0,2019-12-22,13,0,ACTUAL,PSEI,Total Actual Hourly Integrated Load,SYS_FCST_ACT_MW,3.8,3407,ACTUAL,369
2019-12-23T03:00:00-00:00,2019-12-23T04:00:00-00:00,0,2019-12-22,20,0,ACTUAL,PSEI,Total Actual Hourly Integrated Load,SYS_FCST_ACT_MW,3.8,3556,ACTUAL,369
2019-12-23T04:00:00-00:00,2019-12-23T05:00:00-00:00,0,2019-12-22,21,0,ACTUAL,PSEI,Total Actual Hourly Integrated Load,SYS_FCST_ACT_MW,3.8,3454,ACTUAL,369
2019-12-22T11:00:00-00:00,2019-12-22T12:00:00-00:00,0,2019-12-22,4,0,ACTUAL,PSEI,Total Actual Hourly Integrated Load,SYS_FCST_ACT_MW,3.8,2498,ACTUAL,369
2019-12-23T02:00:00-00:00,2019-12-23T03:00:00-00:00,0,2019-12-22,19,0,ACTUAL,PSEI,Total Actual Hourly Integrated Load,SYS_FCST_ACT_MW,3.8,3627,ACTUAL,369
2019-12-22T18:00:00-00:00,2019-12-22T19:00:00-00:00,0,2019-12-22,11,0,ACTUAL,PSEI,Total Actual Hourly Integrated Load,SYS_FCST_ACT_MW,3.8,3438,ACTUAL,369
2019-12-22T21:00:00-00:00,2019-12-22T22:00:00-00:00,0,2019-12-22,14,0,ACTUAL,PSEI,Total Actual Hourly Integrated Load,SYS_FCST_ACT_MW,3.8,3383,ACTUAL,369
2019-12-22T22:00:00-00:00,2019-12-22T23:00:00-00:00,0,2019-12-22,15,0,ACTUAL,PSEI,Total Actual Hourly Integrated Load,SYS_FCST_ACT_MW,3.8,3346,ACTUAL,369
2019-12-23T01:00:00-00:00,2019-12-23T02:00:00-00:00,0,2019-12-22,18,0,ACTUAL,SCE-TAC,Total Actual Hourly Integrated Load,SYS_FCST_ACT_MW,3.2,11842,ACTUAL,370
2019-12-22T20:00:00-00:00,2019-12-22T21:00:00-00:00,0,2019-12-22,13,0,ACTUAL,SCE-TAC,Total Actual Hourly Integrated Load,SYS_FCST_ACT_MW,3.2,9447,ACTUAL,370
2019-12-22T19:00:00-00:00,2019-12-22T20:00:00-00:00,0,2019-12-22,12,0,ACTUAL,SCE-TAC,Total Actual Hourly Integrated Load,SYS_FCST_ACT_MW,3.2,9578,ACTUAL,370
2019-12-23T06:00:00-00:00,2019-12-23T07:00:00-00:00,0,2019-12-22,23,0,ACTUAL,SCE-TAC,Total Actual Hourly Integrated Load,SYS_FCST_ACT_MW,3.2,10635,ACTUAL,370
2019-12-22T23:00:00-00:00,2019-12-23T00:00:00-00:00,0,2019-12-22,16,0,ACTUAL,SCE-TAC,Total Actual Hourly Integrated Load,SYS_FCST_ACT_MW,3.2,10239,ACTUAL,370
2019-12-23T04:00:00-00:00,2019-12-23T05:00:00-00:00,0,2019-12-22,21,0,ACTUAL,SCE-TAC,Total Actual Hourly Integrated Load,SYS_FCST_ACT_MW,3.2,11640,ACTUAL,370
2019-12-23T02:00:00-00:00,2019-12-23T03:00:00-00:00,0,2019-12-22,19,0,ACTUAL,SCE-TAC,Total Actual Hourly Integrated Load,SYS_FCST_ACT_MW,3.2,11927,ACTUAL,370
2019-12-22T18:00:00-00:00,2019-12-22T19:00:00-00:00,0,2019-12-22,11,0,ACTUAL,SCE-TAC,Total Actual Hourly Integrated Load,SYS_FCST_ACT_MW,3.2,9789,ACTUAL,370
2019-12-22T16:00:00-00:00,2019-12-22T17:00:00-00:00,0,2019-12-22,9,0,ACTUAL,SCE-TAC,Total Actual Hourly Integrated Load,SYS_FCST_ACT_MW,3.2,12012,ACTUAL,370
2019-12-23T00:00:00-00:00,2019-12-23T01:00:00-00:00,0,2019-12-22,17,0,ACTUAL,SCE-TAC,Total Actual Hourly Integrated Load,SYS_FCST_ACT_MW,3.2,10900,ACTUAL,370
2019-12-22T13:00:00-00:00,2019-12-22T14:00:00-00:00,0,2019-12-22,6,0,ACTUAL,SCE-TAC,Total Actual Hourly Integrated Load,SYS_FCST_ACT_MW,3.2,12428,ACTUAL,370
2019-12-22T10:00:00-00:00,2019-12-22T11:00:00-00:00,0,2019-12-22,3,0,ACTUAL,SCE-TAC,Total Actual Hourly Integrated Load,SYS_FCST_ACT_MW,3.2,9048,ACTUAL,370
2019-12-22T08:00:00-00:00,2019-12-22T09:00:00-00:00,0,2019-12-22,1,0,ACTUAL,SCE-TAC,Total Actual Hourly Integrated Load,SYS_FCST_ACT_MW,3.2,9675,ACTUAL,370
2019-12-22T21:00:00-00:00,2019-12-22T22:00:00-00:00,0,2019-12-22,14,0,ACTUAL,SCE-TAC,Total Actual Hourly Integrated Load,SYS_FCST_ACT_MW,3.2,9593,ACTUAL,370
2019-12-22T09:00:00-00:00,2019-12-22T10:00:00-00:00,0,2019-12-22,2,0,ACTUAL,SCE-TAC,Total Actual Hourly Integrated Load,SYS_FCST_ACT_MW,3.2,9285,ACTUAL,370
2019-12-22T15:00:00-00:00,2019-12-22T16:00:00-00:00,0,2019-12-22,8,0,ACTUAL,SCE-TAC,Total Actual Hourly Integrated Load,SYS_FCST_ACT_MW,3.2,9672,ACTUAL,370
2019-12-22T12:00:00-00:00,2019-12-22T13:00:00-00:00,0,2019-12-22,5,0,ACTUAL,SCE-TAC,Total Actual Hourly Integrated Load,SYS_FCST_ACT_MW,3.2,8928,ACTUAL,370
2019-12-22T17:00:00-00:00,2019-12-22T18:00:00-00:00,0,2019-12-22,10,0,ACTUAL,SCE-TAC,Total Actual Hourly Integrated Load,SYS_FCST_ACT_MW,3.2,9833,ACTUAL,370
2019-12-23T05:00:00-00:00,2019-12-23T06:00:00-00:00,0,2019-12-22,22,0,ACTUAL,SCE-TAC,Total Actual Hourly Integrated Load,SYS_FCST_ACT_MW,3.2,11282,ACTUAL,370
2019-12-22T14:00:00-00:00,2019-12-22T15:00:00-00:00,0,2019-12-22,7,0,ACTUAL,SCE-TAC,Total Actual Hourly Integrated Load,SYS_FCST_ACT_MW,3.2,9476,ACTUAL,370
2019-12-23T03:00:00-00:00,2019-12-23T04:00:00-00:00,0,2019-12-22,20,0,ACTUAL,SCE-TAC,Total Actual Hourly Integrated Load,SYS_FCST_ACT_MW,3.2,11825,ACTUAL,370
2019-12-23T07:00:00-00:00,2019-12-23T08:00:00-00:00,0,2019-12-22,24,0,ACTUAL,SCE-TAC,Total Actual Hourly Integrated Load,SYS_FCST_ACT_MW,3.2,9946,ACTUAL,370
2019-12-22T22:00:00-00:00,2019-12-22T23:00:00-00:00,0,2019-12-22,15,0,ACTUAL,SCE-TAC,Total Actual Hourly Integrated Load,SYS_FCST_ACT_MW,3.2,9908,ACTUAL,370
2019-12-22T11:00:00-00:00,2019-12-22T12:00:00-00:00,0,2019-12-22,4,0,ACTUAL,SCE-TAC,Total Actual Hourly Integrated Load,SYS_FCST_ACT_MW,3.2,8901,ACTUAL,370
2019-12-22T13:00:00-00:00,2019-12-22T14:00:00-00:00,0,2019-12-22,6,0,ACTUAL,SCL,Total Actual Hourly Integrated Load,SYS_FCST_ACT_MW,3.8,1297,ACTUAL,371
2019-12-23T07:00:00-00:00,2019-12-23T08:00:00-00:00,0,2019-12-22,24,0,ACTUAL,SCL,Total Actual Hourly Integrated Load,SYS_FCST_ACT_MW,3.8,1063,ACTUAL,371
2019-12-23T04:00:00-00:00,2019-12-23T05:00:00-00:00,0,2019-12-22,21,0,ACTUAL,SCL,Total Actual Hourly Integrated Load,SYS_FCST_ACT_MW,3.8,1277,ACTUAL,371
2019-12-23T01:00:00-00:00,2019-12-23T02:00:00-00:00,0,2019-12-22,18,0,ACTUAL,SCL,Total Actual Hourly Integrated Load,SYS_FCST_ACT_MW,3.8,1340,ACTUAL,371
2019-12-23T00:00:00-00:00,2019-12-23T01:00:00-00:00,0,2019-12-22,17,0,ACTUAL,SCL,Total Actual Hourly Integrated Load,SYS_FCST_ACT_MW,3.8,1312,ACTUAL,371
2019-12-22T08:00:00-00:00,2019-12-22T09:00:00-00:00,0,2019-12-22,1,0,ACTUAL,SCL,Total Actual Hourly Integrated Load,SYS_FCST_ACT_MW,3.8,1000,ACTUAL,371
2019-12-23T06:00:00-00:00,2019-12-23T07:00:00-00:00,0,2019-12-22,23,0,ACTUAL,SCL,Total Actual Hourly Integrated Load,SYS_FCST_ACT_MW,3.8,1141,ACTUAL,371
2019-12-22T15:00:00-00:00,2019-12-22T16:00:00-00:00,0,2019-12-22,8,0,ACTUAL,SCL,Total Actual Hourly Integrated Load,SYS_FCST_ACT_MW,3.8,1113,ACTUAL,371
2019-12-23T03:00:00-00:00,2019-12-23T04:00:00-00:00,0,2019-12-22,20,0,ACTUAL,SCL,Total Actual Hourly Integrated Load,SYS_FCST_ACT_MW,3.8,1311,ACTUAL,371
2019-12-22T16:00:00-00:00,2019-12-22T17:00:00-00:00,0,2019-12-22,9,0,ACTUAL,SCL,Total Actual Hourly Integrated Load,SYS_FCST_ACT_MW,3.8,1138,ACTUAL,371
2019-12-22T21:00:00-00:00,2019-12-22T22:00:00-00:00,0,2019-12-22,14,0,ACTUAL,SCL,Total Actual Hourly Integrated Load,SYS_FCST_ACT_MW,3.8,1264,ACTUAL,371
2019-12-22T19:00:00-00:00,2019-12-22T20:00:00-00:00,0,2019-12-22,12,0,ACTUAL,SCL,Total Actual Hourly Integrated Load,SYS_FCST_ACT_MW,3.8,1256,ACTUAL,371
2019-12-22T18:00:00-00:00,2019-12-22T19:00:00-00:00,0,2019-12-22,11,0,ACTUAL,SCL,Total Actual Hourly Integrated Load,SYS_FCST_ACT_MW,3.8,1248,ACTUAL,371
2019-12-22T14:00:00-00:00,2019-12-22T15:00:00-00:00,0,2019-12-22,7,0,ACTUAL,SCL,Total Actual Hourly Integrated Load,SYS_FCST_ACT_MW,3.8,1040,ACTUAL,371
2019-12-22T10:00:00-00:00,2019-12-22T11:00:00-00:00,0,2019-12-22,3,0,ACTUAL,SCL,Total Actual Hourly Integrated Load,SYS_FCST_ACT_MW,3.8,939,ACTUAL,371
2019-12-22T09:00:00-00:00,2019-12-22T10:00:00-00:00,0,2019-12-22,2,0,ACTUAL,SCL,Total Actual Hourly Integrated Load,SYS_FCST_ACT_MW,3.8,962,ACTUAL,371
2019-12-23T05:00:00-00:00,2019-12-23T06:00:00-00:00,0,2019-12-22,22,0,ACTUAL,SCL,Total Actual Hourly Integrated Load,SYS_FCST_ACT_MW,3.8,1222,ACTUAL,371
2019-12-22T11:00:00-00:00,2019-12-22T12:00:00-00:00,0,2019-12-22,4,0,ACTUAL,SCL,Total Actual Hourly Integrated Load,SYS_FCST_ACT_MW,3.8,934,ACTUAL,371
2019-12-22T22:00:00-00:00,2019-12-22T23:00:00-00:00,0,2019-12-22,15,0,ACTUAL,SCL,Total Actual Hourly Integrated Load,SYS_FCST_ACT_MW,3.8,1252,ACTUAL,371
2019-12-22T12:00:00-00:00,2019-12-22T13:00:00-00:00,0,2019-12-22,5,0,ACTUAL,SCL,Total Actual Hourly Integrated Load,SYS_FCST_ACT_MW,3.8,949,ACTUAL,371
2019-12-22T20:00:00-00:00,2019-12-22T21:00:00-00:00,0,2019-12-22,13,0,ACTUAL,SCL,Total Actual Hourly Integrated Load,SYS_FCST_ACT_MW,3.8,1264,ACTUAL,371
2019-12-22T17:00:00-00:00,2019-12-22T18:00:00-00:00,0,2019-12-22,10,0,ACTUAL,SCL,Total Actual Hourly Integrated Load,SYS_FCST_ACT_MW,3.8,1228,ACTUAL,371
2019-12-22T23:00:00-00:00,2019-12-23T00:00:00-00:00,0,2019-12-22,16,0,ACTUAL,SCL,Total Actual Hourly Integrated Load,SYS_FCST_ACT_MW,3.8,1271,ACTUAL,371
2019-12-23T02:00:00-00:00,2019-12-23T03:00:00-00:00,0,2019-12-22,19,0,ACTUAL,SCL,Total Actual Hourly Integrated Load,SYS_FCST_ACT_MW,3.8,1329,ACTUAL,371
2019-12-22T18:00:00-00:00,2019-12-22T19:00:00-00:00,0,2019-12-22,11,0,ACTUAL,SDGE-TAC,Total Actual Hourly Integrated Load,SYS_FCST_ACT_MW,3.4,2209,ACTUAL,372
2019-12-22T22:00:00-00:00,2019-12-22T23:00:00-00:00,0,2019-12-22,15,0,ACTUAL,SDGE-TAC,Total Actual Hourly Integrated Load,SYS_FCST_ACT_MW,3.4,2110,ACTUAL,372
2019-12-22T23:00:00-00:00,2019-12-23T00:00:00-00:00,0,2019-12-22,16,0,ACTUAL,SDGE-TAC,Total Actual Hourly Integrated Load,SYS_FCST_ACT_MW,3.4,2208,ACTUAL,372
2019-12-22T12:00:00-00:00,2019-12-22T13:00:00-00:00,0,2019-12-22,5,0,ACTUAL,SDGE-TAC,Total Actual Hourly Integrated Load,SYS_FCST_ACT_MW,3.4,1784,ACTUAL,372
2019-12-22T14:00:00-00:00,2019-12-22T15:00:00-00:00,0,2019-12-22,7,0,ACTUAL,SDGE-TAC,Total Actual Hourly Integrated Load,SYS_FCST_ACT_MW,3.4,1947,ACTUAL,372
2019-12-22T15:00:00-00:00,2019-12-22T16:00:00-00:00,0,2019-12-22,8,0,ACTUAL,SDGE-TAC,Total Actual Hourly Integrated Load,SYS_FCST_ACT_MW,3.4,2055,ACTUAL,372
2019-12-23T01:00:00-00:00,2019-12-23T02:00:00-00:00,0,2019-12-22,18,0,ACTUAL,SDGE-TAC,Total Actual Hourly Integrated Load,SYS_FCST_ACT_MW,3.4,2686,ACTUAL,372
2019-12-23T06:00:00-00:00,2019-12-23T07:00:00-00:00,0,2019-12-22,23,0,ACTUAL,SDGE-TAC,Total Actual Hourly Integrated Load,SYS_FCST_ACT_MW,3.4,2275,ACTUAL,372
2019-12-22T08:00:00-00:00,2019-12-22T09:00:00-00:00,0,2019-12-22,1,0,ACTUAL,SDGE-TAC,Total Actual Hourly Integrated Load,SYS_FCST_ACT_MW,3.4,1966,ACTUAL,372
2019-12-22T11:00:00-00:00,2019-12-22T12:00:00-00:00,0,2019-12-22,4,0,ACTUAL,SDGE-TAC,Total Actual Hourly Integrated Load,SYS_FCST_ACT_MW,3.4,1775,ACTUAL,372
2019-12-22T20:00:00-00:00,2019-12-22T21:00:00-00:00,0,2019-12-22,13,0,ACTUAL,SDGE-TAC,Total Actual Hourly Integrated Load,SYS_FCST_ACT_MW,3.4,2072,ACTUAL,372
2019-12-22T21:00:00-00:00,2019-12-22T22:00:00-00:00,0,2019-12-22,14,0,ACTUAL,SDGE-TAC,Total Actual Hourly Integrated Load,SYS_FCST_ACT_MW,3.4,2089,ACTUAL,372
2019-12-23T05:00:00-00:00,2019-12-23T06:00:00-00:00,0,2019-12-22,22,0,ACTUAL,SDGE-TAC,Total Actual Hourly Integrated Load,SYS_FCST_ACT_MW,3.4,2482,ACTUAL,372
2019-12-22T19:00:00-00:00,2019-12-22T20:00:00-00:00,0,2019-12-22,12,0,ACTUAL,SDGE-TAC,Total Actual Hourly Integrated Load,SYS_FCST_ACT_MW,3.4,2156,ACTUAL,372
2019-12-23T03:00:00-00:00,2019-12-23T04:00:00-00:00,0,2019-12-22,20,0,ACTUAL,SDGE-TAC,Total Actual Hourly Integrated Load,SYS_FCST_ACT_MW,3.4,2633,ACTUAL,372
2019-12-23T07:00:00-00:00,2019-12-23T08:00:00-00:00,0,2019-12-22,24,0,ACTUAL,SDGE-TAC,Total Actual Hourly Integrated Load,SYS_FCST_ACT_MW,3.4,2069,ACTUAL,372
2019-12-22T13:00:00-00:00,2019-12-22T14:00:00-00:00,0,2019-12-22,6,0,ACTUAL,SDGE-TAC,Total Actual Hourly Integrated Load,SYS_FCST_ACT_MW,3.4,2670,ACTUAL,372
2019-12-23T00:00:00-00:00,2019-12-23T01:00:00-00:00,0,2019-12-22,17,0,ACTUAL,SDGE-TAC,Total Actual Hourly Integrated Load,SYS_FCST_ACT_MW,3.4,2437,ACTUAL,372
2019-12-23T04:00:00-00:00,2019-12-23T05:00:00-00:00,0,2019-12-22,21,0,ACTUAL,SDGE-TAC,Total Actual Hourly Integrated Load,SYS_FCST_ACT_MW,3.4,2566,ACTUAL,372
2019-12-22T09:00:00-00:00,2019-12-22T10:00:00-00:00,0,2019-12-22,2,0,ACTUAL,SDGE-TAC,Total Actual Hourly Integrated Load,SYS_FCST_ACT_MW,3.4,1868,ACTUAL,372
2019-12-23T02:00:00-00:00,2019-12-23T03:00:00-00:00,0,2019-12-22,19,0,ACTUAL,SDGE-TAC,Total Actual Hourly Integrated Load,SYS_FCST_ACT_MW,3.4,2675,ACTUAL,372
2019-12-22T10:00:00-00:00,2019-12-22T11:00:00-00:00,0,2019-12-22,3,0,ACTUAL,SDGE-TAC,Total Actual Hourly Integrated Load,SYS_FCST_ACT_MW,3.4,1805,ACTUAL,372
2019-12-22T16:00:00-00:00,2019-12-22T17:00:00-00:00,0,2019-12-22,9,0,ACTUAL,SDGE-TAC,Total Actual Hourly Integrated Load,SYS_FCST_ACT_MW,3.4,2514,ACTUAL,372
2019-12-22T17:00:00-00:00,2019-12-22T18:00:00-00:00,0,2019-12-22,10,0,ACTUAL,SDGE-TAC,Total Actual Hourly Integrated Load,SYS_FCST_ACT_MW,3.4,2180,ACTUAL,372
2019-12-22T18:00:00-00:00,2019-12-22T19:00:00-00:00,0,2019-12-22,11,0,ACTUAL,SRP,Total Actual Hourly Integrated Load,SYS_FCST_ACT_MW,3.8,2865,ACTUAL,373
2019-12-23T00:00:00-00:00,2019-12-23T01:00:00-00:00,0,2019-12-22,17,0,ACTUAL,SRP,Total Actual Hourly Integrated Load,SYS_FCST_ACT_MW,3.8,2960,ACTUAL,373
2019-12-23T03:00:00-00:00,2019-12-23T04:00:00-00:00,0,2019-12-22,20,0,ACTUAL,SRP,Total Actual Hourly Integrated Load,SYS_FCST_ACT_MW,3.8,3009,ACTUAL,373
2019-12-23T05:00:00-00:00,2019-12-23T06:00:00-00:00,0,2019-12-22,22,0,ACTUAL,SRP,Total Actual Hourly Integrated Load,SYS_FCST_ACT_MW,3.8,2835,ACTUAL,373
2019-12-22T13:00:00-00:00,2019-12-22T14:00:00-00:00,0,2019-12-22,6,0,ACTUAL,SRP,Total Actual Hourly Integrated Load,SYS_FCST_ACT_MW,3.8,3146,ACTUAL,373
2019-12-22T20:00:00-00:00,2019-12-22T21:00:00-00:00,0,2019-12-22,13,0,ACTUAL,SRP,Total Actual Hourly Integrated Load,SYS_FCST_ACT_MW,3.8,2723,ACTUAL,373
2019-12-22T21:00:00-00:00,2019-12-22T22:00:00-00:00,0,2019-12-22,14,0,ACTUAL,SRP,Total Actual Hourly Integrated Load,SYS_FCST_ACT_MW,3.8,2679,ACTUAL,373
2019-12-22T10:00:00-00:00,2019-12-22T11:00:00-00:00,0,2019-12-22,3,0,ACTUAL,SRP,Total Actual Hourly Integrated Load,SYS_FCST_ACT_MW,3.8,2514,ACTUAL,373
2019-12-22T12:00:00-00:00,2019-12-22T13:00:00-00:00,0,2019-12-22,5,0,ACTUAL,SRP,Total Actual Hourly Integrated Load,SYS_FCST_ACT_MW,3.8,2662,ACTUAL,373
2019-12-22T14:00:00-00:00,2019-12-22T15:00:00-00:00,0,2019-12-22,7,0,ACTUAL,SRP,Total Actual Hourly Integrated Load,SYS_FCST_ACT_MW,3.8,2935,ACTUAL,373
2019-12-23T06:00:00-00:00,2019-12-23T07:00:00-00:00,0,2019-12-22,23,0,ACTUAL,SRP,Total Actual Hourly Integrated Load,SYS_FCST_ACT_MW,3.8,2660,ACTUAL,373
2019-12-23T07:00:00-00:00,2019-12-23T08:00:00-00:00,0,2019-12-22,24,0,ACTUAL,SRP,Total Actual Hourly Integrated Load,SYS_FCST_ACT_MW,3.8,2555,ACTUAL,373
2019-12-22T09:00:00-00:00,2019-12-22T10:00:00-00:00,0,2019-12-22,2,0,ACTUAL,SRP,Total Actual Hourly Integrated Load,SYS_FCST_ACT_MW,3.8,2501,ACTUAL,373
2019-12-22T17:00:00-00:00,2019-12-22T18:00:00-00:00,0,2019-12-22,10,0,ACTUAL,SRP,Total Actual Hourly Integrated Load,SYS_FCST_ACT_MW,3.8,2938,ACTUAL,373
2019-12-22T19:00:00-00:00,2019-12-22T20:00:00-00:00,0,2019-12-22,12,0,ACTUAL,SRP,Total Actual Hourly Integrated Load,SYS_FCST_ACT_MW,3.8,2766,ACTUAL,373
2019-12-22T23:00:00-00:00,2019-12-23T00:00:00-00:00,0,2019-12-22,16,0,ACTUAL,SRP,Total Actual Hourly Integrated Load,SYS_FCST_ACT_MW,3.8,2744,ACTUAL,373
2019-12-23T01:00:00-00:00,2019-12-23T02:00:00-00:00,0,2019-12-22,18,0,ACTUAL,SRP,Total Actual Hourly Integrated Load,SYS_FCST_ACT_MW,3.8,3089,ACTUAL,373
2019-12-23T04:00:00-00:00,2019-12-23T05:00:00-00:00,0,2019-12-22,21,0,ACTUAL,SRP,Total Actual Hourly Integrated Load,SYS_FCST_ACT_MW,3.8,2943,ACTUAL,373
2019-12-22T11:00:00-00:00,2019-12-22T12:00:00-00:00,0,2019-12-22,4,0,ACTUAL,SRP,Total Actual Hourly Integrated Load,SYS_FCST_ACT_MW,3.8,2569,ACTUAL,373
2019-12-22T15:00:00-00:00,2019-12-22T16:00:00-00:00,0,2019-12-22,8,0,ACTUAL,SRP,Total Actual Hourly Integrated Load,SYS_FCST_ACT_MW,3.8,3051,ACTUAL,373
2019-12-22T16:00:00-00:00,2019-12-22T17:00:00-00:00,0,2019-12-22,9,0,ACTUAL,SRP,Total Actual Hourly Integrated Load,SYS_FCST_ACT_MW,3.8,3103,ACTUAL,373
2019-12-22T22:00:00-00:00,2019-12-22T23:00:00-00:00,0,2019-12-22,15,0,ACTUAL,SRP,Total Actual Hourly Integrated Load,SYS_FCST_ACT_MW,3.8,2679,ACTUAL,373
2019-12-22T08:00:00-00:00,2019-12-22T09:00:00-00:00,0,2019-12-22,1,0,ACTUAL,SRP,Total Actual Hourly Integrated Load,SYS_FCST_ACT_MW,3.8,2535,ACTUAL,373
2019-12-23T02:00:00-00:00,2019-12-23T03:00:00-00:00,0,2019-12-22,19,0,ACTUAL,SRP,Total Actual Hourly Integrated Load,SYS_FCST_ACT_MW,3.8,3053,ACTUAL,373
2019-12-22T09:00:00-00:00,2019-12-22T10:00:00-00:00,0,2019-12-22,2,0,ACTUAL,VEA-TAC,Total Actual Hourly Integrated Load,SYS_FCST_ACT_MW,3.5,73,ACTUAL,374
2019-12-22T08:00:00-00:00,2019-12-22T09:00:00-00:00,0,2019-12-22,1,0,ACTUAL,VEA-TAC,Total Actual Hourly Integrated Load,SYS_FCST_ACT_MW,3.5,73,ACTUAL,374
2019-12-22T13:00:00-00:00,2019-12-22T14:00:00-00:00,0,2019-12-22,6,0,ACTUAL,VEA-TAC,Total Actual Hourly Integrated Load,SYS_FCST_ACT_MW,3.5,84,ACTUAL,374
2019-12-22T20:00:00-00:00,2019-12-22T21:00:00-00:00,0,2019-12-22,13,0,ACTUAL,VEA-TAC,Total Actual Hourly Integrated Load,SYS_FCST_ACT_MW,3.5,67,ACTUAL,374
2019-12-23T05:00:00-00:00,2019-12-23T06:00:00-00:00,0,2019-12-22,22,0,ACTUAL,VEA-TAC,Total Actual Hourly Integrated Load,SYS_FCST_ACT_MW,3.5,72,ACTUAL,374
2019-12-23T07:00:00-00:00,2019-12-23T08:00:00-00:00,0,2019-12-22,24,0,ACTUAL,VEA-TAC,Total Actual Hourly Integrated Load,SYS_FCST_ACT_MW,3.5,65,ACTUAL,374
2019-12-22T10:00:00-00:00,2019-12-22T11:00:00-00:00,0,2019-12-22,3,0,ACTUAL,VEA-TAC,Total Actual Hourly Integrated Load,SYS_FCST_ACT_MW,3.5,74,ACTUAL,374
2019-12-22T16:00:00-00:00,2019-12-22T17:00:00-00:00,0,2019-12-22,9,0,ACTUAL,VEA-TAC,Total Actual Hourly Integrated Load,SYS_FCST_ACT_MW,3.5,95,ACTUAL,374
2019-12-22T18:00:00-00:00,2019-12-22T19:00:00-00:00,0,2019-12-22,11,0,ACTUAL,VEA-TAC,Total Actual Hourly Integrated Load,SYS_FCST_ACT_MW,3.5,81,ACTUAL,374
2019-12-22T23:00:00-00:00,2019-12-23T00:00:00-00:00,0,2019-12-22,16,0,ACTUAL,VEA-TAC,Total Actual Hourly Integrated Load,SYS_FCST_ACT_MW,3.5,64,ACTUAL,374
2019-12-23T00:00:00-00:00,2019-12-23T01:00:00-00:00,0,2019-12-22,17,0,ACTUAL,VEA-TAC,Total Actual Hourly Integrated Load,SYS_FCST_ACT_MW,3.5,72,ACTUAL,374
2019-12-23T02:00:00-00:00,2019-12-23T03:00:00-00:00,0,2019-12-22,19,0,ACTUAL,VEA-TAC,Total Actual Hourly Integrated Load,SYS_FCST_ACT_MW,3.5,79,ACTUAL,374
2019-12-22T11:00:00-00:00,2019-12-22T12:00:00-00:00,0,2019-12-22,4,0,ACTUAL,VEA-TAC,Total Actual Hourly Integrated Load,SYS_FCST_ACT_MW,3.5,76,ACTUAL,374
2019-12-22T17:00:00-00:00,2019-12-22T18:00:00-00:00,0,2019-12-22,10,0,ACTUAL,VEA-TAC,Total Actual Hourly Integrated Load,SYS_FCST_ACT_MW,3.5,88,ACTUAL,374
2019-12-22T21:00:00-00:00,2019-12-22T22:00:00-00:00,0,2019-12-22,14,0,ACTUAL,VEA-TAC,Total Actual Hourly Integrated Load,SYS_FCST_ACT_MW,3.5,62,ACTUAL,374
2019-12-23T04:00:00-00:00,2019-12-23T05:00:00-00:00,0,2019-12-22,21,0,ACTUAL,VEA-TAC,Total Actual Hourly Integrated Load,SYS_FCST_ACT_MW,3.5,76,ACTUAL,374
2019-12-22T19:00:00-00:00,2019-12-22T20:00:00-00:00,0,2019-12-22,12,0,ACTUAL,VEA-TAC,Total Actual Hourly Integrated Load,SYS_FCST_ACT_MW,3.5,75,ACTUAL,374
2019-12-23T01:00:00-00:00,2019-12-23T02:00:00-00:00,0,2019-12-22,18,0,ACTUAL,VEA-TAC,Total Actual Hourly Integrated Load,SYS_FCST_ACT_MW,3.5,78,ACTUAL,374
2019-12-22T14:00:00-00:00,2019-12-22T15:00:00-00:00,0,2019-12-22,7,0,ACTUAL,VEA-TAC,Total Actual Hourly Integrated Load,SYS_FCST_ACT_MW,3.5,90,ACTUAL,374
2019-12-22T22:00:00-00:00,2019-12-22T23:00:00-00:00,0,2019-12-22,15,0,ACTUAL,VEA-TAC,Total Actual Hourly Integrated Load,SYS_FCST_ACT_MW,3.5,62,ACTUAL,374
2019-12-22T15:00:00-00:00,2019-12-22T16:00:00-00:00,0,2019-12-22,8,0,ACTUAL,VEA-TAC,Total Actual Hourly Integrated Load,SYS_FCST_ACT_MW,3.5,95,ACTUAL,374
2019-12-23T03:00:00-00:00,2019-12-23T04:00:00-00:00,0,2019-12-22,20,0,ACTUAL,VEA-TAC,Total Actual Hourly Integrated Load,SYS_FCST_ACT_MW,3.5,78,ACTUAL,374
2019-12-23T06:00:00-00:00,2019-12-23T07:00:00-00:00,0,2019-12-22,23,0,ACTUAL,VEA-TAC,Total Actual Hourly Integrated Load,SYS_FCST_ACT_MW,3.5,68,ACTUAL,374
2019-12-22T12:00:00-00:00,2019-12-22T13:00:00-00:00,0,2019-12-22,5,0,ACTUAL,VEA-TAC,Total Actual Hourly Integrated Load,SYS_FCST_ACT_MW,3.5,79,ACTUAL,374
2019-12-24T05:00:00-00:00,2019-12-24T06:00:00-00:00,0,2019-12-23,22,0,ACTUAL,AZPS,Total Actual Hourly Integrated Load,SYS_FCST_ACT_MW,3.8,3039,ACTUAL,375
2019-12-23T10:00:00-00:00,2019-12-23T11:00:00-00:00,0,2019-12-23,3,0,ACTUAL,AZPS,Total Actual Hourly Integrated Load,SYS_FCST_ACT_MW,3.8,2529,ACTUAL,375
2019-12-23T20:00:00-00:00,2019-12-23T21:00:00-00:00,0,2019-12-23,13,0,ACTUAL,AZPS,Total Actual Hourly Integrated Load,SYS_FCST_ACT_MW,3.8,2932,ACTUAL,375
2019-12-24T04:00:00-00:00,2019-12-24T05:00:00-00:00,0,2019-12-23,21,0,ACTUAL,AZPS,Total Actual Hourly Integrated Load,SYS_FCST_ACT_MW,3.8,3181,ACTUAL,375
2019-12-24T06:00:00-00:00,2019-12-24T07:00:00-00:00,0,2019-12-23,23,0,ACTUAL,AZPS,Total Actual Hourly Integrated Load,SYS_FCST_ACT_MW,3.8,2852,ACTUAL,375
2019-12-23T23:00:00-00:00,2019-12-24T00:00:00-00:00,0,2019-12-23,16,0,ACTUAL,AZPS,Total Actual Hourly Integrated Load,SYS_FCST_ACT_MW,3.8,2970,ACTUAL,375
2019-12-23T12:00:00-00:00,2019-12-23T13:00:00-00:00,0,2019-12-23,5,0,ACTUAL,AZPS,Total Actual Hourly Integrated Load,SYS_FCST_ACT_MW,3.8,2826,ACTUAL,375
2019-12-23T17:00:00-00:00,2019-12-23T18:00:00-00:00,0,2019-12-23,10,0,ACTUAL,AZPS,Total Actual Hourly Integrated Load,SYS_FCST_ACT_MW,3.8,3100,ACTUAL,375
2019-12-23T22:00:00-00:00,2019-12-23T23:00:00-00:00,0,2019-12-23,15,0,ACTUAL,AZPS,Total Actual Hourly Integrated Load,SYS_FCST_ACT_MW,3.8,2874,ACTUAL,375
2019-12-24T00:00:00-00:00,2019-12-24T01:00:00-00:00,0,2019-12-23,17,0,ACTUAL,AZPS,Total Actual Hourly Integrated Load,SYS_FCST_ACT_MW,3.8,3205,ACTUAL,375
2019-12-23T21:00:00-00:00,2019-12-23T22:00:00-00:00,0,2019-12-23,14,0,ACTUAL,AZPS,Total Actual Hourly Integrated Load,SYS_FCST_ACT_MW,3.8,2903,ACTUAL,375
2019-12-23T08:00:00-00:00,2019-12-23T09:00:00-00:00,0,2019-12-23,1,0,ACTUAL,AZPS,Total Actual Hourly Integrated Load,SYS_FCST_ACT_MW,3.8,2527,ACTUAL,375
2019-12-23T15:00:00-00:00,2019-12-23T16:00:00-00:00,0,2019-12-23,8,0,ACTUAL,AZPS,Total Actual Hourly Integrated Load,SYS_FCST_ACT_MW,3.8,3210,ACTUAL,375
2019-12-23T18:00:00-00:00,2019-12-23T19:00:00-00:00,0,2019-12-23,11,0,ACTUAL,AZPS,Total Actual Hourly Integrated Load,SYS_FCST_ACT_MW,3.8,3036,ACTUAL,375
2019-12-24T02:00:00-00:00,2019-12-24T03:00:00-00:00,0,2019-12-23,19,0,ACTUAL,AZPS,Total Actual Hourly Integrated Load,SYS_FCST_ACT_MW,3.8,3263,ACTUAL,375
2019-12-23T09:00:00-00:00,2019-12-23T10:00:00-00:00,0,2019-12-23,2,0,ACTUAL,AZPS,Total Actual Hourly Integrated Load,SYS_FCST_ACT_MW,3.8,2500,ACTUAL,375
2019-12-23T11:00:00-00:00,2019-12-23T12:00:00-00:00,0,2019-12-23,4,0,ACTUAL,AZPS,Total Actual Hourly Integrated Load,SYS_FCST_ACT_MW,3.8,2633,ACTUAL,375
2019-12-23T14:00:00-00:00,2019-12-23T15:00:00-00:00,0,2019-12-23,7,0,ACTUAL,AZPS,Total Actual Hourly Integrated Load,SYS_FCST_ACT_MW,3.8,3193,ACTUAL,375
2019-12-23T16:00:00-00:00,2019-12-23T17:00:00-00:00,0,2019-12-23,9,0,ACTUAL,AZPS,Total Actual Hourly Integrated Load,SYS_FCST_ACT_MW,3.8,3175,ACTUAL,375
2019-12-23T19:00:00-00:00,2019-12-23T20:00:00-00:00,0,2019-12-23,12,0,ACTUAL,AZPS,Total Actual Hourly Integrated Load,SYS_FCST_ACT_MW,3.8,2956,ACTUAL,375
2019-12-24T01:00:00-00:00,2019-12-24T02:00:00-00:00,0,2019-12-23,18,0,ACTUAL,AZPS,Total Actual Hourly Integrated Load,SYS_FCST_ACT_MW,3.8,3304,ACTUAL,375
2019-12-24T03:00:00-00:00,2019-12-24T04:00:00-00:00,0,2019-12-23,20,0,ACTUAL,AZPS,Total Actual Hourly Integrated Load,SYS_FCST_ACT_MW,3.8,3247,ACTUAL,375
2019-12-24T07:00:00-00:00,2019-12-24T08:00:00-00:00,0,2019-12-23,24,0,ACTUAL,AZPS,Total Actual Hourly Integrated Load,SYS_FCST_ACT_MW,3.8,2713,ACTUAL,375
2019-12-23T13:00:00-00:00,2019-12-23T14:00:00-00:00,0,2019-12-23,6,0,ACTUAL,AZPS,Total Actual Hourly Integrated Load,SYS_FCST_ACT_MW,3.8,3043,ACTUAL,375
2019-12-24T03:00:00-00:00,2019-12-24T04:00:00-00:00,0,2019-12-23,20,0,ACTUAL,BANCSMUD,Total Actual Hourly Integrated Load,SYS_FCST_ACT_MW,3.8,1389,ACTUAL,376
2019-12-23T10:00:00-00:00,2019-12-23T11:00:00-00:00,0,2019-12-23,3,0,ACTUAL,BANCSMUD,Total Actual Hourly Integrated Load,SYS_FCST_ACT_MW,3.8,971,ACTUAL,376
2019-12-23T13:00:00-00:00,2019-12-23T14:00:00-00:00,0,2019-12-23,6,0,ACTUAL,BANCSMUD,Total Actual Hourly Integrated Load,SYS_FCST_ACT_MW,3.8,1106,ACTUAL,376
2019-12-24T07:00:00-00:00,2019-12-24T08:00:00-00:00,0,2019-12-23,24,0,ACTUAL,BANCSMUD,Total Actual Hourly Integrated Load,SYS_FCST_ACT_MW,3.8,1170,ACTUAL,376
2019-12-24T00:00:00-00:00,2019-12-24T01:00:00-00:00,0,2019-12-23,17,0,ACTUAL,BANCSMUD,Total Actual Hourly Integrated Load,SYS_FCST_ACT_MW,3.8,1267,ACTUAL,376
2019-12-23T23:00:00-00:00,2019-12-24T00:00:00-00:00,0,2019-12-23,16,0,ACTUAL,BANCSMUD,Total Actual Hourly Integrated Load,SYS_FCST_ACT_MW,3.8,1199,ACTUAL,376
2019-12-23T18:00:00-00:00,2019-12-23T19:00:00-00:00,0,2019-12-23,11,0,ACTUAL,BANCSMUD,Total Actual Hourly Integrated Load,SYS_FCST_ACT_MW,3.8,1296,ACTUAL,376
2019-12-23T17:00:00-00:00,2019-12-23T18:00:00-00:00,0,2019-12-23,10,0,ACTUAL,BANCSMUD,Total Actual Hourly Integrated Load,SYS_FCST_ACT_MW,3.8,1332,ACTUAL,376
2019-12-23T08:00:00-00:00,2019-12-23T09:00:00-00:00,0,2019-12-23,1,0,ACTUAL,BANCSMUD,Total Actual Hourly Integrated Load,SYS_FCST_ACT_MW,3.8,1020,ACTUAL,376
2019-12-23T12:00:00-00:00,2019-12-23T13:00:00-00:00,0,2019-12-23,5,0,ACTUAL,BANCSMUD,Total Actual Hourly Integrated Load,SYS_FCST_ACT_MW,3.8,1025,ACTUAL,376
2019-12-23T15:00:00-00:00,2019-12-23T16:00:00-00:00,0,2019-12-23,8,0,ACTUAL,BANCSMUD,Total Actual Hourly Integrated Load,SYS_FCST_ACT_MW,3.8,1273,ACTUAL,376
2019-12-23T14:00:00-00:00,2019-12-23T15:00:00-00:00,0,2019-12-23,7,0,ACTUAL,BANCSMUD,Total Actual Hourly Integrated Load,SYS_FCST_ACT_MW,3.8,1205,ACTUAL,376
2019-12-23T22:00:00-00:00,2019-12-23T23:00:00-00:00,0,2019-12-23,15,0,ACTUAL,BANCSMUD,Total Actual Hourly Integrated Load,SYS_FCST_ACT_MW,3.8,1184,ACTUAL,376
2019-12-23T16:00:00-00:00,2019-12-23T17:00:00-00:00,0,2019-12-23,9,0,ACTUAL,BANCSMUD,Total Actual Hourly Integrated Load,SYS_FCST_ACT_MW,3.8,1315,ACTUAL,376
2019-12-23T09:00:00-00:00,2019-12-23T10:00:00-00:00,0,2019-12-23,2,0,ACTUAL,BANCSMUD,Total Actual Hourly Integrated Load,SYS_FCST_ACT_MW,3.8,982,ACTUAL,376
2019-12-24T05:00:00-00:00,2019-12-24T06:00:00-00:00,0,2019-12-23,22,0,ACTUAL,BANCSMUD,Total Actual Hourly Integrated Load,SYS_FCST_ACT_MW,3.8,1334,ACTUAL,376
2019-12-24T01:00:00-00:00,2019-12-24T02:00:00-00:00,0,2019-12-23,18,0,ACTUAL,BANCSMUD,Total Actual Hourly Integrated Load,SYS_FCST_ACT_MW,3.8,1390,ACTUAL,376
2019-12-23T20:00:00-00:00,2019-12-23T21:00:00-00:00,0,2019-12-23,13,0,ACTUAL,BANCSMUD,Total Actual Hourly Integrated Load,SYS_FCST_ACT_MW,3.8,1226,ACTUAL,376
2019-12-23T19:00:00-00:00,2019-12-23T20:00:00-00:00,0,2019-12-23,12,0,ACTUAL,BANCSMUD,Total Actual Hourly Integrated Load,SYS_FCST_ACT_MW,3.8,1265,ACTUAL,376
2019-12-24T06:00:00-00:00,2019-12-24T07:00:00-00:00,0,2019-12-23,23,0,ACTUAL,BANCSMUD,Total Actual Hourly Integrated Load,SYS_FCST_ACT_MW,3.8,1257,ACTUAL,376
2019-12-24T02:00:00-00:00,2019-12-24T03:00:00-00:00,0,2019-12-23,19,0,ACTUAL,BANCSMUD,Total Actual Hourly Integrated Load,SYS_FCST_ACT_MW,3.8,1402,ACTUAL,376
2019-12-23T11:00:00-00:00,2019-12-23T12:00:00-00:00,0,2019-12-23,4,0,ACTUAL,BANCSMUD,Total Actual Hourly Integrated Load,SYS_FCST_ACT_MW,3.8,984,ACTUAL,376
2019-12-24T04:00:00-00:00,2019-12-24T05:00:00-00:00,0,2019-12-23,21,0,ACTUAL,BANCSMUD,Total Actual Hourly Integrated Load,SYS_FCST_ACT_MW,3.8,1377,ACTUAL,376
2019-12-23T21:00:00-00:00,2019-12-23T22:00:00-00:00,0,2019-12-23,14,0,ACTUAL,BANCSMUD,Total Actual Hourly Integrated Load,SYS_FCST_ACT_MW,3.8,1197,ACTUAL,376
2019-12-23T22:00:00-00:00,2019-12-23T23:00:00-00:00,0,2019-12-23,15,0,ACTUAL,BCHA,Total Actual Hourly Integrated Load,SYS_FCST_ACT_MW,3.8,8716,ACTUAL,377
2019-12-23T14:00:00-00:00,2019-12-23T15:00:00-00:00,0,2019-12-23,7,0,ACTUAL,BCHA,Total Actual Hourly Integrated Load,SYS_FCST_ACT_MW,3.8,7904,ACTUAL,377
2019-12-24T07:00:00-00:00,2019-12-24T08:00:00-00:00,0,2019-12-23,24,0,ACTUAL,BCHA,Total Actual Hourly Integrated Load,SYS_FCST_ACT_MW,3.8,7646,ACTUAL,377
2019-12-24T04:00:00-00:00,2019-12-24T05:00:00-00:00,0,2019-12-23,21,0,ACTUAL,BCHA,Total Actual Hourly Integrated Load,SYS_FCST_ACT_MW,3.8,8817,ACTUAL,377
2019-12-23T18:00:00-00:00,2019-12-23T19:00:00-00:00,0,2019-12-23,11,0,ACTUAL,BCHA,Total Actual Hourly Integrated Load,SYS_FCST_ACT_MW,3.8,9032,ACTUAL,377
2019-12-23T17:00:00-00:00,2019-12-23T18:00:00-00:00,0,2019-12-23,10,0,ACTUAL,BCHA,Total Actual Hourly Integrated Load,SYS_FCST_ACT_MW,3.8,9053,ACTUAL,377
2019-12-23T15:00:00-00:00,2019-12-23T16:00:00-00:00,0,2019-12-23,8,0,ACTUAL,BCHA,Total Actual Hourly Integrated Load,SYS_FCST_ACT_MW,3.8,8546,ACTUAL,377
2019-12-23T10:00:00-00:00,2019-12-23T11:00:00-00:00,0,2019-12-23,3,0,ACTUAL,BCHA,Total Actual Hourly Integrated Load,SYS_FCST_ACT_MW,3.8,6999,ACTUAL,377
2019-12-23T12:00:00-00:00,2019-12-23T13:00:00-00:00,0,2019-12-23,5,0,ACTUAL,BCHA,Total Actual Hourly Integrated Load,SYS_FCST_ACT_MW,3.8,7075,ACTUAL,377
2019-12-23T08:00:00-00:00,2019-12-23T09:00:00-00:00,0,2019-12-23,1,0,ACTUAL,BCHA,Total Actual Hourly Integrated Load,SYS_FCST_ACT_MW,3.8,7238,ACTUAL,377
2019-12-24T05:00:00-00:00,2019-12-24T06:00:00-00:00,0,2019-12-23,22,0,ACTUAL,BCHA,Total Actual Hourly Integrated Load,SYS_FCST_ACT_MW,3.8,8539,ACTUAL,377
2019-12-24T01:00:00-00:00,2019-12-24T02:00:00-00:00,0,2019-12-23,18,0,ACTUAL,BCHA,Total Actual Hourly Integrated Load,SYS_FCST_ACT_MW,3.8,9459,ACTUAL,377
2019-12-24T03:00:00-00:00,2019-12-24T04:00:00-00:00,0,2019-12-23,20,0,ACTUAL,BCHA,Total Actual Hourly Integrated Load,SYS_FCST_ACT_MW,3.8,9028,ACTUAL,377
2019-12-23T21:00:00-00:00,2019-12-23T22:00:00-00:00,0,2019-12-23,14,0,ACTUAL,BCHA,Total Actual Hourly Integrated Load,SYS_FCST_ACT_MW,3.8,8734,ACTUAL,377
2019-12-23T16:00:00-00:00,2019-12-23T17:00:00-00:00,0,2019-12-23,9,0,ACTUAL,BCHA,Total Actual Hourly Integrated Load,SYS_FCST_ACT_MW,3.8,8925,ACTUAL,377
2019-12-23T09:00:00-00:00,2019-12-23T10:00:00-00:00,0,2019-12-23,2,0,ACTUAL,BCHA,Total Actual Hourly Integrated Load,SYS_FCST_ACT_MW,3.8,7061,ACTUAL,377
2019-12-23T20:00:00-00:00,2019-12-23T21:00:00-00:00,0,2019-12-23,13,0,ACTUAL,BCHA,Total Actual Hourly Integrated Load,SYS_FCST_ACT_MW,3.8,8834,ACTUAL,377
2019-12-23T13:00:00-00:00,2019-12-23T14:00:00-00:00,0,2019-12-23,6,0,ACTUAL,BCHA,Total Actual Hourly Integrated Load,SYS_FCST_ACT_MW,3.8,7388,ACTUAL,377
2019-12-24T06:00:00-00:00,2019-12-24T07:00:00-00:00,0,2019-12-23,23,0,ACTUAL,BCHA,Total Actual Hourly Integrated Load,SYS_FCST_ACT_MW,3.8,8115,ACTUAL,377
2019-12-23T11:00:00-00:00,2019-12-23T12:00:00-00:00,0,2019-12-23,4,0,ACTUAL,BCHA,Total Actual Hourly Integrated Load,SYS_FCST_ACT_MW,3.8,6991,ACTUAL,377
2019-12-24T00:00:00-00:00,2019-12-24T01:00:00-00:00,0,2019-12-23,17,0,ACTUAL,BCHA,Total Actual Hourly Integrated Load,SYS_FCST_ACT_MW,3.8,9368,ACTUAL,377
2019-12-24T02:00:00-00:00,2019-12-24T03:00:00-00:00,0,2019-12-23,19,0,ACTUAL,BCHA,Total Actual Hourly Integrated Load,SYS_FCST_ACT_MW,3.8,9241,ACTUAL,377
2019-12-23T19:00:00-00:00,2019-12-23T20:00:00-00:00,0,2019-12-23,12,0,ACTUAL,BCHA,Total Actual Hourly Integrated Load,SYS_FCST_ACT_MW,3.8,8963,ACTUAL,377
2019-12-23T23:00:00-00:00,2019-12-24T00:00:00-00:00,0,2019-12-23,16,0,ACTUAL,BCHA,Total Actual Hourly Integrated Load,SYS_FCST_ACT_MW,3.8,8873,ACTUAL,377
2019-12-24T05:00:00-00:00,2019-12-24T06:00:00-00:00,0,2019-12-23,22,0,ACTUAL,CA ISO-TAC,Total Actual Hourly Integrated Load,SYS_FCST_ACT_MW,3,27150,ACTUAL,378
2019-12-24T04:00:00-00:00,2019-12-24T05:00:00-00:00,0,2019-12-23,21,0,ACTUAL,CA ISO-TAC,Total Actual Hourly Integrated Load,SYS_FCST_ACT_MW,3,28147,ACTUAL,378
2019-12-23T11:00:00-00:00,2019-12-23T12:00:00-00:00,0,2019-12-23,4,0,ACTUAL,CA ISO-TAC,Total Actual Hourly Integrated Load,SYS_FCST_ACT_MW,3,20389,ACTUAL,378
2019-12-23T12:00:00-00:00,2019-12-23T13:00:00-00:00,0,2019-12-23,5,0,ACTUAL,CA ISO-TAC,Total Actual Hourly Integrated Load,SYS_FCST_ACT_MW,3,21030,ACTUAL,378
2019-12-23T13:00:00-00:00,2019-12-23T14:00:00-00:00,0,2019-12-23,6,0,ACTUAL,CA ISO-TAC,Total Actual Hourly Integrated Load,SYS_FCST_ACT_MW,3,22360,ACTUAL,378
2019-12-24T01:00:00-00:00,2019-12-24T02:00:00-00:00,0,2019-12-23,18,0,ACTUAL,CA ISO-TAC,Total Actual Hourly Integrated Load,SYS_FCST_ACT_MW,3,29197,ACTUAL,378
2019-12-23T08:00:00-00:00,2019-12-23T09:00:00-00:00,0,2019-12-23,1,0,ACTUAL,CA ISO-TAC,Total Actual Hourly Integrated Load,SYS_FCST_ACT_MW,3,21395,ACTUAL,378
2019-12-23T19:00:00-00:00,2019-12-23T20:00:00-00:00,0,2019-12-23,12,0,ACTUAL,CA ISO-TAC,Total Actual Hourly Integrated Load,SYS_FCST_ACT_MW,3,26307,ACTUAL,378
2019-12-24T07:00:00-00:00,2019-12-24T08:00:00-00:00,0,2019-12-23,24,0,ACTUAL,CA ISO-TAC,Total Actual Hourly Integrated Load,SYS_FCST_ACT_MW,3,23692,ACTUAL,378
2019-12-23T10:00:00-00:00,2019-12-23T11:00:00-00:00,0,2019-12-23,3,0,ACTUAL,CA ISO-TAC,Total Actual Hourly Integrated Load,SYS_FCST_ACT_MW,3,20234,ACTUAL,378
2019-12-23T15:00:00-00:00,2019-12-23T16:00:00-00:00,0,2019-12-23,8,0,ACTUAL,CA ISO-TAC,Total Actual Hourly Integrated Load,SYS_FCST_ACT_MW,3,25661,ACTUAL,378
2019-12-23T16:00:00-00:00,2019-12-23T17:00:00-00:00,0,2019-12-23,9,0,ACTUAL,CA ISO-TAC,Total Actual Hourly Integrated Load,SYS_FCST_ACT_MW,3,26666,ACTUAL,378
2019-12-23T17:00:00-00:00,2019-12-23T18:00:00-00:00,0,2019-12-23,10,0,ACTUAL,CA ISO-TAC,Total Actual Hourly Integrated Load,SYS_FCST_ACT_MW,3,26996,ACTUAL,378
2019-12-23T18:00:00-00:00,2019-12-23T19:00:00-00:00,0,2019-12-23,11,0,ACTUAL,CA ISO-TAC,Total Actual Hourly Integrated Load,SYS_FCST_ACT_MW,3,26739,ACTUAL,378
2019-12-23T21:00:00-00:00,2019-12-23T22:00:00-00:00,0,2019-12-23,14,0,ACTUAL,CA ISO-TAC,Total Actual Hourly Integrated Load,SYS_FCST_ACT_MW,3,25641,ACTUAL,378
2019-12-23T23:00:00-00:00,2019-12-24T00:00:00-00:00,0,2019-12-23,16,0,ACTUAL,CA ISO-TAC,Total Actual Hourly Integrated Load,SYS_FCST_ACT_MW,3,26116,ACTUAL,378
2019-12-24T00:00:00-00:00,2019-12-24T01:00:00-00:00,0,2019-12-23,17,0,ACTUAL,CA ISO-TAC,Total Actual Hourly Integrated Load,SYS_FCST_ACT_MW,3,27308,ACTUAL,378
2019-12-24T03:00:00-00:00,2019-12-24T04:00:00-00:00,0,2019-12-23,20,0,ACTUAL,CA ISO-TAC,Total Actual Hourly Integrated Load,SYS_FCST_ACT_MW,3,28763,ACTUAL,378
2019-12-23T09:00:00-00:00,2019-12-23T10:00:00-00:00,0,2019-12-23,2,0,ACTUAL,CA ISO-TAC,Total Actual Hourly Integrated Load,SYS_FCST_ACT_MW,3,20605,ACTUAL,378
2019-12-23T14:00:00-00:00,2019-12-23T15:00:00-00:00,0,2019-12-23,7,0,ACTUAL,CA ISO-TAC,Total Actual Hourly Integrated Load,SYS_FCST_ACT_MW,3,24110,ACTUAL,378
2019-12-23T20:00:00-00:00,2019-12-23T21:00:00-00:00,0,2019-12-23,13,0,ACTUAL,CA ISO-TAC,Total Actual Hourly Integrated Load,SYS_FCST_ACT_MW,3,25898,ACTUAL,378
2019-12-23T22:00:00-00:00,2019-12-23T23:00:00-00:00,0,2019-12-23,15,0,ACTUAL,CA ISO-TAC,Total Actual Hourly Integrated Load,SYS_FCST_ACT_MW,3,25710,ACTUAL,378
2019-12-24T02:00:00-00:00,2019-12-24T03:00:00-00:00,0,2019-12-23,19,0,ACTUAL,CA ISO-TAC,Total Actual Hourly Integrated Load,SYS_FCST_ACT_MW,3,29166,ACTUAL,378
2019-12-24T06:00:00-00:00,2019-12-24T07:00:00-00:00,0,2019-12-23,23,0,ACTUAL,CA ISO-TAC,Total Actual Hourly Integrated Load,SYS_FCST_ACT_MW,3,25529,ACTUAL,378
2019-12-24T03:00:00-00:00,2019-12-24T04:00:00-00:00,0,2019-12-23,20,0,ACTUAL,IPCO,Total Actual Hourly Integrated Load,SYS_FCST_ACT_MW,3.8,1945,ACTUAL,379
2019-12-23T18:00:00-00:00,2019-12-23T19:00:00-00:00,0,2019-12-23,11,0,ACTUAL,IPCO,Total Actual Hourly Integrated Load,SYS_FCST_ACT_MW,3.8,1960,ACTUAL,379
2019-12-23T11:00:00-00:00,2019-12-23T12:00:00-00:00,0,2019-12-23,4,0,ACTUAL,IPCO,Total Actual Hourly Integrated Load,SYS_FCST_ACT_MW,3.8,1594,ACTUAL,379
2019-12-23T12:00:00-00:00,2019-12-23T13:00:00-00:00,0,2019-12-23,5,0,ACTUAL,IPCO,Total Actual Hourly Integrated Load,SYS_FCST_ACT_MW,3.8,1672,ACTUAL,379
2019-12-23T14:00:00-00:00,2019-12-23T15:00:00-00:00,0,2019-12-23,7,0,ACTUAL,IPCO,Total Actual Hourly Integrated Load,SYS_FCST_ACT_MW,3.8,1918,ACTUAL,379
2019-12-24T04:00:00-00:00,2019-12-24T05:00:00-00:00,0,2019-12-23,21,0,ACTUAL,IPCO,Total Actual Hourly Integrated Load,SYS_FCST_ACT_MW,3.8,1883,ACTUAL,379
2019-12-23T20:00:00-00:00,2019-12-23T21:00:00-00:00,0,2019-12-23,13,0,ACTUAL,IPCO,Total Actual Hourly Integrated Load,SYS_FCST_ACT_MW,3.8,1867,ACTUAL,379
2019-12-23T10:00:00-00:00,2019-12-23T11:00:00-00:00,0,2019-12-23,3,0,ACTUAL,IPCO,Total Actual Hourly Integrated Load,SYS_FCST_ACT_MW,3.8,1560,ACTUAL,379
2019-12-24T00:00:00-00:00,2019-12-24T01:00:00-00:00,0,2019-12-23,17,0,ACTUAL,IPCO,Total Actual Hourly Integrated Load,SYS_FCST_ACT_MW,3.8,2003,ACTUAL,379
2019-12-24T05:00:00-00:00,2019-12-24T06:00:00-00:00,0,2019-12-23,22,0,ACTUAL,IPCO,Total Actual Hourly Integrated Load,SYS_FCST_ACT_MW,3.8,1792,ACTUAL,379
2019-12-24T06:00:00-00:00,2019-12-24T07:00:00-00:00,0,2019-12-23,23,0,ACTUAL,IPCO,Total Actual Hourly Integrated Load,SYS_FCST_ACT_MW,3.8,1694,ACTUAL,379
2019-12-23T19:00:00-00:00,2019-12-23T20:00:00-00:00,0,2019-12-23,12,0,ACTUAL,IPCO,Total Actual Hourly Integrated Load,SYS_FCST_ACT_MW,3.8,1905,ACTUAL,379
2019-12-24T02:00:00-00:00,2019-12-24T03:00:00-00:00,0,2019-12-23,19,0,ACTUAL,IPCO,Total Actual Hourly Integrated Load,SYS_FCST_ACT_MW,3.8,1980,ACTUAL,379
2019-12-23T17:00:00-00:00,2019-12-23T18:00:00-00:00,0,2019-12-23,10,0,ACTUAL,IPCO,Total Actual Hourly Integrated Load,SYS_FCST_ACT_MW,3.8,1999,ACTUAL,379
2019-12-23T22:00:00-00:00,2019-12-23T23:00:00-00:00,0,2019-12-23,15,0,ACTUAL,IPCO,Total Actual Hourly Integrated Load,SYS_FCST_ACT_MW,3.8,1848,ACTUAL,379
2019-12-23T09:00:00-00:00,2019-12-23T10:00:00-00:00,0,2019-12-23,2,0,ACTUAL,IPCO,Total Actual Hourly Integrated Load,SYS_FCST_ACT_MW,3.8,1560,ACTUAL,379
2019-12-23T13:00:00-00:00,2019-12-23T14:00:00-00:00,0,2019-12-23,6,0,ACTUAL,IPCO,Total Actual Hourly Integrated Load,SYS_FCST_ACT_MW,3.8,1800,ACTUAL,379
2019-12-23T21:00:00-00:00,2019-12-23T22:00:00-00:00,0,2019-12-23,14,0,ACTUAL,IPCO,Total Actual Hourly Integrated Load,SYS_FCST_ACT_MW,3.8,1838,ACTUAL,379
2019-12-23T23:00:00-00:00,2019-12-24T00:00:00-00:00,0,2019-12-23,16,0,ACTUAL,IPCO,Total Actual Hourly Integrated Load,SYS_FCST_ACT_MW,3.8,1901,ACTUAL,379
2019-12-24T01:00:00-00:00,2019-12-24T02:00:00-00:00,0,2019-12-23,18,0,ACTUAL,IPCO,Total Actual Hourly Integrated Load,SYS_FCST_ACT_MW,3.8,2014,ACTUAL,379
2019-12-23T08:00:00-00:00,2019-12-23T09:00:00-00:00,0,2019-12-23,1,0,ACTUAL,IPCO,Total Actual Hourly Integrated Load,SYS_FCST_ACT_MW,3.8,1578,ACTUAL,379
2019-12-23T15:00:00-00:00,2019-12-23T16:00:00-00:00,0,2019-12-23,8,0,ACTUAL,IPCO,Total Actual Hourly Integrated Load,SYS_FCST_ACT_MW,3.8,1981,ACTUAL,379
2019-12-23T16:00:00-00:00,2019-12-23T17:00:00-00:00,0,2019-12-23,9,0,ACTUAL,IPCO,Total Actual Hourly Integrated Load,SYS_FCST_ACT_MW,3.8,2011,ACTUAL,379
2019-12-24T07:00:00-00:00,2019-12-24T08:00:00-00:00,0,2019-12-23,24,0,ACTUAL,IPCO,Total Actual Hourly Integrated Load,SYS_FCST_ACT_MW,3.8,1626,ACTUAL,379
2019-12-24T01:00:00-00:00,2019-12-24T02:00:00-00:00,0,2019-12-23,18,0,ACTUAL,MWD-TAC,Total Actual Hourly Integrated Load,SYS_FCST_ACT_MW,3.3,124,ACTUAL,380
2019-12-23T08:00:00-00:00,2019-12-23T09:00:00-00:00,0,2019-12-23,1,0,ACTUAL,MWD-TAC,Total Actual Hourly Integrated Load,SYS_FCST_ACT_MW,3.3,135,ACTUAL,380
2019-12-24T03:00:00-00:00,2019-12-24T04:00:00-00:00,0,2019-12-23,20,0,ACTUAL,MWD-TAC,Total Actual Hourly Integrated Load,SYS_FCST_ACT_MW,3.3,126,ACTUAL,380
2019-12-23T12:00:00-00:00,2019-12-23T13:00:00-00:00,0,2019-12-23,5,0,ACTUAL,MWD-TAC,Total Actual Hourly Integrated Load,SYS_FCST_ACT_MW,3.3,129,ACTUAL,380
2019-12-23T13:00:00-00:00,2019-12-23T14:00:00-00:00,0,2019-12-23,6,0,ACTUAL,MWD-TAC,Total Actual Hourly Integrated Load,SYS_FCST_ACT_MW,3.3,127,ACTUAL,380
2019-12-23T19:00:00-00:00,2019-12-23T20:00:00-00:00,0,2019-12-23,12,0,ACTUAL,MWD-TAC,Total Actual Hourly Integrated Load,SYS_FCST_ACT_MW,3.3,108,ACTUAL,380
2019-12-23T21:00:00-00:00,2019-12-23T22:00:00-00:00,0,2019-12-23,14,0,ACTUAL,MWD-TAC,Total Actual Hourly Integrated Load,SYS_FCST_ACT_MW,3.3,111,ACTUAL,380
2019-12-24T05:00:00-00:00,2019-12-24T06:00:00-00:00,0,2019-12-23,22,0,ACTUAL,MWD-TAC,Total Actual Hourly Integrated Load,SYS_FCST_ACT_MW,3.3,123,ACTUAL,380
2019-12-24T06:00:00-00:00,2019-12-24T07:00:00-00:00,0,2019-12-23,23,0,ACTUAL,MWD-TAC,Total Actual Hourly Integrated Load,SYS_FCST_ACT_MW,3.3,117,ACTUAL,380
2019-12-23T10:00:00-00:00,2019-12-23T11:00:00-00:00,0,2019-12-23,3,0,ACTUAL,MWD-TAC,Total Actual Hourly Integrated Load,SYS_FCST_ACT_MW,3.3,129,ACTUAL,380
2019-12-23T14:00:00-00:00,2019-12-23T15:00:00-00:00,0,2019-12-23,7,0,ACTUAL,MWD-TAC,Total Actual Hourly Integrated Load,SYS_FCST_ACT_MW,3.3,124,ACTUAL,380
2019-12-23T20:00:00-00:00,2019-12-23T21:00:00-00:00,0,2019-12-23,13,0,ACTUAL,MWD-TAC,Total Actual Hourly Integrated Load,SYS_FCST_ACT_MW,3.3,108,ACTUAL,380
2019-12-23T22:00:00-00:00,2019-12-23T23:00:00-00:00,0,2019-12-23,15,0,ACTUAL,MWD-TAC,Total Actual Hourly Integrated Load,SYS_FCST_ACT_MW,3.3,117,ACTUAL,380
2019-12-23T15:00:00-00:00,2019-12-23T16:00:00-00:00,0,2019-12-23,8,0,ACTUAL,MWD-TAC,Total Actual Hourly Integrated Load,SYS_FCST_ACT_MW,3.3,121,ACTUAL,380
2019-12-23T18:00:00-00:00,2019-12-23T19:00:00-00:00,0,2019-12-23,11,0,ACTUAL,MWD-TAC,Total Actual Hourly Integrated Load,SYS_FCST_ACT_MW,3.3,108,ACTUAL,380
2019-12-24T04:00:00-00:00,2019-12-24T05:00:00-00:00,0,2019-12-23,21,0,ACTUAL,MWD-TAC,Total Actual Hourly Integrated Load,SYS_FCST_ACT_MW,3.3,125,ACTUAL,380
2019-12-24T07:00:00-00:00,2019-12-24T08:00:00-00:00,0,2019-12-23,24,0,ACTUAL,MWD-TAC,Total Actual Hourly Integrated Load,SYS_FCST_ACT_MW,3.3,127,ACTUAL,380
2019-12-23T11:00:00-00:00,2019-12-23T12:00:00-00:00,0,2019-12-23,4,0,ACTUAL,MWD-TAC,Total Actual Hourly Integrated Load,SYS_FCST_ACT_MW,3.3,130,ACTUAL,380
2019-12-23T16:00:00-00:00,2019-12-23T17:00:00-00:00,0,2019-12-23,9,0,ACTUAL,MWD-TAC,Total Actual Hourly Integrated Load,SYS_FCST_ACT_MW,3.3,108,ACTUAL,380
2019-12-23T09:00:00-00:00,2019-12-23T10:00:00-00:00,0,2019-12-23,2,0,ACTUAL,MWD-TAC,Total Actual Hourly Integrated Load,SYS_FCST_ACT_MW,3.3,132,ACTUAL,380
2019-12-23T17:00:00-00:00,2019-12-23T18:00:00-00:00,0,2019-12-23,10,0,ACTUAL,MWD-TAC,Total Actual Hourly Integrated Load,SYS_FCST_ACT_MW,3.3,109,ACTUAL,380
2019-12-23T23:00:00-00:00,2019-12-24T00:00:00-00:00,0,2019-12-23,16,0,ACTUAL,MWD-TAC,Total Actual Hourly Integrated Load,SYS_FCST_ACT_MW,3.3,120,ACTUAL,380
2019-12-24T00:00:00-00:00,2019-12-24T01:00:00-00:00,0,2019-12-23,17,0,ACTUAL,MWD-TAC,Total Actual Hourly Integrated Load,SYS_FCST_ACT_MW,3.3,125,ACTUAL,380
2019-12-24T02:00:00-00:00,2019-12-24T03:00:00-00:00,0,2019-12-23,19,0,ACTUAL,MWD-TAC,Total Actual Hourly Integrated Load,SYS_FCST_ACT_MW,3.3,125,ACTUAL,380
2019-12-23T14:00:00-00:00,2019-12-23T15:00:00-00:00,0,2019-12-23,7,0,ACTUAL,NEVP,Total Actual Hourly Integrated Load,SYS_FCST_ACT_MW,3.8,3880,ACTUAL,381
2019-12-23T16:00:00-00:00,2019-12-23T17:00:00-00:00,0,2019-12-23,9,0,ACTUAL,NEVP,Total Actual Hourly Integrated Load,SYS_FCST_ACT_MW,3.8,4060,ACTUAL,381
2019-12-24T03:00:00-00:00,2019-12-24T04:00:00-00:00,0,2019-12-23,20,0,ACTUAL,NEVP,Total Actual Hourly Integrated Load,SYS_FCST_ACT_MW,3.8,4373,ACTUAL,381
2019-12-23T21:00:00-00:00,2019-12-23T22:00:00-00:00,0,2019-12-23,14,0,ACTUAL,NEVP,Total Actual Hourly Integrated Load,SYS_FCST_ACT_MW,3.8,4072,ACTUAL,381
2019-12-24T01:00:00-00:00,2019-12-24T02:00:00-00:00,0,2019-12-23,18,0,ACTUAL,NEVP,Total Actual Hourly Integrated Load,SYS_FCST_ACT_MW,3.8,4447,ACTUAL,381
2019-12-23T09:00:00-00:00,2019-12-23T10:00:00-00:00,0,2019-12-23,2,0,ACTUAL,NEVP,Total Actual Hourly Integrated Load,SYS_FCST_ACT_MW,3.8,3542,ACTUAL,381
2019-12-23T19:00:00-00:00,2019-12-23T20:00:00-00:00,0,2019-12-23,12,0,ACTUAL,NEVP,Total Actual Hourly Integrated Load,SYS_FCST_ACT_MW,3.8,4064,ACTUAL,381
2019-12-23T13:00:00-00:00,2019-12-23T14:00:00-00:00,0,2019-12-23,6,0,ACTUAL,NEVP,Total Actual Hourly Integrated Load,SYS_FCST_ACT_MW,3.8,3706,ACTUAL,381
2019-12-23T17:00:00-00:00,2019-12-23T18:00:00-00:00,0,2019-12-23,10,0,ACTUAL,NEVP,Total Actual Hourly Integrated Load,SYS_FCST_ACT_MW,3.8,4044,ACTUAL,381
2019-12-23T18:00:00-00:00,2019-12-23T19:00:00-00:00,0,2019-12-23,11,0,ACTUAL,NEVP,Total Actual Hourly Integrated Load,SYS_FCST_ACT_MW,3.8,4048,ACTUAL,381
2019-12-23T22:00:00-00:00,2019-12-23T23:00:00-00:00,0,2019-12-23,15,0,ACTUAL,NEVP,Total Actual Hourly Integrated Load,SYS_FCST_ACT_MW,3.8,4124,ACTUAL,381
2019-12-23T23:00:00-00:00,2019-12-24T00:00:00-00:00,0,2019-12-23,16,0,ACTUAL,NEVP,Total Actual Hourly Integrated Load,SYS_FCST_ACT_MW,3.8,4161,ACTUAL,381
2019-12-24T00:00:00-00:00,2019-12-24T01:00:00-00:00,0,2019-12-23,17,0,ACTUAL,NEVP,Total Actual Hourly Integrated Load,SYS_FCST_ACT_MW,3.8,4335,ACTUAL,381
2019-12-24T06:00:00-00:00,2019-12-24T07:00:00-00:00,0,2019-12-23,23,0,ACTUAL,NEVP,Total Actual Hourly Integrated Load,SYS_FCST_ACT_MW,3.8,4012,ACTUAL,381
2019-12-24T07:00:00-00:00,2019-12-24T08:00:00-00:00,0,2019-12-23,24,0,ACTUAL,NEVP,Total Actual Hourly Integrated Load,SYS_FCST_ACT_MW,3.8,3838,ACTUAL,381
2019-12-23T10:00:00-00:00,2019-12-23T11:00:00-00:00,0,2019-12-23,3,0,ACTUAL,NEVP,Total Actual Hourly Integrated Load,SYS_FCST_ACT_MW,3.8,3502,ACTUAL,381
2019-12-23T11:00:00-00:00,2019-12-23T12:00:00-00:00,0,2019-12-23,4,0,ACTUAL,NEVP,Total Actual Hourly Integrated Load,SYS_FCST_ACT_MW,3.8,3512,ACTUAL,381
2019-12-23T15:00:00-00:00,2019-12-23T16:00:00-00:00,0,2019-12-23,8,0,ACTUAL,NEVP,Total Actual Hourly Integrated Load,SYS_FCST_ACT_MW,3.8,3970,ACTUAL,381
2019-12-24T02:00:00-00:00,2019-12-24T03:00:00-00:00,0,2019-12-23,19,0,ACTUAL,NEVP,Total Actual Hourly Integrated Load,SYS_FCST_ACT_MW,3.8,4428,ACTUAL,381
2019-12-24T04:00:00-00:00,2019-12-24T05:00:00-00:00,0,2019-12-23,21,0,ACTUAL,NEVP,Total Actual Hourly Integrated Load,SYS_FCST_ACT_MW,3.8,4302,ACTUAL,381
2019-12-24T05:00:00-00:00,2019-12-24T06:00:00-00:00,0,2019-12-23,22,0,ACTUAL,NEVP,Total Actual Hourly Integrated Load,SYS_FCST_ACT_MW,3.8,4178,ACTUAL,381
2019-12-23T08:00:00-00:00,2019-12-23T09:00:00-00:00,0,2019-12-23,1,0,ACTUAL,NEVP,Total Actual Hourly Integrated Load,SYS_FCST_ACT_MW,3.8,3623,ACTUAL,381
2019-12-23T12:00:00-00:00,2019-12-23T13:00:00-00:00,0,2019-12-23,5,0,ACTUAL,NEVP,Total Actual Hourly Integrated Load,SYS_FCST_ACT_MW,3.8,3576,ACTUAL,381
2019-12-23T20:00:00-00:00,2019-12-23T21:00:00-00:00,0,2019-12-23,13,0,ACTUAL,NEVP,Total Actual Hourly Integrated Load,SYS_FCST_ACT_MW,3.8,4064,ACTUAL,381
2019-12-23T09:00:00-00:00,2019-12-23T10:00:00-00:00,0,2019-12-23,2,0,ACTUAL,PACE,Total Actual Hourly Integrated Load,SYS_FCST_ACT_MW,3.8,4736,ACTUAL,382
2019-12-23T19:00:00-00:00,2019-12-23T20:00:00-00:00,0,2019-12-23,12,0,ACTUAL,PACE,Total Actual Hourly Integrated Load,SYS_FCST_ACT_MW,3.8,5686,ACTUAL,382
2019-12-23T16:00:00-00:00,2019-12-23T17:00:00-00:00,0,2019-12-23,9,0,ACTUAL,PACE,Total Actual Hourly Integrated Load,SYS_FCST_ACT_MW,3.8,5724,ACTUAL,382
2019-12-23T15:00:00-00:00,2019-12-23T16:00:00-00:00,0,2019-12-23,8,0,ACTUAL,PACE,Total Actual Hourly Integrated Load,SYS_FCST_ACT_MW,3.8,5674,ACTUAL,382
2019-12-24T02:00:00-00:00,2019-12-24T03:00:00-00:00,0,2019-12-23,19,0,ACTUAL,PACE,Total Actual Hourly Integrated Load,SYS_FCST_ACT_MW,3.8,5869,ACTUAL,382
2019-12-24T03:00:00-00:00,2019-12-24T04:00:00-00:00,0,2019-12-23,20,0,ACTUAL,PACE,Total Actual Hourly Integrated Load,SYS_FCST_ACT_MW,3.8,5797,ACTUAL,382
2019-12-23T21:00:00-00:00,2019-12-23T22:00:00-00:00,0,2019-12-23,14,0,ACTUAL,PACE,Total Actual Hourly Integrated Load,SYS_FCST_ACT_MW,3.8,5615,ACTUAL,382
2019-12-24T06:00:00-00:00,2019-12-24T07:00:00-00:00,0,2019-12-23,23,0,ACTUAL,PACE,Total Actual Hourly Integrated Load,SYS_FCST_ACT_MW,3.8,5116,ACTUAL,382
2019-12-24T04:00:00-00:00,2019-12-24T05:00:00-00:00,0,2019-12-23,21,0,ACTUAL,PACE,Total Actual Hourly Integrated Load,SYS_FCST_ACT_MW,3.8,5647,ACTUAL,382
2019-12-23T10:00:00-00:00,2019-12-23T11:00:00-00:00,0,2019-12-23,3,0,ACTUAL,PACE,Total Actual Hourly Integrated Load,SYS_FCST_ACT_MW,3.8,4751,ACTUAL,382
2019-12-23T17:00:00-00:00,2019-12-23T18:00:00-00:00,0,2019-12-23,10,0,ACTUAL,PACE,Total Actual Hourly Integrated Load,SYS_FCST_ACT_MW,3.8,5740,ACTUAL,382
2019-12-23T23:00:00-00:00,2019-12-24T00:00:00-00:00,0,2019-12-23,16,0,ACTUAL,PACE,Total Actual Hourly Integrated Load,SYS_FCST_ACT_MW,3.8,5741,ACTUAL,382
2019-12-23T22:00:00-00:00,2019-12-23T23:00:00-00:00,0,2019-12-23,15,0,ACTUAL,PACE,Total Actual Hourly Integrated Load,SYS_FCST_ACT_MW,3.8,5628,ACTUAL,382
2019-12-23T13:00:00-00:00,2019-12-23T14:00:00-00:00,0,2019-12-23,6,0,ACTUAL,PACE,Total Actual Hourly Integrated Load,SYS_FCST_ACT_MW,3.8,5280,ACTUAL,382
2019-12-23T08:00:00-00:00,2019-12-23T09:00:00-00:00,0,2019-12-23,1,0,ACTUAL,PACE,Total Actual Hourly Integrated Load,SYS_FCST_ACT_MW,3.8,4769,ACTUAL,382
2019-12-24T01:00:00-00:00,2019-12-24T02:00:00-00:00,0,2019-12-23,18,0,ACTUAL,PACE,Total Actual Hourly Integrated Load,SYS_FCST_ACT_MW,3.8,5959,ACTUAL,382
2019-12-23T14:00:00-00:00,2019-12-23T15:00:00-00:00,0,2019-12-23,7,0,ACTUAL,PACE,Total Actual Hourly Integrated Load,SYS_FCST_ACT_MW,3.8,5549,ACTUAL,382
2019-12-23T12:00:00-00:00,2019-12-23T13:00:00-00:00,0,2019-12-23,5,0,ACTUAL,PACE,Total Actual Hourly Integrated Load,SYS_FCST_ACT_MW,3.8,5001,ACTUAL,382
2019-12-24T05:00:00-00:00,2019-12-24T06:00:00-00:00,0,2019-12-23,22,0,ACTUAL,PACE,Total Actual Hourly Integrated Load,SYS_FCST_ACT_MW,3.8,5381,ACTUAL,382
2019-12-24T00:00:00-00:00,2019-12-24T01:00:00-00:00,0,2019-12-23,17,0,ACTUAL,PACE,Total Actual Hourly Integrated Load,SYS_FCST_ACT_MW,3.8,5983,ACTUAL,382
2019-12-24T07:00:00-00:00,2019-12-24T08:00:00-00:00,0,2019-12-23,24,0,ACTUAL,PACE,Total Actual Hourly Integrated Load,SYS_FCST_ACT_MW,3.8,4894,ACTUAL,382
2019-12-23T11:00:00-00:00,2019-12-23T12:00:00-00:00,0,2019-12-23,4,0,ACTUAL,PACE,Total Actual Hourly Integrated Load,SYS_FCST_ACT_MW,3.8,4825,ACTUAL,382
2019-12-23T20:00:00-00:00,2019-12-23T21:00:00-00:00,0,2019-12-23,13,0,ACTUAL,PACE,Total Actual Hourly Integrated Load,SYS_FCST_ACT_MW,3.8,5655,ACTUAL,382
2019-12-23T18:00:00-00:00,2019-12-23T19:00:00-00:00,0,2019-12-23,11,0,ACTUAL,PACE,Total Actual Hourly Integrated Load,SYS_FCST_ACT_MW,3.8,5721,ACTUAL,382
2019-12-23T21:00:00-00:00,2019-12-23T22:00:00-00:00,0,2019-12-23,14,0,ACTUAL,PACW,Total Actual Hourly Integrated Load,SYS_FCST_ACT_MW,3.8,2588,ACTUAL,383
2019-12-23T13:00:00-00:00,2019-12-23T14:00:00-00:00,0,2019-12-23,6,0,ACTUAL,PACW,Total Actual Hourly Integrated Load,SYS_FCST_ACT_MW,3.8,2368,ACTUAL,383
2019-12-24T04:00:00-00:00,2019-12-24T05:00:00-00:00,0,2019-12-23,21,0,ACTUAL,PACW,Total Actual Hourly Integrated Load,SYS_FCST_ACT_MW,3.8,2809,ACTUAL,383
2019-12-23T22:00:00-00:00,2019-12-23T23:00:00-00:00,0,2019-12-23,15,0,ACTUAL,PACW,Total Actual Hourly Integrated Load,SYS_FCST_ACT_MW,3.8,2536,ACTUAL,383
2019-12-24T02:00:00-00:00,2019-12-24T03:00:00-00:00,0,2019-12-23,19,0,ACTUAL,PACW,Total Actual Hourly Integrated Load,SYS_FCST_ACT_MW,3.8,2862,ACTUAL,383
2019-12-23T14:00:00-00:00,2019-12-23T15:00:00-00:00,0,2019-12-23,7,0,ACTUAL,PACW,Total Actual Hourly Integrated Load,SYS_FCST_ACT_MW,3.8,2633,ACTUAL,383
2019-12-24T01:00:00-00:00,2019-12-24T02:00:00-00:00,0,2019-12-23,18,0,ACTUAL,PACW,Total Actual Hourly Integrated Load,SYS_FCST_ACT_MW,3.8,2847,ACTUAL,383
2019-12-23T17:00:00-00:00,2019-12-23T18:00:00-00:00,0,2019-12-23,10,0,ACTUAL,PACW,Total Actual Hourly Integrated Load,SYS_FCST_ACT_MW,3.8,2919,ACTUAL,383
2019-12-23T12:00:00-00:00,2019-12-23T13:00:00-00:00,0,2019-12-23,5,0,ACTUAL,PACW,Total Actual Hourly Integrated Load,SYS_FCST_ACT_MW,3.8,2161,ACTUAL,383
2019-12-23T11:00:00-00:00,2019-12-23T12:00:00-00:00,0,2019-12-23,4,0,ACTUAL,PACW,Total Actual Hourly Integrated Load,SYS_FCST_ACT_MW,3.8,2061,ACTUAL,383
2019-12-23T10:00:00-00:00,2019-12-23T11:00:00-00:00,0,2019-12-23,3,0,ACTUAL,PACW,Total Actual Hourly Integrated Load,SYS_FCST_ACT_MW,3.8,2028,ACTUAL,383
2019-12-24T00:00:00-00:00,2019-12-24T01:00:00-00:00,0,2019-12-23,17,0,ACTUAL,PACW,Total Actual Hourly Integrated Load,SYS_FCST_ACT_MW,3.8,2688,ACTUAL,383
2019-12-23T18:00:00-00:00,2019-12-23T19:00:00-00:00,0,2019-12-23,11,0,ACTUAL,PACW,Total Actual Hourly Integrated Load,SYS_FCST_ACT_MW,3.8,2841,ACTUAL,383
2019-12-24T07:00:00-00:00,2019-12-24T08:00:00-00:00,0,2019-12-23,24,0,ACTUAL,PACW,Total Actual Hourly Integrated Load,SYS_FCST_ACT_MW,3.8,2418,ACTUAL,383
2019-12-24T03:00:00-00:00,2019-12-24T04:00:00-00:00,0,2019-12-23,20,0,ACTUAL,PACW,Total Actual Hourly Integrated Load,SYS_FCST_ACT_MW,3.8,2843,ACTUAL,383
2019-12-23T09:00:00-00:00,2019-12-23T10:00:00-00:00,0,2019-12-23,2,0,ACTUAL,PACW,Total Actual Hourly Integrated Load,SYS_FCST_ACT_MW,3.8,2029,ACTUAL,383
2019-12-24T06:00:00-00:00,2019-12-24T07:00:00-00:00,0,2019-12-23,23,0,ACTUAL,PACW,Total Actual Hourly Integrated Load,SYS_FCST_ACT_MW,3.8,2560,ACTUAL,383
2019-12-24T05:00:00-00:00,2019-12-24T06:00:00-00:00,0,2019-12-23,22,0,ACTUAL,PACW,Total Actual Hourly Integrated Load,SYS_FCST_ACT_MW,3.8,2714,ACTUAL,383
2019-12-23T23:00:00-00:00,2019-12-24T00:00:00-00:00,0,2019-12-23,16,0,ACTUAL,PACW,Total Actual Hourly Integrated Load,SYS_FCST_ACT_MW,3.8,2554,ACTUAL,383
2019-12-23T08:00:00-00:00,2019-12-23T09:00:00-00:00,0,2019-12-23,1,0,ACTUAL,PACW,Total Actual Hourly Integrated Load,SYS_FCST_ACT_MW,3.8,2073,ACTUAL,383
2019-12-23T16:00:00-00:00,2019-12-23T17:00:00-00:00,0,2019-12-23,9,0,ACTUAL,PACW,Total Actual Hourly Integrated Load,SYS_FCST_ACT_MW,3.8,2906,ACTUAL,383
2019-12-23T15:00:00-00:00,2019-12-23T16:00:00-00:00,0,2019-12-23,8,0,ACTUAL,PACW,Total Actual Hourly Integrated Load,SYS_FCST_ACT_MW,3.8,2829,ACTUAL,383
2019-12-23T20:00:00-00:00,2019-12-23T21:00:00-00:00,0,2019-12-23,13,0,ACTUAL,PACW,Total Actual Hourly Integrated Load,SYS_FCST_ACT_MW,3.8,2653,ACTUAL,383
2019-12-23T19:00:00-00:00,2019-12-23T20:00:00-00:00,0,2019-12-23,12,0,ACTUAL,PACW,Total Actual Hourly Integrated Load,SYS_FCST_ACT_MW,3.8,2743,ACTUAL,383
2019-12-23T17:00:00-00:00,2019-12-23T18:00:00-00:00,0,2019-12-23,10,0,ACTUAL,PGE,Total Actual Hourly Integrated Load,SYS_FCST_ACT_MW,3.8,2863,ACTUAL,384
2019-12-23T23:00:00-00:00,2019-12-24T00:00:00-00:00,0,2019-12-23,16,0,ACTUAL,PGE,Total Actual Hourly Integrated Load,SYS_FCST_ACT_MW,3.8,2682,ACTUAL,384
2019-12-24T03:00:00-00:00,2019-12-24T04:00:00-00:00,0,2019-12-23,20,0,ACTUAL,PGE,Total Actual Hourly Integrated Load,SYS_FCST_ACT_MW,3.8,2923,ACTUAL,384
2019-12-24T06:00:00-00:00,2019-12-24T07:00:00-00:00,0,2019-12-23,23,0,ACTUAL,PGE,Total Actual Hourly Integrated Load,SYS_FCST_ACT_MW,3.8,2552,ACTUAL,384
2019-12-23T22:00:00-00:00,2019-12-23T23:00:00-00:00,0,2019-12-23,15,0,ACTUAL,PGE,Total Actual Hourly Integrated Load,SYS_FCST_ACT_MW,3.8,2660,ACTUAL,384
2019-12-23T08:00:00-00:00,2019-12-23T09:00:00-00:00,0,2019-12-23,1,0,ACTUAL,PGE,Total Actual Hourly Integrated Load,SYS_FCST_ACT_MW,3.8,2074,ACTUAL,384
2019-12-23T09:00:00-00:00,2019-12-23T10:00:00-00:00,0,2019-12-23,2,0,ACTUAL,PGE,Total Actual Hourly Integrated Load,SYS_FCST_ACT_MW,3.8,2001,ACTUAL,384
2019-12-23T10:00:00-00:00,2019-12-23T11:00:00-00:00,0,2019-12-23,3,0,ACTUAL,PGE,Total Actual Hourly Integrated Load,SYS_FCST_ACT_MW,3.8,1970,ACTUAL,384
2019-12-23T12:00:00-00:00,2019-12-23T13:00:00-00:00,0,2019-12-23,5,0,ACTUAL,PGE,Total Actual Hourly Integrated Load,SYS_FCST_ACT_MW,3.8,2085,ACTUAL,384
2019-12-23T20:00:00-00:00,2019-12-23T21:00:00-00:00,0,2019-12-23,13,0,ACTUAL,PGE,Total Actual Hourly Integrated Load,SYS_FCST_ACT_MW,3.8,2764,ACTUAL,384
2019-12-24T04:00:00-00:00,2019-12-24T05:00:00-00:00,0,2019-12-23,21,0,ACTUAL,PGE,Total Actual Hourly Integrated Load,SYS_FCST_ACT_MW,3.8,2858,ACTUAL,384
2019-12-24T07:00:00-00:00,2019-12-24T08:00:00-00:00,0,2019-12-23,24,0,ACTUAL,PGE,Total Actual Hourly Integrated Load,SYS_FCST_ACT_MW,3.8,2362,ACTUAL,384
2019-12-23T11:00:00-00:00,2019-12-23T12:00:00-00:00,0,2019-12-23,4,0,ACTUAL,PGE,Total Actual Hourly Integrated Load,SYS_FCST_ACT_MW,3.8,1990,ACTUAL,384
2019-12-23T13:00:00-00:00,2019-12-23T14:00:00-00:00,0,2019-12-23,6,0,ACTUAL,PGE,Total Actual Hourly Integrated Load,SYS_FCST_ACT_MW,3.8,2281,ACTUAL,384
2019-12-23T18:00:00-00:00,2019-12-23T19:00:00-00:00,0,2019-12-23,11,0,ACTUAL,PGE,Total Actual Hourly Integrated Load,SYS_FCST_ACT_MW,3.8,2851,ACTUAL,384
2019-12-24T00:00:00-00:00,2019-12-24T01:00:00-00:00,0,2019-12-23,17,0,ACTUAL,PGE,Total Actual Hourly Integrated Load,SYS_FCST_ACT_MW,3.8,2825,ACTUAL,384
2019-12-24T05:00:00-00:00,2019-12-24T06:00:00-00:00,0,2019-12-23,22,0,ACTUAL,PGE,Total Actual Hourly Integrated Load,SYS_FCST_ACT_MW,3.8,2736,ACTUAL,384
2019-12-23T19:00:00-00:00,2019-12-23T20:00:00-00:00,0,2019-12-23,12,0,ACTUAL,PGE,Total Actual Hourly Integrated Load,SYS_FCST_ACT_MW,3.8,2815,ACTUAL,384
2019-12-24T01:00:00-00:00,2019-12-24T02:00:00-00:00,0,2019-12-23,18,0,ACTUAL,PGE,Total Actual Hourly Integrated Load,SYS_FCST_ACT_MW,3.8,2990,ACTUAL,384
2019-12-24T02:00:00-00:00,2019-12-24T03:00:00-00:00,0,2019-12-23,19,0,ACTUAL,PGE,Total Actual Hourly Integrated Load,SYS_FCST_ACT_MW,3.8,2972,ACTUAL,384
2019-12-23T16:00:00-00:00,2019-12-23T17:00:00-00:00,0,2019-12-23,9,0,ACTUAL,PGE,Total Actual Hourly Integrated Load,SYS_FCST_ACT_MW,3.8,2797,ACTUAL,384
2019-12-23T21:00:00-00:00,2019-12-23T22:00:00-00:00,0,2019-12-23,14,0,ACTUAL,PGE,Total Actual Hourly Integrated Load,SYS_FCST_ACT_MW,3.8,2707,ACTUAL,384
2019-12-23T14:00:00-00:00,2019-12-23T15:00:00-00:00,0,2019-12-23,7,0,ACTUAL,PGE,Total Actual Hourly Integrated Load,SYS_FCST_ACT_MW,3.8,2531,ACTUAL,384
2019-12-23T15:00:00-00:00,2019-12-23T16:00:00-00:00,0,2019-12-23,8,0,ACTUAL,PGE,Total Actual Hourly Integrated Load,SYS_FCST_ACT_MW,3.8,2707,ACTUAL,384
2019-12-23T15:00:00-00:00,2019-12-23T16:00:00-00:00,0,2019-12-23,8,0,ACTUAL,PGE-TAC,Total Actual Hourly Integrated Load,SYS_FCST_ACT_MW,3.1,11783,ACTUAL,385
2019-12-23T14:00:00-00:00,2019-12-23T15:00:00-00:00,0,2019-12-23,7,0,ACTUAL,PGE-TAC,Total Actual Hourly Integrated Load,SYS_FCST_ACT_MW,3.1,11117,ACTUAL,385
2019-12-24T03:00:00-00:00,2019-12-24T04:00:00-00:00,0,2019-12-23,20,0,ACTUAL,PGE-TAC,Total Actual Hourly Integrated Load,SYS_FCST_ACT_MW,3.1,12928,ACTUAL,385
2019-12-24T05:00:00-00:00,2019-12-24T06:00:00-00:00,0,2019-12-23,22,0,ACTUAL,PGE-TAC,Total Actual Hourly Integrated Load,SYS_FCST_ACT_MW,3.1,12198,ACTUAL,385
2019-12-23T09:00:00-00:00,2019-12-23T10:00:00-00:00,0,2019-12-23,2,0,ACTUAL,PGE-TAC,Total Actual Hourly Integrated Load,SYS_FCST_ACT_MW,3.1,9377,ACTUAL,385
2019-12-23T08:00:00-00:00,2019-12-23T09:00:00-00:00,0,2019-12-23,1,0,ACTUAL,PGE-TAC,Total Actual Hourly Integrated Load,SYS_FCST_ACT_MW,3.1,9710,ACTUAL,385
2019-12-24T00:00:00-00:00,2019-12-24T01:00:00-00:00,0,2019-12-23,17,0,ACTUAL,PGE-TAC,Total Actual Hourly Integrated Load,SYS_FCST_ACT_MW,3.1,12077,ACTUAL,385
2019-12-23T10:00:00-00:00,2019-12-23T11:00:00-00:00,0,2019-12-23,3,0,ACTUAL,PGE-TAC,Total Actual Hourly Integrated Load,SYS_FCST_ACT_MW,3.1,9208,ACTUAL,385
2019-12-23T13:00:00-00:00,2019-12-23T14:00:00-00:00,0,2019-12-23,6,0,ACTUAL,PGE-TAC,Total Actual Hourly Integrated Load,SYS_FCST_ACT_MW,3.1,10398,ACTUAL,385
2019-12-23T12:00:00-00:00,2019-12-23T13:00:00-00:00,0,2019-12-23,5,0,ACTUAL,PGE-TAC,Total Actual Hourly Integrated Load,SYS_FCST_ACT_MW,3.1,9781,ACTUAL,385
2019-12-23T23:00:00-00:00,2019-12-24T00:00:00-00:00,0,2019-12-23,16,0,ACTUAL,PGE-TAC,Total Actual Hourly Integrated Load,SYS_FCST_ACT_MW,3.1,11349,ACTUAL,385
2019-12-24T01:00:00-00:00,2019-12-24T02:00:00-00:00,0,2019-12-23,18,0,ACTUAL,PGE-TAC,Total Actual Hourly Integrated Load,SYS_FCST_ACT_MW,3.1,13073,ACTUAL,385
2019-12-23T16:00:00-00:00,2019-12-23T17:00:00-00:00,0,2019-12-23,9,0,ACTUAL,PGE-TAC,Total Actual Hourly Integrated Load,SYS_FCST_ACT_MW,3.1,12078,ACTUAL,385
2019-12-23T22:00:00-00:00,2019-12-23T23:00:00-00:00,0,2019-12-23,15,0,ACTUAL,PGE-TAC,Total Actual Hourly Integrated Load,SYS_FCST_ACT_MW,3.1,11010,ACTUAL,385
2019-12-24T04:00:00-00:00,2019-12-24T05:00:00-00:00,0,2019-12-23,21,0,ACTUAL,PGE-TAC,Total Actual Hourly Integrated Load,SYS_FCST_ACT_MW,3.1,12646,ACTUAL,385
2019-12-24T06:00:00-00:00,2019-12-24T07:00:00-00:00,0,2019-12-23,23,0,ACTUAL,PGE-TAC,Total Actual Hourly Integrated Load,SYS_FCST_ACT_MW,3.1,11474,ACTUAL,385
2019-12-24T07:00:00-00:00,2019-12-24T08:00:00-00:00,0,2019-12-23,24,0,ACTUAL,PGE-TAC,Total Actual Hourly Integrated Load,SYS_FCST_ACT_MW,3.1,10671,ACTUAL,385
2019-12-23T11:00:00-00:00,2019-12-23T12:00:00-00:00,0,2019-12-23,4,0,ACTUAL,PGE-TAC,Total Actual Hourly Integrated Load,SYS_FCST_ACT_MW,3.1,9369,ACTUAL,385
2019-12-23T19:00:00-00:00,2019-12-23T20:00:00-00:00,0,2019-12-23,12,0,ACTUAL,PGE-TAC,Total Actual Hourly Integrated Load,SYS_FCST_ACT_MW,3.1,11158,ACTUAL,385
2019-12-24T02:00:00-00:00,2019-12-24T03:00:00-00:00,0,2019-12-23,19,0,ACTUAL,PGE-TAC,Total Actual Hourly Integrated Load,SYS_FCST_ACT_MW,3.1,13115,ACTUAL,385
2019-12-23T17:00:00-00:00,2019-12-23T18:00:00-00:00,0,2019-12-23,10,0,ACTUAL,PGE-TAC,Total Actual Hourly Integrated Load,SYS_FCST_ACT_MW,3.1,11944,ACTUAL,385
2019-12-23T20:00:00-00:00,2019-12-23T21:00:00-00:00,0,2019-12-23,13,0,ACTUAL,PGE-TAC,Total Actual Hourly Integrated Load,SYS_FCST_ACT_MW,3.1,10842,ACTUAL,385
2019-12-23T21:00:00-00:00,2019-12-23T22:00:00-00:00,0,2019-12-23,14,0,ACTUAL,PGE-TAC,Total Actual Hourly Integrated Load,SYS_FCST_ACT_MW,3.1,10763,ACTUAL,385
2019-12-23T18:00:00-00:00,2019-12-23T19:00:00-00:00,0,2019-12-23,11,0,ACTUAL,PGE-TAC,Total Actual Hourly Integrated Load,SYS_FCST_ACT_MW,3.1,11537,ACTUAL,385
2019-12-24T03:00:00-00:00,2019-12-24T04:00:00-00:00,0,2019-12-23,20,0,ACTUAL,PSEI,Total Actual Hourly Integrated Load,SYS_FCST_ACT_MW,3.8,3707,ACTUAL,386
2019-12-23T11:00:00-00:00,2019-12-23T12:00:00-00:00,0,2019-12-23,4,0,ACTUAL,PSEI,Total Actual Hourly Integrated Load,SYS_FCST_ACT_MW,3.8,2558,ACTUAL,386
2019-12-23T13:00:00-00:00,2019-12-23T14:00:00-00:00,0,2019-12-23,6,0,ACTUAL,PSEI,Total Actual Hourly Integrated Load,SYS_FCST_ACT_MW,3.8,2971,ACTUAL,386
2019-12-24T01:00:00-00:00,2019-12-24T02:00:00-00:00,0,2019-12-23,18,0,ACTUAL,PSEI,Total Actual Hourly Integrated Load,SYS_FCST_ACT_MW,3.8,3822,ACTUAL,386
2019-12-24T02:00:00-00:00,2019-12-24T03:00:00-00:00,0,2019-12-23,19,0,ACTUAL,PSEI,Total Actual Hourly Integrated Load,SYS_FCST_ACT_MW,3.8,3785,ACTUAL,386
2019-12-24T06:00:00-00:00,2019-12-24T07:00:00-00:00,0,2019-12-23,23,0,ACTUAL,PSEI,Total Actual Hourly Integrated Load,SYS_FCST_ACT_MW,3.8,3230,ACTUAL,386
2019-12-23T19:00:00-00:00,2019-12-23T20:00:00-00:00,0,2019-12-23,12,0,ACTUAL,PSEI,Total Actual Hourly Integrated Load,SYS_FCST_ACT_MW,3.8,3553,ACTUAL,386
2019-12-24T04:00:00-00:00,2019-12-24T05:00:00-00:00,0,2019-12-23,21,0,ACTUAL,PSEI,Total Actual Hourly Integrated Load,SYS_FCST_ACT_MW,3.8,3613,ACTUAL,386
2019-12-23T16:00:00-00:00,2019-12-23T17:00:00-00:00,0,2019-12-23,9,0,ACTUAL,PSEI,Total Actual Hourly Integrated Load,SYS_FCST_ACT_MW,3.8,3583,ACTUAL,386
2019-12-24T07:00:00-00:00,2019-12-24T08:00:00-00:00,0,2019-12-23,24,0,ACTUAL,PSEI,Total Actual Hourly Integrated Load,SYS_FCST_ACT_MW,3.8,2993,ACTUAL,386
2019-12-23T12:00:00-00:00,2019-12-23T13:00:00-00:00,0,2019-12-23,5,0,ACTUAL,PSEI,Total Actual Hourly Integrated Load,SYS_FCST_ACT_MW,3.8,2708,ACTUAL,386
2019-12-23T20:00:00-00:00,2019-12-23T21:00:00-00:00,0,2019-12-23,13,0,ACTUAL,PSEI,Total Actual Hourly Integrated Load,SYS_FCST_ACT_MW,3.8,3506,ACTUAL,386
2019-12-24T00:00:00-00:00,2019-12-24T01:00:00-00:00,0,2019-12-23,17,0,ACTUAL,PSEI,Total Actual Hourly Integrated Load,SYS_FCST_ACT_MW,3.8,3676,ACTUAL,386
2019-12-23T08:00:00-00:00,2019-12-23T09:00:00-00:00,0,2019-12-23,1,0,ACTUAL,PSEI,Total Actual Hourly Integrated Load,SYS_FCST_ACT_MW,3.8,2624,ACTUAL,386
2019-12-23T14:00:00-00:00,2019-12-23T15:00:00-00:00,0,2019-12-23,7,0,ACTUAL,PSEI,Total Actual Hourly Integrated Load,SYS_FCST_ACT_MW,3.8,3264,ACTUAL,386
2019-12-23T17:00:00-00:00,2019-12-23T18:00:00-00:00,0,2019-12-23,10,0,ACTUAL,PSEI,Total Actual Hourly Integrated Load,SYS_FCST_ACT_MW,3.8,3630,ACTUAL,386
2019-12-23T21:00:00-00:00,2019-12-23T22:00:00-00:00,0,2019-12-23,14,0,ACTUAL,PSEI,Total Actual Hourly Integrated Load,SYS_FCST_ACT_MW,3.8,3459,ACTUAL,386
2019-12-23T18:00:00-00:00,2019-12-23T19:00:00-00:00,0,2019-12-23,11,0,ACTUAL,PSEI,Total Actual Hourly Integrated Load,SYS_FCST_ACT_MW,3.8,3605,ACTUAL,386
2019-12-23T22:00:00-00:00,2019-12-23T23:00:00-00:00,0,2019-12-23,15,0,ACTUAL,PSEI,Total Actual Hourly Integrated Load,SYS_FCST_ACT_MW,3.8,3430,ACTUAL,386
2019-12-23T23:00:00-00:00,2019-12-24T00:00:00-00:00,0,2019-12-23,16,0,ACTUAL,PSEI,Total Actual Hourly Integrated Load,SYS_FCST_ACT_MW,3.8,3474,ACTUAL,386
2019-12-23T09:00:00-00:00,2019-12-23T10:00:00-00:00,0,2019-12-23,2,0,ACTUAL,PSEI,Total Actual Hourly Integrated Load,SYS_FCST_ACT_MW,3.8,2538,ACTUAL,386
2019-12-23T15:00:00-00:00,2019-12-23T16:00:00-00:00,0,2019-12-23,8,0,ACTUAL,PSEI,Total Actual Hourly Integrated Load,SYS_FCST_ACT_MW,3.8,3482,ACTUAL,386
2019-12-23T10:00:00-00:00,2019-12-23T11:00:00-00:00,0,2019-12-23,3,0,ACTUAL,PSEI,Total Actual Hourly Integrated Load,SYS_FCST_ACT_MW,3.8,2514,ACTUAL,386
2019-12-24T05:00:00-00:00,2019-12-24T06:00:00-00:00,0,2019-12-23,22,0,ACTUAL,PSEI,Total Actual Hourly Integrated Load,SYS_FCST_ACT_MW,3.8,3460,ACTUAL,386
2019-12-24T07:00:00-00:00,2019-12-24T08:00:00-00:00,0,2019-12-23,24,0,ACTUAL,SCE-TAC,Total Actual Hourly Integrated Load,SYS_FCST_ACT_MW,3.2,10690,ACTUAL,387
2019-12-23T13:00:00-00:00,2019-12-23T14:00:00-00:00,0,2019-12-23,6,0,ACTUAL,SCE-TAC,Total Actual Hourly Integrated Load,SYS_FCST_ACT_MW,3.2,9734,ACTUAL,387
2019-12-24T04:00:00-00:00,2019-12-24T05:00:00-00:00,0,2019-12-23,21,0,ACTUAL,SCE-TAC,Total Actual Hourly Integrated Load,SYS_FCST_ACT_MW,3.2,12605,ACTUAL,387
2019-12-23T17:00:00-00:00,2019-12-23T18:00:00-00:00,0,2019-12-23,10,0,ACTUAL,SCE-TAC,Total Actual Hourly Integrated Load,SYS_FCST_ACT_MW,3.2,12196,ACTUAL,387
2019-12-23T21:00:00-00:00,2019-12-23T22:00:00-00:00,0,2019-12-23,14,0,ACTUAL,SCE-TAC,Total Actual Hourly Integrated Load,SYS_FCST_ACT_MW,3.2,12097,ACTUAL,387
2019-12-23T20:00:00-00:00,2019-12-23T21:00:00-00:00,0,2019-12-23,13,0,ACTUAL,SCE-TAC,Total Actual Hourly Integrated Load,SYS_FCST_ACT_MW,3.2,12197,ACTUAL,387
2019-12-23T18:00:00-00:00,2019-12-23T19:00:00-00:00,0,2019-12-23,11,0,ACTUAL,SCE-TAC,Total Actual Hourly Integrated Load,SYS_FCST_ACT_MW,3.2,12315,ACTUAL,387
2019-12-23T14:00:00-00:00,2019-12-23T15:00:00-00:00,0,2019-12-23,7,0,ACTUAL,SCE-TAC,Total Actual Hourly Integrated Load,SYS_FCST_ACT_MW,3.2,10547,ACTUAL,387
2019-12-23T09:00:00-00:00,2019-12-23T10:00:00-00:00,0,2019-12-23,2,0,ACTUAL,SCE-TAC,Total Actual Hourly Integrated Load,SYS_FCST_ACT_MW,3.2,9133,ACTUAL,387
2019-12-23T10:00:00-00:00,2019-12-23T11:00:00-00:00,0,2019-12-23,3,0,ACTUAL,SCE-TAC,Total Actual Hourly Integrated Load,SYS_FCST_ACT_MW,3.2,8963,ACTUAL,387
2019-12-23T08:00:00-00:00,2019-12-23T09:00:00-00:00,0,2019-12-23,1,0,ACTUAL,SCE-TAC,Total Actual Hourly Integrated Load,SYS_FCST_ACT_MW,3.2,9483,ACTUAL,387
2019-12-24T05:00:00-00:00,2019-12-24T06:00:00-00:00,0,2019-12-23,22,0,ACTUAL,SCE-TAC,Total Actual Hourly Integrated Load,SYS_FCST_ACT_MW,3.2,12201,ACTUAL,387
2019-12-24T02:00:00-00:00,2019-12-24T03:00:00-00:00,0,2019-12-23,19,0,ACTUAL,SCE-TAC,Total Actual Hourly Integrated Load,SYS_FCST_ACT_MW,3.2,12996,ACTUAL,387
2019-12-23T11:00:00-00:00,2019-12-23T12:00:00-00:00,0,2019-12-23,4,0,ACTUAL,SCE-TAC,Total Actual Hourly Integrated Load,SYS_FCST_ACT_MW,3.2,8958,ACTUAL,387
2019-12-24T03:00:00-00:00,2019-12-24T04:00:00-00:00,0,2019-12-23,20,0,ACTUAL,SCE-TAC,Total Actual Hourly Integrated Load,SYS_FCST_ACT_MW,3.2,12846,ACTUAL,387
2019-12-23T22:00:00-00:00,2019-12-23T23:00:00-00:00,0,2019-12-23,15,0,ACTUAL,SCE-TAC,Total Actual Hourly Integrated Load,SYS_FCST_ACT_MW,3.2,12042,ACTUAL,387
2019-12-24T00:00:00-00:00,2019-12-24T01:00:00-00:00,0,2019-12-23,17,0,ACTUAL,SCE-TAC,Total Actual Hourly Integrated Load,SYS_FCST_ACT_MW,3.2,12353,ACTUAL,387
2019-12-23T16:00:00-00:00,2019-12-23T17:00:00-00:00,0,2019-12-23,9,0,ACTUAL,SCE-TAC,Total Actual Hourly Integrated Load,SYS_FCST_ACT_MW,3.2,11839,ACTUAL,387
2019-12-23T12:00:00-00:00,2019-12-23T13:00:00-00:00,0,2019-12-23,5,0,ACTUAL,SCE-TAC,Total Actual Hourly Integrated Load,SYS_FCST_ACT_MW,3.2,9135,ACTUAL,387
2019-12-24T06:00:00-00:00,2019-12-24T07:00:00-00:00,0,2019-12-23,23,0,ACTUAL,SCE-TAC,Total Actual Hourly Integrated Load,SYS_FCST_ACT_MW,3.2,11513,ACTUAL,387
2019-12-23T23:00:00-00:00,2019-12-24T00:00:00-00:00,0,2019-12-23,16,0,ACTUAL,SCE-TAC,Total Actual Hourly Integrated Load,SYS_FCST_ACT_MW,3.2,12056,ACTUAL,387
2019-12-23T19:00:00-00:00,2019-12-23T20:00:00-00:00,0,2019-12-23,12,0,ACTUAL,SCE-TAC,Total Actual Hourly Integrated Load,SYS_FCST_ACT_MW,3.2,12295,ACTUAL,387
2019-12-23T15:00:00-00:00,2019-12-23T16:00:00-00:00,0,2019-12-23,8,0,ACTUAL,SCE-TAC,Total Actual Hourly Integrated Load,SYS_FCST_ACT_MW,3.2,11260,ACTUAL,387
2019-12-24T01:00:00-00:00,2019-12-24T02:00:00-00:00,0,2019-12-23,18,0,ACTUAL,SCE-TAC,Total Actual Hourly Integrated Load,SYS_FCST_ACT_MW,3.2,13041,ACTUAL,387
2019-12-23T22:00:00-00:00,2019-12-23T23:00:00-00:00,0,2019-12-23,15,0,ACTUAL,SCL,Total Actual Hourly Integrated Load,SYS_FCST_ACT_MW,3.8,1320,ACTUAL,388
2019-12-24T00:00:00-00:00,2019-12-24T01:00:00-00:00,0,2019-12-23,17,0,ACTUAL,SCL,Total Actual Hourly Integrated Load,SYS_FCST_ACT_MW,3.8,1390,ACTUAL,388
2019-12-23T13:00:00-00:00,2019-12-23T14:00:00-00:00,0,2019-12-23,6,0,ACTUAL,SCL,Total Actual Hourly Integrated Load,SYS_FCST_ACT_MW,3.8,1127,ACTUAL,388
2019-12-23T11:00:00-00:00,2019-12-23T12:00:00-00:00,0,2019-12-23,4,0,ACTUAL,SCL,Total Actual Hourly Integrated Load,SYS_FCST_ACT_MW,3.8,966,ACTUAL,388
2019-12-24T05:00:00-00:00,2019-12-24T06:00:00-00:00,0,2019-12-23,22,0,ACTUAL,SCL,Total Actual Hourly Integrated Load,SYS_FCST_ACT_MW,3.8,1249,ACTUAL,388
2019-12-24T04:00:00-00:00,2019-12-24T05:00:00-00:00,0,2019-12-23,21,0,ACTUAL,SCL,Total Actual Hourly Integrated Load,SYS_FCST_ACT_MW,3.8,1290,ACTUAL,388
2019-12-24T03:00:00-00:00,2019-12-24T04:00:00-00:00,0,2019-12-23,20,0,ACTUAL,SCL,Total Actual Hourly Integrated Load,SYS_FCST_ACT_MW,3.8,1325,ACTUAL,388
2019-12-24T02:00:00-00:00,2019-12-24T03:00:00-00:00,0,2019-12-23,19,0,ACTUAL,SCL,Total Actual Hourly Integrated Load,SYS_FCST_ACT_MW,3.8,1371,ACTUAL,388
2019-12-23T23:00:00-00:00,2019-12-24T00:00:00-00:00,0,2019-12-23,16,0,ACTUAL,SCL,Total Actual Hourly Integrated Load,SYS_FCST_ACT_MW,3.8,1333,ACTUAL,388
2019-12-24T07:00:00-00:00,2019-12-24T08:00:00-00:00,0,2019-12-23,24,0,ACTUAL,SCL,Total Actual Hourly Integrated Load,SYS_FCST_ACT_MW,3.8,1101,ACTUAL,388
2019-12-24T06:00:00-00:00,2019-12-24T07:00:00-00:00,0,2019-12-23,23,0,ACTUAL,SCL,Total Actual Hourly Integrated Load,SYS_FCST_ACT_MW,3.8,1177,ACTUAL,388
2019-12-23T16:00:00-00:00,2019-12-23T17:00:00-00:00,0,2019-12-23,9,0,ACTUAL,SCL,Total Actual Hourly Integrated Load,SYS_FCST_ACT_MW,3.8,1394,ACTUAL,388
2019-12-23T08:00:00-00:00,2019-12-23T09:00:00-00:00,0,2019-12-23,1,0,ACTUAL,SCL,Total Actual Hourly Integrated Load,SYS_FCST_ACT_MW,3.8,1002,ACTUAL,388
2019-12-23T21:00:00-00:00,2019-12-23T22:00:00-00:00,0,2019-12-23,14,0,ACTUAL,SCL,Total Actual Hourly Integrated Load,SYS_FCST_ACT_MW,3.8,1348,ACTUAL,388
2019-12-23T18:00:00-00:00,2019-12-23T19:00:00-00:00,0,2019-12-23,11,0,ACTUAL,SCL,Total Actual Hourly Integrated Load,SYS_FCST_ACT_MW,3.8,1402,ACTUAL,388
2019-12-24T01:00:00-00:00,2019-12-24T02:00:00-00:00,0,2019-12-23,18,0,ACTUAL,SCL,Total Actual Hourly Integrated Load,SYS_FCST_ACT_MW,3.8,1418,ACTUAL,388
2019-12-23T20:00:00-00:00,2019-12-23T21:00:00-00:00,0,2019-12-23,13,0,ACTUAL,SCL,Total Actual Hourly Integrated Load,SYS_FCST_ACT_MW,3.8,1362,ACTUAL,388
2019-12-23T17:00:00-00:00,2019-12-23T18:00:00-00:00,0,2019-12-23,10,0,ACTUAL,SCL,Total Actual Hourly Integrated Load,SYS_FCST_ACT_MW,3.8,1408,ACTUAL,388
2019-12-23T15:00:00-00:00,2019-12-23T16:00:00-00:00,0,2019-12-23,8,0,ACTUAL,SCL,Total Actual Hourly Integrated Load,SYS_FCST_ACT_MW,3.8,1362,ACTUAL,388
2019-12-23T14:00:00-00:00,2019-12-23T15:00:00-00:00,0,2019-12-23,7,0,ACTUAL,SCL,Total Actual Hourly Integrated Load,SYS_FCST_ACT_MW,3.8,1265,ACTUAL,388
2019-12-23T10:00:00-00:00,2019-12-23T11:00:00-00:00,0,2019-12-23,3,0,ACTUAL,SCL,Total Actual Hourly Integrated Load,SYS_FCST_ACT_MW,3.8,952,ACTUAL,388
2019-12-23T12:00:00-00:00,2019-12-23T13:00:00-00:00,0,2019-12-23,5,0,ACTUAL,SCL,Total Actual Hourly Integrated Load,SYS_FCST_ACT_MW,3.8,1022,ACTUAL,388
2019-12-23T09:00:00-00:00,2019-12-23T10:00:00-00:00,0,2019-12-23,2,0,ACTUAL,SCL,Total Actual Hourly Integrated Load,SYS_FCST_ACT_MW,3.8,964,ACTUAL,388
2019-12-23T19:00:00-00:00,2019-12-23T20:00:00-00:00,0,2019-12-23,12,0,ACTUAL,SCL,Total Actual Hourly Integrated Load,SYS_FCST_ACT_MW,3.8,1386,ACTUAL,388
2019-12-23T17:00:00-00:00,2019-12-23T18:00:00-00:00,0,2019-12-23,10,0,ACTUAL,SDGE-TAC,Total Actual Hourly Integrated Load,SYS_FCST_ACT_MW,3.4,2662,ACTUAL,389
2019-12-23T20:00:00-00:00,2019-12-23T21:00:00-00:00,0,2019-12-23,13,0,ACTUAL,SDGE-TAC,Total Actual Hourly Integrated Load,SYS_FCST_ACT_MW,3.4,2672,ACTUAL,389
2019-12-23T08:00:00-00:00,2019-12-23T09:00:00-00:00,0,2019-12-23,1,0,ACTUAL,SDGE-TAC,Total Actual Hourly Integrated Load,SYS_FCST_ACT_MW,3.4,2004,ACTUAL,389
2019-12-23T10:00:00-00:00,2019-12-23T11:00:00-00:00,0,2019-12-23,3,0,ACTUAL,SDGE-TAC,Total Actual Hourly Integrated Load,SYS_FCST_ACT_MW,3.4,1869,ACTUAL,389
2019-12-23T13:00:00-00:00,2019-12-23T14:00:00-00:00,0,2019-12-23,6,0,ACTUAL,SDGE-TAC,Total Actual Hourly Integrated Load,SYS_FCST_ACT_MW,3.4,2024,ACTUAL,389
2019-12-23T16:00:00-00:00,2019-12-23T17:00:00-00:00,0,2019-12-23,9,0,ACTUAL,SDGE-TAC,Total Actual Hourly Integrated Load,SYS_FCST_ACT_MW,3.4,2553,ACTUAL,389
2019-12-23T18:00:00-00:00,2019-12-23T19:00:00-00:00,0,2019-12-23,11,0,ACTUAL,SDGE-TAC,Total Actual Hourly Integrated Load,SYS_FCST_ACT_MW,3.4,2698,ACTUAL,389
2019-12-24T01:00:00-00:00,2019-12-24T02:00:00-00:00,0,2019-12-23,18,0,ACTUAL,SDGE-TAC,Total Actual Hourly Integrated Load,SYS_FCST_ACT_MW,3.4,2872,ACTUAL,389
2019-12-23T11:00:00-00:00,2019-12-23T12:00:00-00:00,0,2019-12-23,4,0,ACTUAL,SDGE-TAC,Total Actual Hourly Integrated Load,SYS_FCST_ACT_MW,3.4,1865,ACTUAL,389
2019-12-23T12:00:00-00:00,2019-12-23T13:00:00-00:00,0,2019-12-23,5,0,ACTUAL,SDGE-TAC,Total Actual Hourly Integrated Load,SYS_FCST_ACT_MW,3.4,1914,ACTUAL,389
2019-12-23T19:00:00-00:00,2019-12-23T20:00:00-00:00,0,2019-12-23,12,0,ACTUAL,SDGE-TAC,Total Actual Hourly Integrated Load,SYS_FCST_ACT_MW,3.4,2667,ACTUAL,389
2019-12-24T06:00:00-00:00,2019-12-24T07:00:00-00:00,0,2019-12-23,23,0,ACTUAL,SDGE-TAC,Total Actual Hourly Integrated Load,SYS_FCST_ACT_MW,3.4,2351,ACTUAL,389
2019-12-24T00:00:00-00:00,2019-12-24T01:00:00-00:00,0,2019-12-23,17,0,ACTUAL,SDGE-TAC,Total Actual Hourly Integrated Load,SYS_FCST_ACT_MW,3.4,2667,ACTUAL,389
2019-12-24T04:00:00-00:00,2019-12-24T05:00:00-00:00,0,2019-12-23,21,0,ACTUAL,SDGE-TAC,Total Actual Hourly Integrated Load,SYS_FCST_ACT_MW,3.4,2690,ACTUAL,389
2019-12-23T14:00:00-00:00,2019-12-23T15:00:00-00:00,0,2019-12-23,7,0,ACTUAL,SDGE-TAC,Total Actual Hourly Integrated Load,SYS_FCST_ACT_MW,3.4,2238,ACTUAL,389
2019-12-23T15:00:00-00:00,2019-12-23T16:00:00-00:00,0,2019-12-23,8,0,ACTUAL,SDGE-TAC,Total Actual Hourly Integrated Load,SYS_FCST_ACT_MW,3.4,2409,ACTUAL,389
2019-12-23T23:00:00-00:00,2019-12-24T00:00:00-00:00,0,2019-12-23,16,0,ACTUAL,SDGE-TAC,Total Actual Hourly Integrated Load,SYS_FCST_ACT_MW,3.4,2511,ACTUAL,389
2019-12-24T05:00:00-00:00,2019-12-24T06:00:00-00:00,0,2019-12-23,22,0,ACTUAL,SDGE-TAC,Total Actual Hourly Integrated Load,SYS_FCST_ACT_MW,3.4,2551,ACTUAL,389
2019-12-23T22:00:00-00:00,2019-12-23T23:00:00-00:00,0,2019-12-23,15,0,ACTUAL,SDGE-TAC,Total Actual Hourly Integrated Load,SYS_FCST_ACT_MW,3.4,2463,ACTUAL,389
2019-12-24T03:00:00-00:00,2019-12-24T04:00:00-00:00,0,2019-12-23,20,0,ACTUAL,SDGE-TAC,Total Actual Hourly Integrated Load,SYS_FCST_ACT_MW,3.4,2779,ACTUAL,389
2019-12-23T21:00:00-00:00,2019-12-23T22:00:00-00:00,0,2019-12-23,14,0,ACTUAL,SDGE-TAC,Total Actual Hourly Integrated Load,SYS_FCST_ACT_MW,3.4,2592,ACTUAL,389
2019-12-24T02:00:00-00:00,2019-12-24T03:00:00-00:00,0,2019-12-23,19,0,ACTUAL,SDGE-TAC,Total Actual Hourly Integrated Load,SYS_FCST_ACT_MW,3.4,2844,ACTUAL,389
2019-12-24T07:00:00-00:00,2019-12-24T08:00:00-00:00,0,2019-12-23,24,0,ACTUAL,SDGE-TAC,Total Actual Hourly Integrated Load,SYS_FCST_ACT_MW,3.4,2134,ACTUAL,389
2019-12-23T09:00:00-00:00,2019-12-23T10:00:00-00:00,0,2019-12-23,2,0,ACTUAL,SDGE-TAC,Total Actual Hourly Integrated Load,SYS_FCST_ACT_MW,3.4,1900,ACTUAL,389
2019-12-23T12:00:00-00:00,2019-12-23T13:00:00-00:00,0,2019-12-23,5,0,ACTUAL,SRP,Total Actual Hourly Integrated Load,SYS_FCST_ACT_MW,3.8,2750,ACTUAL,390
2019-12-23T08:00:00-00:00,2019-12-23T09:00:00-00:00,0,2019-12-23,1,0,ACTUAL,SRP,Total Actual Hourly Integrated Load,SYS_FCST_ACT_MW,3.8,2487,ACTUAL,390
2019-12-23T14:00:00-00:00,2019-12-23T15:00:00-00:00,0,2019-12-23,7,0,ACTUAL,SRP,Total Actual Hourly Integrated Load,SYS_FCST_ACT_MW,3.8,2984,ACTUAL,390
2019-12-23T16:00:00-00:00,2019-12-23T17:00:00-00:00,0,2019-12-23,9,0,ACTUAL,SRP,Total Actual Hourly Integrated Load,SYS_FCST_ACT_MW,3.8,3052,ACTUAL,390
2019-12-23T21:00:00-00:00,2019-12-23T22:00:00-00:00,0,2019-12-23,14,0,ACTUAL,SRP,Total Actual Hourly Integrated Load,SYS_FCST_ACT_MW,3.8,2865,ACTUAL,390
2019-12-24T01:00:00-00:00,2019-12-24T02:00:00-00:00,0,2019-12-23,18,0,ACTUAL,SRP,Total Actual Hourly Integrated Load,SYS_FCST_ACT_MW,3.8,3159,ACTUAL,390
2019-12-24T06:00:00-00:00,2019-12-24T07:00:00-00:00,0,2019-12-23,23,0,ACTUAL,SRP,Total Actual Hourly Integrated Load,SYS_FCST_ACT_MW,3.8,2709,ACTUAL,390
2019-12-23T09:00:00-00:00,2019-12-23T10:00:00-00:00,0,2019-12-23,2,0,ACTUAL,SRP,Total Actual Hourly Integrated Load,SYS_FCST_ACT_MW,3.8,2456,ACTUAL,390
2019-12-23T10:00:00-00:00,2019-12-23T11:00:00-00:00,0,2019-12-23,3,0,ACTUAL,SRP,Total Actual Hourly Integrated Load,SYS_FCST_ACT_MW,3.8,2473,ACTUAL,390
2019-12-24T04:00:00-00:00,2019-12-24T05:00:00-00:00,0,2019-12-23,21,0,ACTUAL,SRP,Total Actual Hourly Integrated Load,SYS_FCST_ACT_MW,3.8,3014,ACTUAL,390
2019-12-24T07:00:00-00:00,2019-12-24T08:00:00-00:00,0,2019-12-23,24,0,ACTUAL,SRP,Total Actual Hourly Integrated Load,SYS_FCST_ACT_MW,3.8,2583,ACTUAL,390
2019-12-23T11:00:00-00:00,2019-12-23T12:00:00-00:00,0,2019-12-23,4,0,ACTUAL,SRP,Total Actual Hourly Integrated Load,SYS_FCST_ACT_MW,3.8,2576,ACTUAL,390
2019-12-23T15:00:00-00:00,2019-12-23T16:00:00-00:00,0,2019-12-23,8,0,ACTUAL,SRP,Total Actual Hourly Integrated Load,SYS_FCST_ACT_MW,3.8,3039,ACTUAL,390
2019-12-23T18:00:00-00:00,2019-12-23T19:00:00-00:00,0,2019-12-23,11,0,ACTUAL,SRP,Total Actual Hourly Integrated Load,SYS_FCST_ACT_MW,3.8,2991,ACTUAL,390
2019-12-24T02:00:00-00:00,2019-12-24T03:00:00-00:00,0,2019-12-23,19,0,ACTUAL,SRP,Total Actual Hourly Integrated Load,SYS_FCST_ACT_MW,3.8,3140,ACTUAL,390
2019-12-23T17:00:00-00:00,2019-12-23T18:00:00-00:00,0,2019-12-23,10,0,ACTUAL,SRP,Total Actual Hourly Integrated Load,SYS_FCST_ACT_MW,3.8,3029,ACTUAL,390
2019-12-24T03:00:00-00:00,2019-12-24T04:00:00-00:00,0,2019-12-23,20,0,ACTUAL,SRP,Total Actual Hourly Integrated Load,SYS_FCST_ACT_MW,3.8,3088,ACTUAL,390
2019-12-23T13:00:00-00:00,2019-12-23T14:00:00-00:00,0,2019-12-23,6,0,ACTUAL,SRP,Total Actual Hourly Integrated Load,SYS_FCST_ACT_MW,3.8,2945,ACTUAL,390
2019-12-23T22:00:00-00:00,2019-12-23T23:00:00-00:00,0,2019-12-23,15,0,ACTUAL,SRP,Total Actual Hourly Integrated Load,SYS_FCST_ACT_MW,3.8,2845,ACTUAL,390
2019-12-23T23:00:00-00:00,2019-12-24T00:00:00-00:00,0,2019-12-23,16,0,ACTUAL,SRP,Total Actual Hourly Integrated Load,SYS_FCST_ACT_MW,3.8,2879,ACTUAL,390
2019-12-24T05:00:00-00:00,2019-12-24T06:00:00-00:00,0,2019-12-23,22,0,ACTUAL,SRP,Total Actual Hourly Integrated Load,SYS_FCST_ACT_MW,3.8,2861,ACTUAL,390
2019-12-23T20:00:00-00:00,2019-12-23T21:00:00-00:00,0,2019-12-23,13,0,ACTUAL,SRP,Total Actual Hourly Integrated Load,SYS_FCST_ACT_MW,3.8,2915,ACTUAL,390
2019-12-24T00:00:00-00:00,2019-12-24T01:00:00-00:00,0,2019-12-23,17,0,ACTUAL,SRP,Total Actual Hourly Integrated Load,SYS_FCST_ACT_MW,3.8,2905,ACTUAL,390
2019-12-23T19:00:00-00:00,2019-12-23T20:00:00-00:00,0,2019-12-23,12,0,ACTUAL,SRP,Total Actual Hourly Integrated Load,SYS_FCST_ACT_MW,3.8,2957,ACTUAL,390
2019-12-24T02:00:00-00:00,2019-12-24T03:00:00-00:00,0,2019-12-23,19,0,ACTUAL,VEA-TAC,Total Actual Hourly Integrated Load,SYS_FCST_ACT_MW,3.5,86,ACTUAL,391
2019-12-24T00:00:00-00:00,2019-12-24T01:00:00-00:00,0,2019-12-23,17,0,ACTUAL,VEA-TAC,Total Actual Hourly Integrated Load,SYS_FCST_ACT_MW,3.5,86,ACTUAL,391
2019-12-23T17:00:00-00:00,2019-12-23T18:00:00-00:00,0,2019-12-23,10,0,ACTUAL,VEA-TAC,Total Actual Hourly Integrated Load,SYS_FCST_ACT_MW,3.5,85,ACTUAL,391
2019-12-23T21:00:00-00:00,2019-12-23T22:00:00-00:00,0,2019-12-23,14,0,ACTUAL,VEA-TAC,Total Actual Hourly Integrated Load,SYS_FCST_ACT_MW,3.5,78,ACTUAL,391
2019-12-24T03:00:00-00:00,2019-12-24T04:00:00-00:00,0,2019-12-23,20,0,ACTUAL,VEA-TAC,Total Actual Hourly Integrated Load,SYS_FCST_ACT_MW,3.5,84,ACTUAL,391
2019-12-23T20:00:00-00:00,2019-12-23T21:00:00-00:00,0,2019-12-23,13,0,ACTUAL,VEA-TAC,Total Actual Hourly Integrated Load,SYS_FCST_ACT_MW,3.5,79,ACTUAL,391
2019-12-23T11:00:00-00:00,2019-12-23T12:00:00-00:00,0,2019-12-23,4,0,ACTUAL,VEA-TAC,Total Actual Hourly Integrated Load,SYS_FCST_ACT_MW,3.5,67,ACTUAL,391
2019-12-23T18:00:00-00:00,2019-12-23T19:00:00-00:00,0,2019-12-23,11,0,ACTUAL,VEA-TAC,Total Actual Hourly Integrated Load,SYS_FCST_ACT_MW,3.5,81,ACTUAL,391
2019-12-24T01:00:00-00:00,2019-12-24T02:00:00-00:00,0,2019-12-23,18,0,ACTUAL,VEA-TAC,Total Actual Hourly Integrated Load,SYS_FCST_ACT_MW,3.5,87,ACTUAL,391
2019-12-23T13:00:00-00:00,2019-12-23T14:00:00-00:00,0,2019-12-23,6,0,ACTUAL,VEA-TAC,Total Actual Hourly Integrated Load,SYS_FCST_ACT_MW,3.5,77,ACTUAL,391
2019-12-23T15:00:00-00:00,2019-12-23T16:00:00-00:00,0,2019-12-23,8,0,ACTUAL,VEA-TAC,Total Actual Hourly Integrated Load,SYS_FCST_ACT_MW,3.5,88,ACTUAL,391
2019-12-23T19:00:00-00:00,2019-12-23T20:00:00-00:00,0,2019-12-23,12,0,ACTUAL,VEA-TAC,Total Actual Hourly Integrated Load,SYS_FCST_ACT_MW,3.5,79,ACTUAL,391
2019-12-23T23:00:00-00:00,2019-12-24T00:00:00-00:00,0,2019-12-23,16,0,ACTUAL,VEA-TAC,Total Actual Hourly Integrated Load,SYS_FCST_ACT_MW,3.5,80,ACTUAL,391
2019-12-24T05:00:00-00:00,2019-12-24T06:00:00-00:00,0,2019-12-23,22,0,ACTUAL,VEA-TAC,Total Actual Hourly Integrated Load,SYS_FCST_ACT_MW,3.5,77,ACTUAL,391
2019-12-24T06:00:00-00:00,2019-12-24T07:00:00-00:00,0,2019-12-23,23,0,ACTUAL,VEA-TAC,Total Actual Hourly Integrated Load,SYS_FCST_ACT_MW,3.5,74,ACTUAL,391
2019-12-23T16:00:00-00:00,2019-12-23T17:00:00-00:00,0,2019-12-23,9,0,ACTUAL,VEA-TAC,Total Actual Hourly Integrated Load,SYS_FCST_ACT_MW,3.5,88,ACTUAL,391
2019-12-23T22:00:00-00:00,2019-12-23T23:00:00-00:00,0,2019-12-23,15,0,ACTUAL,VEA-TAC,Total Actual Hourly Integrated Load,SYS_FCST_ACT_MW,3.5,78,ACTUAL,391
2019-12-24T04:00:00-00:00,2019-12-24T05:00:00-00:00,0,2019-12-23,21,0,ACTUAL,VEA-TAC,Total Actual Hourly Integrated Load,SYS_FCST_ACT_MW,3.5,81,ACTUAL,391
2019-12-23T12:00:00-00:00,2019-12-23T13:00:00-00:00,0,2019-12-23,5,0,ACTUAL,VEA-TAC,Total Actual Hourly Integrated Load,SYS_FCST_ACT_MW,3.5,71,ACTUAL,391
2019-12-23T14:00:00-00:00,2019-12-23T15:00:00-00:00,0,2019-12-23,7,0,ACTUAL,VEA-TAC,Total Actual Hourly Integrated Load,SYS_FCST_ACT_MW,3.5,84,ACTUAL,391
2019-12-23T09:00:00-00:00,2019-12-23T10:00:00-00:00,0,2019-12-23,2,0,ACTUAL,VEA-TAC,Total Actual Hourly Integrated Load,SYS_FCST_ACT_MW,3.5,63,ACTUAL,391
2019-12-23T08:00:00-00:00,2019-12-23T09:00:00-00:00,0,2019-12-23,1,0,ACTUAL,VEA-TAC,Total Actual Hourly Integrated Load,SYS_FCST_ACT_MW,3.5,63,ACTUAL,391
2019-12-23T10:00:00-00:00,2019-12-23T11:00:00-00:00,0,2019-12-23,3,0,ACTUAL,VEA-TAC,Total Actual Hourly Integrated Load,SYS_FCST_ACT_MW,3.5,65,ACTUAL,391
2019-12-24T07:00:00-00:00,2019-12-24T08:00:00-00:00,0,2019-12-23,24,0,ACTUAL,VEA-TAC,Total Actual Hourly Integrated Load,SYS_FCST_ACT_MW,3.5,70,ACTUAL,391
2019-12-24T09:00:00-00:00,2019-12-24T10:00:00-00:00,0,2019-12-24,2,0,ACTUAL,AZPS,Total Actual Hourly Integrated Load,SYS_FCST_ACT_MW,3.8,2557,ACTUAL,392
2019-12-24T11:00:00-00:00,2019-12-24T12:00:00-00:00,0,2019-12-24,4,0,ACTUAL,AZPS,Total Actual Hourly Integrated Load,SYS_FCST_ACT_MW,3.8,2600,ACTUAL,392
2019-12-25T04:00:00-00:00,2019-12-25T05:00:00-00:00,0,2019-12-24,21,0,ACTUAL,AZPS,Total Actual Hourly Integrated Load,SYS_FCST_ACT_MW,3.8,3023,ACTUAL,392
2019-12-24T15:00:00-00:00,2019-12-24T16:00:00-00:00,0,2019-12-24,8,0,ACTUAL,AZPS,Total Actual Hourly Integrated Load,SYS_FCST_ACT_MW,3.8,3164,ACTUAL,392
2019-12-25T02:00:00-00:00,2019-12-25T03:00:00-00:00,0,2019-12-24,19,0,ACTUAL,AZPS,Total Actual Hourly Integrated Load,SYS_FCST_ACT_MW,3.8,3123,ACTUAL,392
2019-12-25T06:00:00-00:00,2019-12-25T07:00:00-00:00,0,2019-12-24,23,0,ACTUAL,AZPS,Total Actual Hourly Integrated Load,SYS_FCST_ACT_MW,3.8,2780,ACTUAL,392
2019-12-24T21:00:00-00:00,2019-12-24T22:00:00-00:00,0,2019-12-24,14,0,ACTUAL,AZPS,Total Actual Hourly Integrated Load,SYS_FCST_ACT_MW,3.8,2971,ACTUAL,392
2019-12-25T03:00:00-00:00,2019-12-25T04:00:00-00:00,0,2019-12-24,20,0,ACTUAL,AZPS,Total Actual Hourly Integrated Load,SYS_FCST_ACT_MW,3.8,3080,ACTUAL,392
2019-12-25T07:00:00-00:00,2019-12-25T08:00:00-00:00,0,2019-12-24,24,0,ACTUAL,AZPS,Total Actual Hourly Integrated Load,SYS_FCST_ACT_MW,3.8,2676,ACTUAL,392
2019-12-24T08:00:00-00:00,2019-12-24T09:00:00-00:00,0,2019-12-24,1,0,ACTUAL,AZPS,Total Actual Hourly Integrated Load,SYS_FCST_ACT_MW,3.8,2613,ACTUAL,392
2019-12-24T22:00:00-00:00,2019-12-24T23:00:00-00:00,0,2019-12-24,15,0,ACTUAL,AZPS,Total Actual Hourly Integrated Load,SYS_FCST_ACT_MW,3.8,2920,ACTUAL,392
2019-12-25T01:00:00-00:00,2019-12-25T02:00:00-00:00,0,2019-12-24,18,0,ACTUAL,AZPS,Total Actual Hourly Integrated Load,SYS_FCST_ACT_MW,3.8,3235,ACTUAL,392
2019-12-24T17:00:00-00:00,2019-12-24T18:00:00-00:00,0,2019-12-24,10,0,ACTUAL,AZPS,Total Actual Hourly Integrated Load,SYS_FCST_ACT_MW,3.8,3228,ACTUAL,392
2019-12-24T20:00:00-00:00,2019-12-24T21:00:00-00:00,0,2019-12-24,13,0,ACTUAL,AZPS,Total Actual Hourly Integrated Load,SYS_FCST_ACT_MW,3.8,3060,ACTUAL,392
2019-12-24T10:00:00-00:00,2019-12-24T11:00:00-00:00,0,2019-12-24,3,0,ACTUAL,AZPS,Total Actual Hourly Integrated Load,SYS_FCST_ACT_MW,3.8,2559,ACTUAL,392
2019-12-24T13:00:00-00:00,2019-12-24T14:00:00-00:00,0,2019-12-24,6,0,ACTUAL,AZPS,Total Actual Hourly Integrated Load,SYS_FCST_ACT_MW,3.8,2906,ACTUAL,392
2019-12-24T12:00:00-00:00,2019-12-24T13:00:00-00:00,0,2019-12-24,5,0,ACTUAL,AZPS,Total Actual Hourly Integrated Load,SYS_FCST_ACT_MW,3.8,2726,ACTUAL,392
2019-12-24T14:00:00-00:00,2019-12-24T15:00:00-00:00,0,2019-12-24,7,0,ACTUAL,AZPS,Total Actual Hourly Integrated Load,SYS_FCST_ACT_MW,3.8,3052,ACTUAL,392
2019-12-24T16:00:00-00:00,2019-12-24T17:00:00-00:00,0,2019-12-24,9,0,ACTUAL,AZPS,Total Actual Hourly Integrated Load,SYS_FCST_ACT_MW,3.8,3208,ACTUAL,392
2019-12-24T18:00:00-00:00,2019-12-24T19:00:00-00:00,0,2019-12-24,11,0,ACTUAL,AZPS,Total Actual Hourly Integrated Load,SYS_FCST_ACT_MW,3.8,3219,ACTUAL,392
2019-12-24T19:00:00-00:00,2019-12-24T20:00:00-00:00,0,2019-12-24,12,0,ACTUAL,AZPS,Total Actual Hourly Integrated Load,SYS_FCST_ACT_MW,3.8,3157,ACTUAL,392
2019-12-24T23:00:00-00:00,2019-12-25T00:00:00-00:00,0,2019-12-24,16,0,ACTUAL,AZPS,Total Actual Hourly Integrated Load,SYS_FCST_ACT_MW,3.8,2999,ACTUAL,392
2019-12-25T00:00:00-00:00,2019-12-25T01:00:00-00:00,0,2019-12-24,17,0,ACTUAL,AZPS,Total Actual Hourly Integrated Load,SYS_FCST_ACT_MW,3.8,3217,ACTUAL,392
2019-12-25T05:00:00-00:00,2019-12-25T06:00:00-00:00,0,2019-12-24,22,0,ACTUAL,AZPS,Total Actual Hourly Integrated Load,SYS_FCST_ACT_MW,3.8,2919,ACTUAL,392
2019-12-24T18:00:00-00:00,2019-12-24T19:00:00-00:00,0,2019-12-24,11,0,ACTUAL,BANCSMUD,Total Actual Hourly Integrated Load,SYS_FCST_ACT_MW,3.8,1285,ACTUAL,393
2019-12-25T00:00:00-00:00,2019-12-25T01:00:00-00:00,0,2019-12-24,17,0,ACTUAL,BANCSMUD,Total Actual Hourly Integrated Load,SYS_FCST_ACT_MW,3.8,1292,ACTUAL,393
2019-12-24T11:00:00-00:00,2019-12-24T12:00:00-00:00,0,2019-12-24,4,0,ACTUAL,BANCSMUD,Total Actual Hourly Integrated Load,SYS_FCST_ACT_MW,3.8,1025,ACTUAL,393
2019-12-24T19:00:00-00:00,2019-12-24T20:00:00-00:00,0,2019-12-24,12,0,ACTUAL,BANCSMUD,Total Actual Hourly Integrated Load,SYS_FCST_ACT_MW,3.8,1273,ACTUAL,393
2019-12-24T16:00:00-00:00,2019-12-24T17:00:00-00:00,0,2019-12-24,9,0,ACTUAL,BANCSMUD,Total Actual Hourly Integrated Load,SYS_FCST_ACT_MW,3.8,1324,ACTUAL,393
2019-12-25T07:00:00-00:00,2019-12-25T08:00:00-00:00,0,2019-12-24,24,0,ACTUAL,BANCSMUD,Total Actual Hourly Integrated Load,SYS_FCST_ACT_MW,3.8,1113,ACTUAL,393
2019-12-25T05:00:00-00:00,2019-12-25T06:00:00-00:00,0,2019-12-24,22,0,ACTUAL,BANCSMUD,Total Actual Hourly Integrated Load,SYS_FCST_ACT_MW,3.8,1233,ACTUAL,393
2019-12-25T03:00:00-00:00,2019-12-25T04:00:00-00:00,0,2019-12-24,20,0,ACTUAL,BANCSMUD,Total Actual Hourly Integrated Load,SYS_FCST_ACT_MW,3.8,1283,ACTUAL,393
2019-12-24T13:00:00-00:00,2019-12-24T14:00:00-00:00,0,2019-12-24,6,0,ACTUAL,BANCSMUD,Total Actual Hourly Integrated Load,SYS_FCST_ACT_MW,3.8,1136,ACTUAL,393
2019-12-24T17:00:00-00:00,2019-12-24T18:00:00-00:00,0,2019-12-24,10,0,ACTUAL,BANCSMUD,Total Actual Hourly Integrated Load,SYS_FCST_ACT_MW,3.8,1294,ACTUAL,393
2019-12-24T14:00:00-00:00,2019-12-24T15:00:00-00:00,0,2019-12-24,7,0,ACTUAL,BANCSMUD,Total Actual Hourly Integrated Load,SYS_FCST_ACT_MW,3.8,1237,ACTUAL,393
2019-12-25T04:00:00-00:00,2019-12-25T05:00:00-00:00,0,2019-12-24,21,0,ACTUAL,BANCSMUD,Total Actual Hourly Integrated Load,SYS_FCST_ACT_MW,3.8,1262,ACTUAL,393
2019-12-24T23:00:00-00:00,2019-12-25T00:00:00-00:00,0,2019-12-24,16,0,ACTUAL,BANCSMUD,Total Actual Hourly Integrated Load,SYS_FCST_ACT_MW,3.8,1247,ACTUAL,393
2019-12-24T08:00:00-00:00,2019-12-24T09:00:00-00:00,0,2019-12-24,1,0,ACTUAL,BANCSMUD,Total Actual Hourly Integrated Load,SYS_FCST_ACT_MW,3.8,1099,ACTUAL,393
2019-12-24T15:00:00-00:00,2019-12-24T16:00:00-00:00,0,2019-12-24,8,0,ACTUAL,BANCSMUD,Total Actual Hourly Integrated Load,SYS_FCST_ACT_MW,3.8,1308,ACTUAL,393
2019-12-25T01:00:00-00:00,2019-12-25T02:00:00-00:00,0,2019-12-24,18,0,ACTUAL,BANCSMUD,Total Actual Hourly Integrated Load,SYS_FCST_ACT_MW,3.8,1359,ACTUAL,393
2019-12-24T12:00:00-00:00,2019-12-24T13:00:00-00:00,0,2019-12-24,5,0,ACTUAL,BANCSMUD,Total Actual Hourly Integrated Load,SYS_FCST_ACT_MW,3.8,1060,ACTUAL,393
2019-12-24T10:00:00-00:00,2019-12-24T11:00:00-00:00,0,2019-12-24,3,0,ACTUAL,BANCSMUD,Total Actual Hourly Integrated Load,SYS_FCST_ACT_MW,3.8,1025,ACTUAL,393
2019-12-24T09:00:00-00:00,2019-12-24T10:00:00-00:00,0,2019-12-24,2,0,ACTUAL,BANCSMUD,Total Actual Hourly Integrated Load,SYS_FCST_ACT_MW,3.8,1049,ACTUAL,393
2019-12-24T22:00:00-00:00,2019-12-24T23:00:00-00:00,0,2019-12-24,15,0,ACTUAL,BANCSMUD,Total Actual Hourly Integrated Load,SYS_FCST_ACT_MW,3.8,1236,ACTUAL,393
2019-12-24T21:00:00-00:00,2019-12-24T22:00:00-00:00,0,2019-12-24,14,0,ACTUAL,BANCSMUD,Total Actual Hourly Integrated Load,SYS_FCST_ACT_MW,3.8,1237,ACTUAL,393
2019-12-24T20:00:00-00:00,2019-12-24T21:00:00-00:00,0,2019-12-24,13,0,ACTUAL,BANCSMUD,Total Actual Hourly Integrated Load,SYS_FCST_ACT_MW,3.8,1255,ACTUAL,393
2019-12-25T06:00:00-00:00,2019-12-25T07:00:00-00:00,0,2019-12-24,23,0,ACTUAL,BANCSMUD,Total Actual Hourly Integrated Load,SYS_FCST_ACT_MW,3.8,1181,ACTUAL,393
2019-12-25T02:00:00-00:00,2019-12-25T03:00:00-00:00,0,2019-12-24,19,0,ACTUAL,BANCSMUD,Total Actual Hourly Integrated Load,SYS_FCST_ACT_MW,3.8,1320,ACTUAL,393
2019-12-24T16:00:00-00:00,2019-12-24T17:00:00-00:00,0,2019-12-24,9,0,ACTUAL,BCHA,Total Actual Hourly Integrated Load,SYS_FCST_ACT_MW,3.8,8685,ACTUAL,394
2019-12-24T17:00:00-00:00,2019-12-24T18:00:00-00:00,0,2019-12-24,10,0,ACTUAL,BCHA,Total Actual Hourly Integrated Load,SYS_FCST_ACT_MW,3.8,8904,ACTUAL,394
2019-12-24T11:00:00-00:00,2019-12-24T12:00:00-00:00,0,2019-12-24,4,0,ACTUAL,BCHA,Total Actual Hourly Integrated Load,SYS_FCST_ACT_MW,3.8,6956,ACTUAL,394
2019-12-25T01:00:00-00:00,2019-12-25T02:00:00-00:00,0,2019-12-24,18,0,ACTUAL,BCHA,Total Actual Hourly Integrated Load,SYS_FCST_ACT_MW,3.8,9048,ACTUAL,394
2019-12-24T21:00:00-00:00,2019-12-24T22:00:00-00:00,0,2019-12-24,14,0,ACTUAL,BCHA,Total Actual Hourly Integrated Load,SYS_FCST_ACT_MW,3.8,8733,ACTUAL,394
2019-12-24T15:00:00-00:00,2019-12-24T16:00:00-00:00,0,2019-12-24,8,0,ACTUAL,BCHA,Total Actual Hourly Integrated Load,SYS_FCST_ACT_MW,3.8,8310,ACTUAL,394
2019-12-24T14:00:00-00:00,2019-12-24T15:00:00-00:00,0,2019-12-24,7,0,ACTUAL,BCHA,Total Actual Hourly Integrated Load,SYS_FCST_ACT_MW,3.8,7775,ACTUAL,394
2019-12-24T19:00:00-00:00,2019-12-24T20:00:00-00:00,0,2019-12-24,12,0,ACTUAL,BCHA,Total Actual Hourly Integrated Load,SYS_FCST_ACT_MW,3.8,8940,ACTUAL,394
2019-12-24T13:00:00-00:00,2019-12-24T14:00:00-00:00,0,2019-12-24,6,0,ACTUAL,BCHA,Total Actual Hourly Integrated Load,SYS_FCST_ACT_MW,3.8,7310,ACTUAL,394
2019-12-25T07:00:00-00:00,2019-12-25T08:00:00-00:00,0,2019-12-24,24,0,ACTUAL,BCHA,Total Actual Hourly Integrated Load,SYS_FCST_ACT_MW,3.8,7371,ACTUAL,394
2019-12-25T05:00:00-00:00,2019-12-25T06:00:00-00:00,0,2019-12-24,22,0,ACTUAL,BCHA,Total Actual Hourly Integrated Load,SYS_FCST_ACT_MW,3.8,8017,ACTUAL,394
2019-12-24T18:00:00-00:00,2019-12-24T19:00:00-00:00,0,2019-12-24,11,0,ACTUAL,BCHA,Total Actual Hourly Integrated Load,SYS_FCST_ACT_MW,3.8,8968,ACTUAL,394
2019-12-24T09:00:00-00:00,2019-12-24T10:00:00-00:00,0,2019-12-24,2,0,ACTUAL,BCHA,Total Actual Hourly Integrated Load,SYS_FCST_ACT_MW,3.8,7073,ACTUAL,394
2019-12-25T02:00:00-00:00,2019-12-25T03:00:00-00:00,0,2019-12-24,19,0,ACTUAL,BCHA,Total Actual Hourly Integrated Load,SYS_FCST_ACT_MW,3.8,8666,ACTUAL,394
2019-12-24T12:00:00-00:00,2019-12-24T13:00:00-00:00,0,2019-12-24,5,0,ACTUAL,BCHA,Total Actual Hourly Integrated Load,SYS_FCST_ACT_MW,3.8,7029,ACTUAL,394
2019-12-25T06:00:00-00:00,2019-12-25T07:00:00-00:00,0,2019-12-24,23,0,ACTUAL,BCHA,Total Actual Hourly Integrated Load,SYS_FCST_ACT_MW,3.8,7725,ACTUAL,394
2019-12-25T00:00:00-00:00,2019-12-25T01:00:00-00:00,0,2019-12-24,17,0,ACTUAL,BCHA,Total Actual Hourly Integrated Load,SYS_FCST_ACT_MW,3.8,9083,ACTUAL,394
2019-12-24T22:00:00-00:00,2019-12-24T23:00:00-00:00,0,2019-12-24,15,0,ACTUAL,BCHA,Total Actual Hourly Integrated Load,SYS_FCST_ACT_MW,3.8,8693,ACTUAL,394
2019-12-24T20:00:00-00:00,2019-12-24T21:00:00-00:00,0,2019-12-24,13,0,ACTUAL,BCHA,Total Actual Hourly Integrated Load,SYS_FCST_ACT_MW,3.8,8841,ACTUAL,394
2019-12-25T04:00:00-00:00,2019-12-25T05:00:00-00:00,0,2019-12-24,21,0,ACTUAL,BCHA,Total Actual Hourly Integrated Load,SYS_FCST_ACT_MW,3.8,8194,ACTUAL,394
2019-12-25T03:00:00-00:00,2019-12-25T04:00:00-00:00,0,2019-12-24,20,0,ACTUAL,BCHA,Total Actual Hourly Integrated Load,SYS_FCST_ACT_MW,3.8,8380,ACTUAL,394
2019-12-24T23:00:00-00:00,2019-12-25T00:00:00-00:00,0,2019-12-24,16,0,ACTUAL,BCHA,Total Actual Hourly Integrated Load,SYS_FCST_ACT_MW,3.8,8772,ACTUAL,394
2019-12-24T10:00:00-00:00,2019-12-24T11:00:00-00:00,0,2019-12-24,3,0,ACTUAL,BCHA,Total Actual Hourly Integrated Load,SYS_FCST_ACT_MW,3.8,6966,ACTUAL,394
2019-12-24T08:00:00-00:00,2019-12-24T09:00:00-00:00,0,2019-12-24,1,0,ACTUAL,BCHA,Total Actual Hourly Integrated Load,SYS_FCST_ACT_MW,3.8,7278,ACTUAL,394
2019-12-24T10:00:00-00:00,2019-12-24T11:00:00-00:00,0,2019-12-24,3,0,ACTUAL,CA ISO-TAC,Total Actual Hourly Integrated Load,SYS_FCST_ACT_MW,3,20986,ACTUAL,395
2019-12-25T07:00:00-00:00,2019-12-25T08:00:00-00:00,0,2019-12-24,24,0,ACTUAL,CA ISO-TAC,Total Actual Hourly Integrated Load,SYS_FCST_ACT_MW,3,22443,ACTUAL,395
2019-12-24T14:00:00-00:00,2019-12-24T15:00:00-00:00,0,2019-12-24,7,0,ACTUAL,CA ISO-TAC,Total Actual Hourly Integrated Load,SYS_FCST_ACT_MW,3,23696,ACTUAL,395
2019-12-24T18:00:00-00:00,2019-12-24T19:00:00-00:00,0,2019-12-24,11,0,ACTUAL,CA ISO-TAC,Total Actual Hourly Integrated Load,SYS_FCST_ACT_MW,3,23406,ACTUAL,395
2019-12-25T04:00:00-00:00,2019-12-25T05:00:00-00:00,0,2019-12-24,21,0,ACTUAL,CA ISO-TAC,Total Actual Hourly Integrated Load,SYS_FCST_ACT_MW,3,25204,ACTUAL,395
2019-12-24T08:00:00-00:00,2019-12-24T09:00:00-00:00,0,2019-12-24,1,0,ACTUAL,CA ISO-TAC,Total Actual Hourly Integrated Load,SYS_FCST_ACT_MW,3,22264,ACTUAL,395
2019-12-24T09:00:00-00:00,2019-12-24T10:00:00-00:00,0,2019-12-24,2,0,ACTUAL,CA ISO-TAC,Total Actual Hourly Integrated Load,SYS_FCST_ACT_MW,3,21349,ACTUAL,395
2019-12-24T16:00:00-00:00,2019-12-24T17:00:00-00:00,0,2019-12-24,9,0,ACTUAL,CA ISO-TAC,Total Actual Hourly Integrated Load,SYS_FCST_ACT_MW,3,24563,ACTUAL,395
2019-12-24T17:00:00-00:00,2019-12-24T18:00:00-00:00,0,2019-12-24,10,0,ACTUAL,CA ISO-TAC,Total Actual Hourly Integrated Load,SYS_FCST_ACT_MW,3,23854,ACTUAL,395
2019-12-24T23:00:00-00:00,2019-12-25T00:00:00-00:00,0,2019-12-24,16,0,ACTUAL,CA ISO-TAC,Total Actual Hourly Integrated Load,SYS_FCST_ACT_MW,3,23954,ACTUAL,395
2019-12-25T00:00:00-00:00,2019-12-25T01:00:00-00:00,0,2019-12-24,17,0,ACTUAL,CA ISO-TAC,Total Actual Hourly Integrated Load,SYS_FCST_ACT_MW,3,25273,ACTUAL,395
2019-12-25T02:00:00-00:00,2019-12-25T03:00:00-00:00,0,2019-12-24,19,0,ACTUAL,CA ISO-TAC,Total Actual Hourly Integrated Load,SYS_FCST_ACT_MW,3,26525,ACTUAL,395
2019-12-25T03:00:00-00:00,2019-12-25T04:00:00-00:00,0,2019-12-24,20,0,ACTUAL,CA ISO-TAC,Total Actual Hourly Integrated Load,SYS_FCST_ACT_MW,3,25770,ACTUAL,395
2019-12-24T19:00:00-00:00,2019-12-24T20:00:00-00:00,0,2019-12-24,12,0,ACTUAL,CA ISO-TAC,Total Actual Hourly Integrated Load,SYS_FCST_ACT_MW,3,23028,ACTUAL,395
2019-12-24T20:00:00-00:00,2019-12-24T21:00:00-00:00,0,2019-12-24,13,0,ACTUAL,CA ISO-TAC,Total Actual Hourly Integrated Load,SYS_FCST_ACT_MW,3,22971,ACTUAL,395
2019-12-24T21:00:00-00:00,2019-12-24T22:00:00-00:00,0,2019-12-24,14,0,ACTUAL,CA ISO-TAC,Total Actual Hourly Integrated Load,SYS_FCST_ACT_MW,3,23293,ACTUAL,395
2019-12-24T22:00:00-00:00,2019-12-24T23:00:00-00:00,0,2019-12-24,15,0,ACTUAL,CA ISO-TAC,Total Actual Hourly Integrated Load,SYS_FCST_ACT_MW,3,23325,ACTUAL,395
2019-12-25T05:00:00-00:00,2019-12-25T06:00:00-00:00,0,2019-12-24,22,0,ACTUAL,CA ISO-TAC,Total Actual Hourly Integrated Load,SYS_FCST_ACT_MW,3,24656,ACTUAL,395
2019-12-24T12:00:00-00:00,2019-12-24T13:00:00-00:00,0,2019-12-24,5,0,ACTUAL,CA ISO-TAC,Total Actual Hourly Integrated Load,SYS_FCST_ACT_MW,3,21216,ACTUAL,395
2019-12-25T06:00:00-00:00,2019-12-25T07:00:00-00:00,0,2019-12-24,23,0,ACTUAL,CA ISO-TAC,Total Actual Hourly Integrated Load,SYS_FCST_ACT_MW,3,23689,ACTUAL,395
2019-12-24T13:00:00-00:00,2019-12-24T14:00:00-00:00,0,2019-12-24,6,0,ACTUAL,CA ISO-TAC,Total Actual Hourly Integrated Load,SYS_FCST_ACT_MW,3,22217,ACTUAL,395
2019-12-24T15:00:00-00:00,2019-12-24T16:00:00-00:00,0,2019-12-24,8,0,ACTUAL,CA ISO-TAC,Total Actual Hourly Integrated Load,SYS_FCST_ACT_MW,3,24589,ACTUAL,395
2019-12-25T01:00:00-00:00,2019-12-25T02:00:00-00:00,0,2019-12-24,18,0,ACTUAL,CA ISO-TAC,Total Actual Hourly Integrated Load,SYS_FCST_ACT_MW,3,27070,ACTUAL,395
2019-12-24T11:00:00-00:00,2019-12-24T12:00:00-00:00,0,2019-12-24,4,0,ACTUAL,CA ISO-TAC,Total Actual Hourly Integrated Load,SYS_FCST_ACT_MW,3,20879,ACTUAL,395
2019-12-24T22:00:00-00:00,2019-12-24T23:00:00-00:00,0,2019-12-24,15,0,ACTUAL,IPCO,Total Actual Hourly Integrated Load,SYS_FCST_ACT_MW,3.8,1808,ACTUAL,396
2019-12-24T11:00:00-00:00,2019-12-24T12:00:00-00:00,0,2019-12-24,4,0,ACTUAL,IPCO,Total Actual Hourly Integrated Load,SYS_FCST_ACT_MW,3.8,1615,ACTUAL,396
2019-12-24T20:00:00-00:00,2019-12-24T21:00:00-00:00,0,2019-12-24,13,0,ACTUAL,IPCO,Total Actual Hourly Integrated Load,SYS_FCST_ACT_MW,3.8,1867,ACTUAL,396
2019-12-24T10:00:00-00:00,2019-12-24T11:00:00-00:00,0,2019-12-24,3,0,ACTUAL,IPCO,Total Actual Hourly Integrated Load,SYS_FCST_ACT_MW,3.8,1579,ACTUAL,396
2019-12-25T04:00:00-00:00,2019-12-25T05:00:00-00:00,0,2019-12-24,21,0,ACTUAL,IPCO,Total Actual Hourly Integrated Load,SYS_FCST_ACT_MW,3.8,1851,ACTUAL,396
2019-12-24T12:00:00-00:00,2019-12-24T13:00:00-00:00,0,2019-12-24,5,0,ACTUAL,IPCO,Total Actual Hourly Integrated Load,SYS_FCST_ACT_MW,3.8,1696,ACTUAL,396
2019-12-24T13:00:00-00:00,2019-12-24T14:00:00-00:00,0,2019-12-24,6,0,ACTUAL,IPCO,Total Actual Hourly Integrated Load,SYS_FCST_ACT_MW,3.8,1808,ACTUAL,396
2019-12-24T16:00:00-00:00,2019-12-24T17:00:00-00:00,0,2019-12-24,9,0,ACTUAL,IPCO,Total Actual Hourly Integrated Load,SYS_FCST_ACT_MW,3.8,2026,ACTUAL,396
2019-12-24T18:00:00-00:00,2019-12-24T19:00:00-00:00,0,2019-12-24,11,0,ACTUAL,IPCO,Total Actual Hourly Integrated Load,SYS_FCST_ACT_MW,3.8,2000,ACTUAL,396
2019-12-24T21:00:00-00:00,2019-12-24T22:00:00-00:00,0,2019-12-24,14,0,ACTUAL,IPCO,Total Actual Hourly Integrated Load,SYS_FCST_ACT_MW,3.8,1829,ACTUAL,396
2019-12-25T07:00:00-00:00,2019-12-25T08:00:00-00:00,0,2019-12-24,24,0,ACTUAL,IPCO,Total Actual Hourly Integrated Load,SYS_FCST_ACT_MW,3.8,1688,ACTUAL,396
2019-12-24T14:00:00-00:00,2019-12-24T15:00:00-00:00,0,2019-12-24,7,0,ACTUAL,IPCO,Total Actual Hourly Integrated Load,SYS_FCST_ACT_MW,3.8,1910,ACTUAL,396
2019-12-24T23:00:00-00:00,2019-12-25T00:00:00-00:00,0,2019-12-24,16,0,ACTUAL,IPCO,Total Actual Hourly Integrated Load,SYS_FCST_ACT_MW,3.8,1845,ACTUAL,396
2019-12-24T19:00:00-00:00,2019-12-24T20:00:00-00:00,0,2019-12-24,12,0,ACTUAL,IPCO,Total Actual Hourly Integrated Load,SYS_FCST_ACT_MW,3.8,1923,ACTUAL,396
2019-12-25T00:00:00-00:00,2019-12-25T01:00:00-00:00,0,2019-12-24,17,0,ACTUAL,IPCO,Total Actual Hourly Integrated Load,SYS_FCST_ACT_MW,3.8,1927,ACTUAL,396
2019-12-25T02:00:00-00:00,2019-12-25T03:00:00-00:00,0,2019-12-24,19,0,ACTUAL,IPCO,Total Actual Hourly Integrated Load,SYS_FCST_ACT_MW,3.8,1883,ACTUAL,396
2019-12-25T03:00:00-00:00,2019-12-25T04:00:00-00:00,0,2019-12-24,20,0,ACTUAL,IPCO,Total Actual Hourly Integrated Load,SYS_FCST_ACT_MW,3.8,1869,ACTUAL,396
2019-12-25T06:00:00-00:00,2019-12-25T07:00:00-00:00,0,2019-12-24,23,0,ACTUAL,IPCO,Total Actual Hourly Integrated Load,SYS_FCST_ACT_MW,3.8,1740,ACTUAL,396
2019-12-24T09:00:00-00:00,2019-12-24T10:00:00-00:00,0,2019-12-24,2,0,ACTUAL,IPCO,Total Actual Hourly Integrated Load,SYS_FCST_ACT_MW,3.8,1569,ACTUAL,396
2019-12-24T15:00:00-00:00,2019-12-24T16:00:00-00:00,0,2019-12-24,8,0,ACTUAL,IPCO,Total Actual Hourly Integrated Load,SYS_FCST_ACT_MW,3.8,1986,ACTUAL,396
2019-12-24T17:00:00-00:00,2019-12-24T18:00:00-00:00,0,2019-12-24,10,0,ACTUAL,IPCO,Total Actual Hourly Integrated Load,SYS_FCST_ACT_MW,3.8,2037,ACTUAL,396
2019-12-25T05:00:00-00:00,2019-12-25T06:00:00-00:00,0,2019-12-24,22,0,ACTUAL,IPCO,Total Actual Hourly Integrated Load,SYS_FCST_ACT_MW,3.8,1806,ACTUAL,396
2019-12-24T08:00:00-00:00,2019-12-24T09:00:00-00:00,0,2019-12-24,1,0,ACTUAL,IPCO,Total Actual Hourly Integrated Load,SYS_FCST_ACT_MW,3.8,1585,ACTUAL,396
2019-12-25T01:00:00-00:00,2019-12-25T02:00:00-00:00,0,2019-12-24,18,0,ACTUAL,IPCO,Total Actual Hourly Integrated Load,SYS_FCST_ACT_MW,3.8,1919,ACTUAL,396
2019-12-24T20:00:00-00:00,2019-12-24T21:00:00-00:00,0,2019-12-24,13,0,ACTUAL,MWD-TAC,Total Actual Hourly Integrated Load,SYS_FCST_ACT_MW,3.3,131,ACTUAL,397
2019-12-24T08:00:00-00:00,2019-12-24T09:00:00-00:00,0,2019-12-24,1,0,ACTUAL,MWD-TAC,Total Actual Hourly Integrated Load,SYS_FCST_ACT_MW,3.3,133,ACTUAL,397
2019-12-24T15:00:00-00:00,2019-12-24T16:00:00-00:00,0,2019-12-24,8,0,ACTUAL,MWD-TAC,Total Actual Hourly Integrated Load,SYS_FCST_ACT_MW,3.3,130,ACTUAL,397
2019-12-24T22:00:00-00:00,2019-12-24T23:00:00-00:00,0,2019-12-24,15,0,ACTUAL,MWD-TAC,Total Actual Hourly Integrated Load,SYS_FCST_ACT_MW,3.3,127,ACTUAL,397
2019-12-25T05:00:00-00:00,2019-12-25T06:00:00-00:00,0,2019-12-24,22,0,ACTUAL,MWD-TAC,Total Actual Hourly Integrated Load,SYS_FCST_ACT_MW,3.3,125,ACTUAL,397
2019-12-24T11:00:00-00:00,2019-12-24T12:00:00-00:00,0,2019-12-24,4,0,ACTUAL,MWD-TAC,Total Actual Hourly Integrated Load,SYS_FCST_ACT_MW,3.3,130,ACTUAL,397
2019-12-24T16:00:00-00:00,2019-12-24T17:00:00-00:00,0,2019-12-24,9,0,ACTUAL,MWD-TAC,Total Actual Hourly Integrated Load,SYS_FCST_ACT_MW,3.3,125,ACTUAL,397
2019-12-24T17:00:00-00:00,2019-12-24T18:00:00-00:00,0,2019-12-24,10,0,ACTUAL,MWD-TAC,Total Actual Hourly Integrated Load,SYS_FCST_ACT_MW,3.3,128,ACTUAL,397
2019-12-24T19:00:00-00:00,2019-12-24T20:00:00-00:00,0,2019-12-24,12,0,ACTUAL,MWD-TAC,Total Actual Hourly Integrated Load,SYS_FCST_ACT_MW,3.3,128,ACTUAL,397
2019-12-25T04:00:00-00:00,2019-12-25T05:00:00-00:00,0,2019-12-24,21,0,ACTUAL,MWD-TAC,Total Actual Hourly Integrated Load,SYS_FCST_ACT_MW,3.3,127,ACTUAL,397
2019-12-24T09:00:00-00:00,2019-12-24T10:00:00-00:00,0,2019-12-24,2,0,ACTUAL,MWD-TAC,Total Actual Hourly Integrated Load,SYS_FCST_ACT_MW,3.3,137,ACTUAL,397
2019-12-24T13:00:00-00:00,2019-12-24T14:00:00-00:00,0,2019-12-24,6,0,ACTUAL,MWD-TAC,Total Actual Hourly Integrated Load,SYS_FCST_ACT_MW,3.3,132,ACTUAL,397
2019-12-25T07:00:00-00:00,2019-12-25T08:00:00-00:00,0,2019-12-24,24,0,ACTUAL,MWD-TAC,Total Actual Hourly Integrated Load,SYS_FCST_ACT_MW,3.3,120,ACTUAL,397
2019-12-24T10:00:00-00:00,2019-12-24T11:00:00-00:00,0,2019-12-24,3,0,ACTUAL,MWD-TAC,Total Actual Hourly Integrated Load,SYS_FCST_ACT_MW,3.3,136,ACTUAL,397
2019-12-24T18:00:00-00:00,2019-12-24T19:00:00-00:00,0,2019-12-24,11,0,ACTUAL,MWD-TAC,Total Actual Hourly Integrated Load,SYS_FCST_ACT_MW,3.3,128,ACTUAL,397
2019-12-25T00:00:00-00:00,2019-12-25T01:00:00-00:00,0,2019-12-24,17,0,ACTUAL,MWD-TAC,Total Actual Hourly Integrated Load,SYS_FCST_ACT_MW,3.3,125,ACTUAL,397
2019-12-25T03:00:00-00:00,2019-12-25T04:00:00-00:00,0,2019-12-24,20,0,ACTUAL,MWD-TAC,Total Actual Hourly Integrated Load,SYS_FCST_ACT_MW,3.3,126,ACTUAL,397
2019-12-25T06:00:00-00:00,2019-12-25T07:00:00-00:00,0,2019-12-24,23,0,ACTUAL,MWD-TAC,Total Actual Hourly Integrated Load,SYS_FCST_ACT_MW,3.3,116,ACTUAL,397
2019-12-24T14:00:00-00:00,2019-12-24T15:00:00-00:00,0,2019-12-24,7,0,ACTUAL,MWD-TAC,Total Actual Hourly Integrated Load,SYS_FCST_ACT_MW,3.3,130,ACTUAL,397
2019-12-24T12:00:00-00:00,2019-12-24T13:00:00-00:00,0,2019-12-24,5,0,ACTUAL,MWD-TAC,Total Actual Hourly Integrated Load,SYS_FCST_ACT_MW,3.3,131,ACTUAL,397
2019-12-24T23:00:00-00:00,2019-12-25T00:00:00-00:00,0,2019-12-24,16,0,ACTUAL,MWD-TAC,Total Actual Hourly Integrated Load,SYS_FCST_ACT_MW,3.3,122,ACTUAL,397
2019-12-25T01:00:00-00:00,2019-12-25T02:00:00-00:00,0,2019-12-24,18,0,ACTUAL,MWD-TAC,Total Actual Hourly Integrated Load,SYS_FCST_ACT_MW,3.3,125,ACTUAL,397
2019-12-25T02:00:00-00:00,2019-12-25T03:00:00-00:00,0,2019-12-24,19,0,ACTUAL,MWD-TAC,Total Actual Hourly Integrated Load,SYS_FCST_ACT_MW,3.3,124,ACTUAL,397
2019-12-24T21:00:00-00:00,2019-12-24T22:00:00-00:00,0,2019-12-24,14,0,ACTUAL,MWD-TAC,Total Actual Hourly Integrated Load,SYS_FCST_ACT_MW,3.3,127,ACTUAL,397
2019-12-24T14:00:00-00:00,2019-12-24T15:00:00-00:00,0,2019-12-24,7,0,ACTUAL,NEVP,Total Actual Hourly Integrated Load,SYS_FCST_ACT_MW,3.8,3819,ACTUAL,398
2019-12-24T11:00:00-00:00,2019-12-24T12:00:00-00:00,0,2019-12-24,4,0,ACTUAL,NEVP,Total Actual Hourly Integrated Load,SYS_FCST_ACT_MW,3.8,3535,ACTUAL,398
2019-12-24T21:00:00-00:00,2019-12-24T22:00:00-00:00,0,2019-12-24,14,0,ACTUAL,NEVP,Total Actual Hourly Integrated Load,SYS_FCST_ACT_MW,3.8,3706,ACTUAL,398
2019-12-24T23:00:00-00:00,2019-12-25T00:00:00-00:00,0,2019-12-24,16,0,ACTUAL,NEVP,Total Actual Hourly Integrated Load,SYS_FCST_ACT_MW,3.8,3821,ACTUAL,398
2019-12-25T04:00:00-00:00,2019-12-25T05:00:00-00:00,0,2019-12-24,21,0,ACTUAL,NEVP,Total Actual Hourly Integrated Load,SYS_FCST_ACT_MW,3.8,4067,ACTUAL,398
2019-12-24T09:00:00-00:00,2019-12-24T10:00:00-00:00,0,2019-12-24,2,0,ACTUAL,NEVP,Total Actual Hourly Integrated Load,SYS_FCST_ACT_MW,3.8,3604,ACTUAL,398
2019-12-25T00:00:00-00:00,2019-12-25T01:00:00-00:00,0,2019-12-24,17,0,ACTUAL,NEVP,Total Actual Hourly Integrated Load,SYS_FCST_ACT_MW,3.8,4064,ACTUAL,398
2019-12-25T06:00:00-00:00,2019-12-25T07:00:00-00:00,0,2019-12-24,23,0,ACTUAL,NEVP,Total Actual Hourly Integrated Load,SYS_FCST_ACT_MW,3.8,3905,ACTUAL,398
2019-12-25T03:00:00-00:00,2019-12-25T04:00:00-00:00,0,2019-12-24,20,0,ACTUAL,NEVP,Total Actual Hourly Integrated Load,SYS_FCST_ACT_MW,3.8,4115,ACTUAL,398
2019-12-25T07:00:00-00:00,2019-12-25T08:00:00-00:00,0,2019-12-24,24,0,ACTUAL,NEVP,Total Actual Hourly Integrated Load,SYS_FCST_ACT_MW,3.8,3787,ACTUAL,398
2019-12-24T08:00:00-00:00,2019-12-24T09:00:00-00:00,0,2019-12-24,1,0,ACTUAL,NEVP,Total Actual Hourly Integrated Load,SYS_FCST_ACT_MW,3.8,3701,ACTUAL,398
2019-12-24T10:00:00-00:00,2019-12-24T11:00:00-00:00,0,2019-12-24,3,0,ACTUAL,NEVP,Total Actual Hourly Integrated Load,SYS_FCST_ACT_MW,3.8,3545,ACTUAL,398
2019-12-24T19:00:00-00:00,2019-12-24T20:00:00-00:00,0,2019-12-24,12,0,ACTUAL,NEVP,Total Actual Hourly Integrated Load,SYS_FCST_ACT_MW,3.8,3868,ACTUAL,398
2019-12-24T22:00:00-00:00,2019-12-24T23:00:00-00:00,0,2019-12-24,15,0,ACTUAL,NEVP,Total Actual Hourly Integrated Load,SYS_FCST_ACT_MW,3.8,3718,ACTUAL,398
2019-12-24T15:00:00-00:00,2019-12-24T16:00:00-00:00,0,2019-12-24,8,0,ACTUAL,NEVP,Total Actual Hourly Integrated Load,SYS_FCST_ACT_MW,3.8,3859,ACTUAL,398
2019-12-24T16:00:00-00:00,2019-12-24T17:00:00-00:00,0,2019-12-24,9,0,ACTUAL,NEVP,Total Actual Hourly Integrated Load,SYS_FCST_ACT_MW,3.8,3926,ACTUAL,398
2019-12-24T17:00:00-00:00,2019-12-24T18:00:00-00:00,0,2019-12-24,10,0,ACTUAL,NEVP,Total Actual Hourly Integrated Load,SYS_FCST_ACT_MW,3.8,3983,ACTUAL,398
2019-12-24T12:00:00-00:00,2019-12-24T13:00:00-00:00,0,2019-12-24,5,0,ACTUAL,NEVP,Total Actual Hourly Integrated Load,SYS_FCST_ACT_MW,3.8,3580,ACTUAL,398
2019-12-24T13:00:00-00:00,2019-12-24T14:00:00-00:00,0,2019-12-24,6,0,ACTUAL,NEVP,Total Actual Hourly Integrated Load,SYS_FCST_ACT_MW,3.8,3687,ACTUAL,398
2019-12-24T20:00:00-00:00,2019-12-24T21:00:00-00:00,0,2019-12-24,13,0,ACTUAL,NEVP,Total Actual Hourly Integrated Load,SYS_FCST_ACT_MW,3.8,3765,ACTUAL,398
2019-12-25T01:00:00-00:00,2019-12-25T02:00:00-00:00,0,2019-12-24,18,0,ACTUAL,NEVP,Total Actual Hourly Integrated Load,SYS_FCST_ACT_MW,3.8,4243,ACTUAL,398
2019-12-25T02:00:00-00:00,2019-12-25T03:00:00-00:00,0,2019-12-24,19,0,ACTUAL,NEVP,Total Actual Hourly Integrated Load,SYS_FCST_ACT_MW,3.8,4182,ACTUAL,398
2019-12-25T05:00:00-00:00,2019-12-25T06:00:00-00:00,0,2019-12-24,22,0,ACTUAL,NEVP,Total Actual Hourly Integrated Load,SYS_FCST_ACT_MW,3.8,3994,ACTUAL,398
2019-12-24T18:00:00-00:00,2019-12-24T19:00:00-00:00,0,2019-12-24,11,0,ACTUAL,NEVP,Total Actual Hourly Integrated Load,SYS_FCST_ACT_MW,3.8,3987,ACTUAL,398
2019-12-24T22:00:00-00:00,2019-12-24T23:00:00-00:00,0,2019-12-24,15,0,ACTUAL,PACE,Total Actual Hourly Integrated Load,SYS_FCST_ACT_MW,3.8,5319,ACTUAL,399
2019-12-25T05:00:00-00:00,2019-12-25T06:00:00-00:00,0,2019-12-24,22,0,ACTUAL,PACE,Total Actual Hourly Integrated Load,SYS_FCST_ACT_MW,3.8,5135,ACTUAL,399
2019-12-24T20:00:00-00:00,2019-12-24T21:00:00-00:00,0,2019-12-24,13,0,ACTUAL,PACE,Total Actual Hourly Integrated Load,SYS_FCST_ACT_MW,3.8,5297,ACTUAL,399
2019-12-24T10:00:00-00:00,2019-12-24T11:00:00-00:00,0,2019-12-24,3,0,ACTUAL,PACE,Total Actual Hourly Integrated Load,SYS_FCST_ACT_MW,3.8,4682,ACTUAL,399
2019-12-24T12:00:00-00:00,2019-12-24T13:00:00-00:00,0,2019-12-24,5,0,ACTUAL,PACE,Total Actual Hourly Integrated Load,SYS_FCST_ACT_MW,3.8,4871,ACTUAL,399
2019-12-24T08:00:00-00:00,2019-12-24T09:00:00-00:00,0,2019-12-24,1,0,ACTUAL,PACE,Total Actual Hourly Integrated Load,SYS_FCST_ACT_MW,3.8,4751,ACTUAL,399
2019-12-24T17:00:00-00:00,2019-12-24T18:00:00-00:00,0,2019-12-24,10,0,ACTUAL,PACE,Total Actual Hourly Integrated Load,SYS_FCST_ACT_MW,3.8,5395,ACTUAL,399
2019-12-25T07:00:00-00:00,2019-12-25T08:00:00-00:00,0,2019-12-24,24,0,ACTUAL,PACE,Total Actual Hourly Integrated Load,SYS_FCST_ACT_MW,3.8,4783,ACTUAL,399
2019-12-25T03:00:00-00:00,2019-12-25T04:00:00-00:00,0,2019-12-24,20,0,ACTUAL,PACE,Total Actual Hourly Integrated Load,SYS_FCST_ACT_MW,3.8,5355,ACTUAL,399
2019-12-24T14:00:00-00:00,2019-12-24T15:00:00-00:00,0,2019-12-24,7,0,ACTUAL,PACE,Total Actual Hourly Integrated Load,SYS_FCST_ACT_MW,3.8,5257,ACTUAL,399
2019-12-24T21:00:00-00:00,2019-12-24T22:00:00-00:00,0,2019-12-24,14,0,ACTUAL,PACE,Total Actual Hourly Integrated Load,SYS_FCST_ACT_MW,3.8,5279,ACTUAL,399
2019-12-25T06:00:00-00:00,2019-12-25T07:00:00-00:00,0,2019-12-24,23,0,ACTUAL,PACE,Total Actual Hourly Integrated Load,SYS_FCST_ACT_MW,3.8,4953,ACTUAL,399
2019-12-25T04:00:00-00:00,2019-12-25T05:00:00-00:00,0,2019-12-24,21,0,ACTUAL,PACE,Total Actual Hourly Integrated Load,SYS_FCST_ACT_MW,3.8,5267,ACTUAL,399
2019-12-25T02:00:00-00:00,2019-12-25T03:00:00-00:00,0,2019-12-24,19,0,ACTUAL,PACE,Total Actual Hourly Integrated Load,SYS_FCST_ACT_MW,3.8,5402,ACTUAL,399
2019-12-25T00:00:00-00:00,2019-12-25T01:00:00-00:00,0,2019-12-24,17,0,ACTUAL,PACE,Total Actual Hourly Integrated Load,SYS_FCST_ACT_MW,3.8,5625,ACTUAL,399
2019-12-24T16:00:00-00:00,2019-12-24T17:00:00-00:00,0,2019-12-24,9,0,ACTUAL,PACE,Total Actual Hourly Integrated Load,SYS_FCST_ACT_MW,3.8,5425,ACTUAL,399
2019-12-24T19:00:00-00:00,2019-12-24T20:00:00-00:00,0,2019-12-24,12,0,ACTUAL,PACE,Total Actual Hourly Integrated Load,SYS_FCST_ACT_MW,3.8,5298,ACTUAL,399
2019-12-24T15:00:00-00:00,2019-12-24T16:00:00-00:00,0,2019-12-24,8,0,ACTUAL,PACE,Total Actual Hourly Integrated Load,SYS_FCST_ACT_MW,3.8,5368,ACTUAL,399
2019-12-24T11:00:00-00:00,2019-12-24T12:00:00-00:00,0,2019-12-24,4,0,ACTUAL,PACE,Total Actual Hourly Integrated Load,SYS_FCST_ACT_MW,3.8,4731,ACTUAL,399
2019-12-24T09:00:00-00:00,2019-12-24T10:00:00-00:00,0,2019-12-24,2,0,ACTUAL,PACE,Total Actual Hourly Integrated Load,SYS_FCST_ACT_MW,3.8,4694,ACTUAL,399
2019-12-25T01:00:00-00:00,2019-12-25T02:00:00-00:00,0,2019-12-24,18,0,ACTUAL,PACE,Total Actual Hourly Integrated Load,SYS_FCST_ACT_MW,3.8,5518,ACTUAL,399
2019-12-24T18:00:00-00:00,2019-12-24T19:00:00-00:00,0,2019-12-24,11,0,ACTUAL,PACE,Total Actual Hourly Integrated Load,SYS_FCST_ACT_MW,3.8,5334,ACTUAL,399
2019-12-24T13:00:00-00:00,2019-12-24T14:00:00-00:00,0,2019-12-24,6,0,ACTUAL,PACE,Total Actual Hourly Integrated Load,SYS_FCST_ACT_MW,3.8,5060,ACTUAL,399
2019-12-24T23:00:00-00:00,2019-12-25T00:00:00-00:00,0,2019-12-24,16,0,ACTUAL,PACE,Total Actual Hourly Integrated Load,SYS_FCST_ACT_MW,3.8,5447,ACTUAL,399
2019-12-25T05:00:00-00:00,2019-12-25T06:00:00-00:00,0,2019-12-24,22,0,ACTUAL,PACW,Total Actual Hourly Integrated Load,SYS_FCST_ACT_MW,3.8,2501,ACTUAL,400
2019-12-24T15:00:00-00:00,2019-12-24T16:00:00-00:00,0,2019-12-24,8,0,ACTUAL,PACW,Total Actual Hourly Integrated Load,SYS_FCST_ACT_MW,3.8,2898,ACTUAL,400
2019-12-24T13:00:00-00:00,2019-12-24T14:00:00-00:00,0,2019-12-24,6,0,ACTUAL,PACW,Total Actual Hourly Integrated Load,SYS_FCST_ACT_MW,3.8,2520,ACTUAL,400
2019-12-24T12:00:00-00:00,2019-12-24T13:00:00-00:00,0,2019-12-24,5,0,ACTUAL,PACW,Total Actual Hourly Integrated Load,SYS_FCST_ACT_MW,3.8,2361,ACTUAL,400
2019-12-24T11:00:00-00:00,2019-12-24T12:00:00-00:00,0,2019-12-24,4,0,ACTUAL,PACW,Total Actual Hourly Integrated Load,SYS_FCST_ACT_MW,3.8,2287,ACTUAL,400
2019-12-24T08:00:00-00:00,2019-12-24T09:00:00-00:00,0,2019-12-24,1,0,ACTUAL,PACW,Total Actual Hourly Integrated Load,SYS_FCST_ACT_MW,3.8,2311,ACTUAL,400
2019-12-24T20:00:00-00:00,2019-12-24T21:00:00-00:00,0,2019-12-24,13,0,ACTUAL,PACW,Total Actual Hourly Integrated Load,SYS_FCST_ACT_MW,3.8,2735,ACTUAL,400
2019-12-24T17:00:00-00:00,2019-12-24T18:00:00-00:00,0,2019-12-24,10,0,ACTUAL,PACW,Total Actual Hourly Integrated Load,SYS_FCST_ACT_MW,3.8,3012,ACTUAL,400
2019-12-24T16:00:00-00:00,2019-12-24T17:00:00-00:00,0,2019-12-24,9,0,ACTUAL,PACW,Total Actual Hourly Integrated Load,SYS_FCST_ACT_MW,3.8,2990,ACTUAL,400
2019-12-25T01:00:00-00:00,2019-12-25T02:00:00-00:00,0,2019-12-24,18,0,ACTUAL,PACW,Total Actual Hourly Integrated Load,SYS_FCST_ACT_MW,3.8,2759,ACTUAL,400
2019-12-24T18:00:00-00:00,2019-12-24T19:00:00-00:00,0,2019-12-24,11,0,ACTUAL,PACW,Total Actual Hourly Integrated Load,SYS_FCST_ACT_MW,3.8,2967,ACTUAL,400
2019-12-25T06:00:00-00:00,2019-12-25T07:00:00-00:00,0,2019-12-24,23,0,ACTUAL,PACW,Total Actual Hourly Integrated Load,SYS_FCST_ACT_MW,3.8,2404,ACTUAL,400
2019-12-25T07:00:00-00:00,2019-12-25T08:00:00-00:00,0,2019-12-24,24,0,ACTUAL,PACW,Total Actual Hourly Integrated Load,SYS_FCST_ACT_MW,3.8,2293,ACTUAL,400
2019-12-25T03:00:00-00:00,2019-12-25T04:00:00-00:00,0,2019-12-24,20,0,ACTUAL,PACW,Total Actual Hourly Integrated Load,SYS_FCST_ACT_MW,3.8,2604,ACTUAL,400
2019-12-25T02:00:00-00:00,2019-12-25T03:00:00-00:00,0,2019-12-24,19,0,ACTUAL,PACW,Total Actual Hourly Integrated Load,SYS_FCST_ACT_MW,3.8,2672,ACTUAL,400
2019-12-24T22:00:00-00:00,2019-12-24T23:00:00-00:00,0,2019-12-24,15,0,ACTUAL,PACW,Total Actual Hourly Integrated Load,SYS_FCST_ACT_MW,3.8,2612,ACTUAL,400
2019-12-24T21:00:00-00:00,2019-12-24T22:00:00-00:00,0,2019-12-24,14,0,ACTUAL,PACW,Total Actual Hourly Integrated Load,SYS_FCST_ACT_MW,3.8,2649,ACTUAL,400
2019-12-24T10:00:00-00:00,2019-12-24T11:00:00-00:00,0,2019-12-24,3,0,ACTUAL,PACW,Total Actual Hourly Integrated Load,SYS_FCST_ACT_MW,3.8,2262,ACTUAL,400
2019-12-25T00:00:00-00:00,2019-12-25T01:00:00-00:00,0,2019-12-24,17,0,ACTUAL,PACW,Total Actual Hourly Integrated Load,SYS_FCST_ACT_MW,3.8,2730,ACTUAL,400
2019-12-24T19:00:00-00:00,2019-12-24T20:00:00-00:00,0,2019-12-24,12,0,ACTUAL,PACW,Total Actual Hourly Integrated Load,SYS_FCST_ACT_MW,3.8,2869,ACTUAL,400
2019-12-24T14:00:00-00:00,2019-12-24T15:00:00-00:00,0,2019-12-24,7,0,ACTUAL,PACW,Total Actual Hourly Integrated Load,SYS_FCST_ACT_MW,3.8,2721,ACTUAL,400
2019-12-24T09:00:00-00:00,2019-12-24T10:00:00-00:00,0,2019-12-24,2,0,ACTUAL,PACW,Total Actual Hourly Integrated Load,SYS_FCST_ACT_MW,3.8,2263,ACTUAL,400
2019-12-24T23:00:00-00:00,2019-12-25T00:00:00-00:00,0,2019-12-24,16,0,ACTUAL,PACW,Total Actual Hourly Integrated Load,SYS_FCST_ACT_MW,3.8,2636,ACTUAL,400
2019-12-25T04:00:00-00:00,2019-12-25T05:00:00-00:00,0,2019-12-24,21,0,ACTUAL,PACW,Total Actual Hourly Integrated Load,SYS_FCST_ACT_MW,3.8,2561,ACTUAL,400
2019-12-24T22:00:00-00:00,2019-12-24T23:00:00-00:00,0,2019-12-24,15,0,ACTUAL,PGE,Total Actual Hourly Integrated Load,SYS_FCST_ACT_MW,3.8,2870,ACTUAL,401
2019-12-25T05:00:00-00:00,2019-12-25T06:00:00-00:00,0,2019-12-24,22,0,ACTUAL,PGE,Total Actual Hourly Integrated Load,SYS_FCST_ACT_MW,3.8,2554,ACTUAL,401
2019-12-24T20:00:00-00:00,2019-12-24T21:00:00-00:00,0,2019-12-24,13,0,ACTUAL,PGE,Total Actual Hourly Integrated Load,SYS_FCST_ACT_MW,3.8,2945,ACTUAL,401
2019-12-24T10:00:00-00:00,2019-12-24T11:00:00-00:00,0,2019-12-24,3,0,ACTUAL,PGE,Total Actual Hourly Integrated Load,SYS_FCST_ACT_MW,3.8,2087,ACTUAL,401
2019-12-24T17:00:00-00:00,2019-12-24T18:00:00-00:00,0,2019-12-24,10,0,ACTUAL,PGE,Total Actual Hourly Integrated Load,SYS_FCST_ACT_MW,3.8,2957,ACTUAL,401
2019-12-24T18:00:00-00:00,2019-12-24T19:00:00-00:00,0,2019-12-24,11,0,ACTUAL,PGE,Total Actual Hourly Integrated Load,SYS_FCST_ACT_MW,3.8,3001,ACTUAL,401
2019-12-25T01:00:00-00:00,2019-12-25T02:00:00-00:00,0,2019-12-24,18,0,ACTUAL,PGE,Total Actual Hourly Integrated Load,SYS_FCST_ACT_MW,3.8,2945,ACTUAL,401
2019-12-25T02:00:00-00:00,2019-12-25T03:00:00-00:00,0,2019-12-24,19,0,ACTUAL,PGE,Total Actual Hourly Integrated Load,SYS_FCST_ACT_MW,3.8,2826,ACTUAL,401
2019-12-24T08:00:00-00:00,2019-12-24T09:00:00-00:00,0,2019-12-24,1,0,ACTUAL,PGE,Total Actual Hourly Integrated Load,SYS_FCST_ACT_MW,3.8,2213,ACTUAL,401
2019-12-24T15:00:00-00:00,2019-12-24T16:00:00-00:00,0,2019-12-24,8,0,ACTUAL,PGE,Total Actual Hourly Integrated Load,SYS_FCST_ACT_MW,3.8,2734,ACTUAL,401
2019-12-24T12:00:00-00:00,2019-12-24T13:00:00-00:00,0,2019-12-24,5,0,ACTUAL,PGE,Total Actual Hourly Integrated Load,SYS_FCST_ACT_MW,3.8,2181,ACTUAL,401
2019-12-24T14:00:00-00:00,2019-12-24T15:00:00-00:00,0,2019-12-24,7,0,ACTUAL,PGE,Total Actual Hourly Integrated Load,SYS_FCST_ACT_MW,3.8,2562,ACTUAL,401
2019-12-25T00:00:00-00:00,2019-12-25T01:00:00-00:00,0,2019-12-24,17,0,ACTUAL,PGE,Total Actual Hourly Integrated Load,SYS_FCST_ACT_MW,3.8,2930,ACTUAL,401
2019-12-25T06:00:00-00:00,2019-12-25T07:00:00-00:00,0,2019-12-24,23,0,ACTUAL,PGE,Total Actual Hourly Integrated Load,SYS_FCST_ACT_MW,3.8,2429,ACTUAL,401
2019-12-25T03:00:00-00:00,2019-12-25T04:00:00-00:00,0,2019-12-24,20,0,ACTUAL,PGE,Total Actual Hourly Integrated Load,SYS_FCST_ACT_MW,3.8,2714,ACTUAL,401
2019-12-24T23:00:00-00:00,2019-12-25T00:00:00-00:00,0,2019-12-24,16,0,ACTUAL,PGE,Total Actual Hourly Integrated Load,SYS_FCST_ACT_MW,3.8,2865,ACTUAL,401
2019-12-24T09:00:00-00:00,2019-12-24T10:00:00-00:00,0,2019-12-24,2,0,ACTUAL,PGE,Total Actual Hourly Integrated Load,SYS_FCST_ACT_MW,3.8,2127,ACTUAL,401
2019-12-24T16:00:00-00:00,2019-12-24T17:00:00-00:00,0,2019-12-24,9,0,ACTUAL,PGE,Total Actual Hourly Integrated Load,SYS_FCST_ACT_MW,3.8,2861,ACTUAL,401
2019-12-24T19:00:00-00:00,2019-12-24T20:00:00-00:00,0,2019-12-24,12,0,ACTUAL,PGE,Total Actual Hourly Integrated Load,SYS_FCST_ACT_MW,3.8,2988,ACTUAL,401
2019-12-24T21:00:00-00:00,2019-12-24T22:00:00-00:00,0,2019-12-24,14,0,ACTUAL,PGE,Total Actual Hourly Integrated Load,SYS_FCST_ACT_MW,3.8,2910,ACTUAL,401
2019-12-25T04:00:00-00:00,2019-12-25T05:00:00-00:00,0,2019-12-24,21,0,ACTUAL,PGE,Total Actual Hourly Integrated Load,SYS_FCST_ACT_MW,3.8,2639,ACTUAL,401
2019-12-25T07:00:00-00:00,2019-12-25T08:00:00-00:00,0,2019-12-24,24,0,ACTUAL,PGE,Total Actual Hourly Integrated Load,SYS_FCST_ACT_MW,3.8,2287,ACTUAL,401
2019-12-24T11:00:00-00:00,2019-12-24T12:00:00-00:00,0,2019-12-24,4,0,ACTUAL,PGE,Total Actual Hourly Integrated Load,SYS_FCST_ACT_MW,3.8,2102,ACTUAL,401
2019-12-24T13:00:00-00:00,2019-12-24T14:00:00-00:00,0,2019-12-24,6,0,ACTUAL,PGE,Total Actual Hourly Integrated Load,SYS_FCST_ACT_MW,3.8,2345,ACTUAL,401
2019-12-24T11:00:00-00:00,2019-12-24T12:00:00-00:00,0,2019-12-24,4,0,ACTUAL,PGE-TAC,Total Actual Hourly Integrated Load,SYS_FCST_ACT_MW,3.1,9671,ACTUAL,402
2019-12-24T12:00:00-00:00,2019-12-24T13:00:00-00:00,0,2019-12-24,5,0,ACTUAL,PGE-TAC,Total Actual Hourly Integrated Load,SYS_FCST_ACT_MW,3.1,9841,ACTUAL,402
2019-12-24T15:00:00-00:00,2019-12-24T16:00:00-00:00,0,2019-12-24,8,0,ACTUAL,PGE-TAC,Total Actual Hourly Integrated Load,SYS_FCST_ACT_MW,3.1,11574,ACTUAL,402
2019-12-25T01:00:00-00:00,2019-12-25T02:00:00-00:00,0,2019-12-24,18,0,ACTUAL,PGE-TAC,Total Actual Hourly Integrated Load,SYS_FCST_ACT_MW,3.1,12459,ACTUAL,402
2019-12-24T23:00:00-00:00,2019-12-25T00:00:00-00:00,0,2019-12-24,16,0,ACTUAL,PGE-TAC,Total Actual Hourly Integrated Load,SYS_FCST_ACT_MW,3.1,11360,ACTUAL,402
2019-12-25T03:00:00-00:00,2019-12-25T04:00:00-00:00,0,2019-12-24,20,0,ACTUAL,PGE-TAC,Total Actual Hourly Integrated Load,SYS_FCST_ACT_MW,3.1,11810,ACTUAL,402
2019-12-24T19:00:00-00:00,2019-12-24T20:00:00-00:00,0,2019-12-24,12,0,ACTUAL,PGE-TAC,Total Actual Hourly Integrated Load,SYS_FCST_ACT_MW,3.1,11015,ACTUAL,402
2019-12-25T02:00:00-00:00,2019-12-25T03:00:00-00:00,0,2019-12-24,19,0,ACTUAL,PGE-TAC,Total Actual Hourly Integrated Load,SYS_FCST_ACT_MW,3.1,12176,ACTUAL,402
2019-12-24T18:00:00-00:00,2019-12-24T19:00:00-00:00,0,2019-12-24,11,0,ACTUAL,PGE-TAC,Total Actual Hourly Integrated Load,SYS_FCST_ACT_MW,3.1,11001,ACTUAL,402
2019-12-24T17:00:00-00:00,2019-12-24T18:00:00-00:00,0,2019-12-24,10,0,ACTUAL,PGE-TAC,Total Actual Hourly Integrated Load,SYS_FCST_ACT_MW,3.1,11175,ACTUAL,402
2019-12-24T10:00:00-00:00,2019-12-24T11:00:00-00:00,0,2019-12-24,3,0,ACTUAL,PGE-TAC,Total Actual Hourly Integrated Load,SYS_FCST_ACT_MW,3.1,9657,ACTUAL,402
2019-12-24T22:00:00-00:00,2019-12-24T23:00:00-00:00,0,2019-12-24,15,0,ACTUAL,PGE-TAC,Total Actual Hourly Integrated Load,SYS_FCST_ACT_MW,3.1,11249,ACTUAL,402
2019-12-24T09:00:00-00:00,2019-12-24T10:00:00-00:00,0,2019-12-24,2,0,ACTUAL,PGE-TAC,Total Actual Hourly Integrated Load,SYS_FCST_ACT_MW,3.1,9680,ACTUAL,402
2019-12-24T21:00:00-00:00,2019-12-24T22:00:00-00:00,0,2019-12-24,14,0,ACTUAL,PGE-TAC,Total Actual Hourly Integrated Load,SYS_FCST_ACT_MW,3.1,11303,ACTUAL,402
2019-12-25T06:00:00-00:00,2019-12-25T07:00:00-00:00,0,2019-12-24,23,0,ACTUAL,PGE-TAC,Total Actual Hourly Integrated Load,SYS_FCST_ACT_MW,3.1,10756,ACTUAL,402
2019-12-25T04:00:00-00:00,2019-12-25T05:00:00-00:00,0,2019-12-24,21,0,ACTUAL,PGE-TAC,Total Actual Hourly Integrated Load,SYS_FCST_ACT_MW,3.1,11527,ACTUAL,402
2019-12-24T14:00:00-00:00,2019-12-24T15:00:00-00:00,0,2019-12-24,7,0,ACTUAL,PGE-TAC,Total Actual Hourly Integrated Load,SYS_FCST_ACT_MW,3.1,11036,ACTUAL,402
2019-12-24T20:00:00-00:00,2019-12-24T21:00:00-00:00,0,2019-12-24,13,0,ACTUAL,PGE-TAC,Total Actual Hourly Integrated Load,SYS_FCST_ACT_MW,3.1,11127,ACTUAL,402
2019-12-24T08:00:00-00:00,2019-12-24T09:00:00-00:00,0,2019-12-24,1,0,ACTUAL,PGE-TAC,Total Actual Hourly Integrated Load,SYS_FCST_ACT_MW,3.1,10065,ACTUAL,402
2019-12-25T07:00:00-00:00,2019-12-25T08:00:00-00:00,0,2019-12-24,24,0,ACTUAL,PGE-TAC,Total Actual Hourly Integrated Load,SYS_FCST_ACT_MW,3.1,10172,ACTUAL,402
2019-12-25T05:00:00-00:00,2019-12-25T06:00:00-00:00,0,2019-12-24,22,0,ACTUAL,PGE-TAC,Total Actual Hourly Integrated Load,SYS_FCST_ACT_MW,3.1,11256,ACTUAL,402
2019-12-24T13:00:00-00:00,2019-12-24T14:00:00-00:00,0,2019-12-24,6,0,ACTUAL,PGE-TAC,Total Actual Hourly Integrated Load,SYS_FCST_ACT_MW,3.1,10318,ACTUAL,402
2019-12-25T00:00:00-00:00,2019-12-25T01:00:00-00:00,0,2019-12-24,17,0,ACTUAL,PGE-TAC,Total Actual Hourly Integrated Load,SYS_FCST_ACT_MW,3.1,11821,ACTUAL,402
2019-12-24T16:00:00-00:00,2019-12-24T17:00:00-00:00,0,2019-12-24,9,0,ACTUAL,PGE-TAC,Total Actual Hourly Integrated Load,SYS_FCST_ACT_MW,3.1,11524,ACTUAL,402
2019-12-25T06:00:00-00:00,2019-12-25T07:00:00-00:00,0,2019-12-24,23,0,ACTUAL,PSEI,Total Actual Hourly Integrated Load,SYS_FCST_ACT_MW,3.8,3154,ACTUAL,403
2019-12-25T04:00:00-00:00,2019-12-25T05:00:00-00:00,0,2019-12-24,21,0,ACTUAL,PSEI,Total Actual Hourly Integrated Load,SYS_FCST_ACT_MW,3.8,3428,ACTUAL,403
2019-12-25T03:00:00-00:00,2019-12-25T04:00:00-00:00,0,2019-12-24,20,0,ACTUAL,PSEI,Total Actual Hourly Integrated Load,SYS_FCST_ACT_MW,3.8,3531,ACTUAL,403
2019-12-24T12:00:00-00:00,2019-12-24T13:00:00-00:00,0,2019-12-24,5,0,ACTUAL,PSEI,Total Actual Hourly Integrated Load,SYS_FCST_ACT_MW,3.8,2869,ACTUAL,403
2019-12-24T09:00:00-00:00,2019-12-24T10:00:00-00:00,0,2019-12-24,2,0,ACTUAL,PSEI,Total Actual Hourly Integrated Load,SYS_FCST_ACT_MW,3.8,2727,ACTUAL,403
2019-12-24T19:00:00-00:00,2019-12-24T20:00:00-00:00,0,2019-12-24,12,0,ACTUAL,PSEI,Total Actual Hourly Integrated Load,SYS_FCST_ACT_MW,3.8,3774,ACTUAL,403
2019-12-25T01:00:00-00:00,2019-12-25T02:00:00-00:00,0,2019-12-24,18,0,ACTUAL,PSEI,Total Actual Hourly Integrated Load,SYS_FCST_ACT_MW,3.8,3805,ACTUAL,403
2019-12-24T21:00:00-00:00,2019-12-24T22:00:00-00:00,0,2019-12-24,14,0,ACTUAL,PSEI,Total Actual Hourly Integrated Load,SYS_FCST_ACT_MW,3.8,3662,ACTUAL,403
2019-12-24T20:00:00-00:00,2019-12-24T21:00:00-00:00,0,2019-12-24,13,0,ACTUAL,PSEI,Total Actual Hourly Integrated Load,SYS_FCST_ACT_MW,3.8,3708,ACTUAL,403
2019-12-24T17:00:00-00:00,2019-12-24T18:00:00-00:00,0,2019-12-24,10,0,ACTUAL,PSEI,Total Actual Hourly Integrated Load,SYS_FCST_ACT_MW,3.8,3832,ACTUAL,403
2019-12-24T08:00:00-00:00,2019-12-24T09:00:00-00:00,0,2019-12-24,1,0,ACTUAL,PSEI,Total Actual Hourly Integrated Load,SYS_FCST_ACT_MW,3.8,2821,ACTUAL,403
2019-12-25T02:00:00-00:00,2019-12-25T03:00:00-00:00,0,2019-12-24,19,0,ACTUAL,PSEI,Total Actual Hourly Integrated Load,SYS_FCST_ACT_MW,3.8,3664,ACTUAL,403
2019-12-25T07:00:00-00:00,2019-12-25T08:00:00-00:00,0,2019-12-24,24,0,ACTUAL,PSEI,Total Actual Hourly Integrated Load,SYS_FCST_ACT_MW,3.8,2960,ACTUAL,403
2019-12-25T00:00:00-00:00,2019-12-25T01:00:00-00:00,0,2019-12-24,17,0,ACTUAL,PSEI,Total Actual Hourly Integrated Load,SYS_FCST_ACT_MW,3.8,3791,ACTUAL,403
2019-12-24T13:00:00-00:00,2019-12-24T14:00:00-00:00,0,2019-12-24,6,0,ACTUAL,PSEI,Total Actual Hourly Integrated Load,SYS_FCST_ACT_MW,3.8,3108,ACTUAL,403
2019-12-25T05:00:00-00:00,2019-12-25T06:00:00-00:00,0,2019-12-24,22,0,ACTUAL,PSEI,Total Actual Hourly Integrated Load,SYS_FCST_ACT_MW,3.8,3323,ACTUAL,403
2019-12-24T18:00:00-00:00,2019-12-24T19:00:00-00:00,0,2019-12-24,11,0,ACTUAL,PSEI,Total Actual Hourly Integrated Load,SYS_FCST_ACT_MW,3.8,3827,ACTUAL,403
2019-12-24T15:00:00-00:00,2019-12-24T16:00:00-00:00,0,2019-12-24,8,0,ACTUAL,PSEI,Total Actual Hourly Integrated Load,SYS_FCST_ACT_MW,3.8,3608,ACTUAL,403
2019-12-24T22:00:00-00:00,2019-12-24T23:00:00-00:00,0,2019-12-24,15,0,ACTUAL,PSEI,Total Actual Hourly Integrated Load,SYS_FCST_ACT_MW,3.8,3632,ACTUAL,403
2019-12-24T16:00:00-00:00,2019-12-24T17:00:00-00:00,0,2019-12-24,9,0,ACTUAL,PSEI,Total Actual Hourly Integrated Load,SYS_FCST_ACT_MW,3.8,3752,ACTUAL,403
2019-12-24T14:00:00-00:00,2019-12-24T15:00:00-00:00,0,2019-12-24,7,0,ACTUAL,PSEI,Total Actual Hourly Integrated Load,SYS_FCST_ACT_MW,3.8,3373,ACTUAL,403
2019-12-24T11:00:00-00:00,2019-12-24T12:00:00-00:00,0,2019-12-24,4,0,ACTUAL,PSEI,Total Actual Hourly Integrated Load,SYS_FCST_ACT_MW,3.8,2736,ACTUAL,403
2019-12-24T10:00:00-00:00,2019-12-24T11:00:00-00:00,0,2019-12-24,3,0,ACTUAL,PSEI,Total Actual Hourly Integrated Load,SYS_FCST_ACT_MW,3.8,2694,ACTUAL,403
2019-12-24T23:00:00-00:00,2019-12-25T00:00:00-00:00,0,2019-12-24,16,0,ACTUAL,PSEI,Total Actual Hourly Integrated Load,SYS_FCST_ACT_MW,3.8,3657,ACTUAL,403
2019-12-24T22:00:00-00:00,2019-12-24T23:00:00-00:00,0,2019-12-24,15,0,ACTUAL,SCE-TAC,Total Actual Hourly Integrated Load,SYS_FCST_ACT_MW,3.2,9799,ACTUAL,404
2019-12-24T15:00:00-00:00,2019-12-24T16:00:00-00:00,0,2019-12-24,8,0,ACTUAL,SCE-TAC,Total Actual Hourly Integrated Load,SYS_FCST_ACT_MW,3.2,10610,ACTUAL,404
2019-12-25T06:00:00-00:00,2019-12-25T07:00:00-00:00,0,2019-12-24,23,0,ACTUAL,SCE-TAC,Total Actual Hourly Integrated Load,SYS_FCST_ACT_MW,3.2,10478,ACTUAL,404
2019-12-24T20:00:00-00:00,2019-12-24T21:00:00-00:00,0,2019-12-24,13,0,ACTUAL,SCE-TAC,Total Actual Hourly Integrated Load,SYS_FCST_ACT_MW,3.2,9698,ACTUAL,404
2019-12-24T12:00:00-00:00,2019-12-24T13:00:00-00:00,0,2019-12-24,5,0,ACTUAL,SCE-TAC,Total Actual Hourly Integrated Load,SYS_FCST_ACT_MW,3.2,9348,ACTUAL,404
2019-12-25T05:00:00-00:00,2019-12-25T06:00:00-00:00,0,2019-12-24,22,0,ACTUAL,SCE-TAC,Total Actual Hourly Integrated Load,SYS_FCST_ACT_MW,3.2,10806,ACTUAL,404
2019-12-24T08:00:00-00:00,2019-12-24T09:00:00-00:00,0,2019-12-24,1,0,ACTUAL,SCE-TAC,Total Actual Hourly Integrated Load,SYS_FCST_ACT_MW,3.2,10008,ACTUAL,404
2019-12-24T10:00:00-00:00,2019-12-24T11:00:00-00:00,0,2019-12-24,3,0,ACTUAL,SCE-TAC,Total Actual Hourly Integrated Load,SYS_FCST_ACT_MW,3.2,9303,ACTUAL,404
2019-12-24T21:00:00-00:00,2019-12-24T22:00:00-00:00,0,2019-12-24,14,0,ACTUAL,SCE-TAC,Total Actual Hourly Integrated Load,SYS_FCST_ACT_MW,3.2,9807,ACTUAL,404
2019-12-25T01:00:00-00:00,2019-12-25T02:00:00-00:00,0,2019-12-24,18,0,ACTUAL,SCE-TAC,Total Actual Hourly Integrated Load,SYS_FCST_ACT_MW,3.2,11716,ACTUAL,404
2019-12-25T02:00:00-00:00,2019-12-25T03:00:00-00:00,0,2019-12-24,19,0,ACTUAL,SCE-TAC,Total Actual Hourly Integrated Load,SYS_FCST_ACT_MW,3.2,11537,ACTUAL,404
2019-12-24T09:00:00-00:00,2019-12-24T10:00:00-00:00,0,2019-12-24,2,0,ACTUAL,SCE-TAC,Total Actual Hourly Integrated Load,SYS_FCST_ACT_MW,3.2,9580,ACTUAL,404
2019-12-24T18:00:00-00:00,2019-12-24T19:00:00-00:00,0,2019-12-24,11,0,ACTUAL,SCE-TAC,Total Actual Hourly Integrated Load,SYS_FCST_ACT_MW,3.2,10204,ACTUAL,404
2019-12-24T19:00:00-00:00,2019-12-24T20:00:00-00:00,0,2019-12-24,12,0,ACTUAL,SCE-TAC,Total Actual Hourly Integrated Load,SYS_FCST_ACT_MW,3.2,9902,ACTUAL,404
2019-12-25T04:00:00-00:00,2019-12-25T05:00:00-00:00,0,2019-12-24,21,0,ACTUAL,SCE-TAC,Total Actual Hourly Integrated Load,SYS_FCST_ACT_MW,3.2,11012,ACTUAL,404
2019-12-24T11:00:00-00:00,2019-12-24T12:00:00-00:00,0,2019-12-24,4,0,ACTUAL,SCE-TAC,Total Actual Hourly Integrated Load,SYS_FCST_ACT_MW,3.2,9213,ACTUAL,404
2019-12-24T14:00:00-00:00,2019-12-24T15:00:00-00:00,0,2019-12-24,7,0,ACTUAL,SCE-TAC,Total Actual Hourly Integrated Load,SYS_FCST_ACT_MW,3.2,10353,ACTUAL,404
2019-12-24T17:00:00-00:00,2019-12-24T18:00:00-00:00,0,2019-12-24,10,0,ACTUAL,SCE-TAC,Total Actual Hourly Integrated Load,SYS_FCST_ACT_MW,3.2,10405,ACTUAL,404
2019-12-25T07:00:00-00:00,2019-12-25T08:00:00-00:00,0,2019-12-24,24,0,ACTUAL,SCE-TAC,Total Actual Hourly Integrated Load,SYS_FCST_ACT_MW,3.2,9969,ACTUAL,404
2019-12-24T13:00:00-00:00,2019-12-24T14:00:00-00:00,0,2019-12-24,6,0,ACTUAL,SCE-TAC,Total Actual Hourly Integrated Load,SYS_FCST_ACT_MW,3.2,9762,ACTUAL,404
2019-12-24T23:00:00-00:00,2019-12-25T00:00:00-00:00,0,2019-12-24,16,0,ACTUAL,SCE-TAC,Total Actual Hourly Integrated Load,SYS_FCST_ACT_MW,3.2,10126,ACTUAL,404
2019-12-25T00:00:00-00:00,2019-12-25T01:00:00-00:00,0,2019-12-24,17,0,ACTUAL,SCE-TAC,Total Actual Hourly Integrated Load,SYS_FCST_ACT_MW,3.2,10767,ACTUAL,404
2019-12-25T03:00:00-00:00,2019-12-25T04:00:00-00:00,0,2019-12-24,20,0,ACTUAL,SCE-TAC,Total Actual Hourly Integrated Load,SYS_FCST_ACT_MW,3.2,11231,ACTUAL,404
2019-12-24T16:00:00-00:00,2019-12-24T17:00:00-00:00,0,2019-12-24,9,0,ACTUAL,SCE-TAC,Total Actual Hourly Integrated Load,SYS_FCST_ACT_MW,3.2,10656,ACTUAL,404
2019-12-24T21:00:00-00:00,2019-12-24T22:00:00-00:00,0,2019-12-24,14,0,ACTUAL,SCL,Total Actual Hourly Integrated Load,SYS_FCST_ACT_MW,3.8,1359,ACTUAL,405
2019-12-24T15:00:00-00:00,2019-12-24T16:00:00-00:00,0,2019-12-24,8,0,ACTUAL,SCL,Total Actual Hourly Integrated Load,SYS_FCST_ACT_MW,3.8,1336,ACTUAL,405
2019-12-25T01:00:00-00:00,2019-12-25T02:00:00-00:00,0,2019-12-24,18,0,ACTUAL,SCL,Total Actual Hourly Integrated Load,SYS_FCST_ACT_MW,3.8,1391,ACTUAL,405
2019-12-24T11:00:00-00:00,2019-12-24T12:00:00-00:00,0,2019-12-24,4,0,ACTUAL,SCL,Total Actual Hourly Integrated Load,SYS_FCST_ACT_MW,3.8,984,ACTUAL,405
2019-12-24T17:00:00-00:00,2019-12-24T18:00:00-00:00,0,2019-12-24,10,0,ACTUAL,SCL,Total Actual Hourly Integrated Load,SYS_FCST_ACT_MW,3.8,1395,ACTUAL,405
2019-12-24T18:00:00-00:00,2019-12-24T19:00:00-00:00,0,2019-12-24,11,0,ACTUAL,SCL,Total Actual Hourly Integrated Load,SYS_FCST_ACT_MW,3.8,1387,ACTUAL,405
2019-12-24T20:00:00-00:00,2019-12-24T21:00:00-00:00,0,2019-12-24,13,0,ACTUAL,SCL,Total Actual Hourly Integrated Load,SYS_FCST_ACT_MW,3.8,1361,ACTUAL,405
2019-12-25T04:00:00-00:00,2019-12-25T05:00:00-00:00,0,2019-12-24,21,0,ACTUAL,SCL,Total Actual Hourly Integrated Load,SYS_FCST_ACT_MW,3.8,1214,ACTUAL,405
2019-12-25T07:00:00-00:00,2019-12-25T08:00:00-00:00,0,2019-12-24,24,0,ACTUAL,SCL,Total Actual Hourly Integrated Load,SYS_FCST_ACT_MW,3.8,1066,ACTUAL,405
2019-12-25T05:00:00-00:00,2019-12-25T06:00:00-00:00,0,2019-12-24,22,0,ACTUAL,SCL,Total Actual Hourly Integrated Load,SYS_FCST_ACT_MW,3.8,1175,ACTUAL,405
2019-12-24T13:00:00-00:00,2019-12-24T14:00:00-00:00,0,2019-12-24,6,0,ACTUAL,SCL,Total Actual Hourly Integrated Load,SYS_FCST_ACT_MW,3.8,1131,ACTUAL,405
2019-12-24T22:00:00-00:00,2019-12-24T23:00:00-00:00,0,2019-12-24,15,0,ACTUAL,SCL,Total Actual Hourly Integrated Load,SYS_FCST_ACT_MW,3.8,1349,ACTUAL,405
2019-12-25T02:00:00-00:00,2019-12-25T03:00:00-00:00,0,2019-12-24,19,0,ACTUAL,SCL,Total Actual Hourly Integrated Load,SYS_FCST_ACT_MW,3.8,1316,ACTUAL,405
2019-12-25T06:00:00-00:00,2019-12-25T07:00:00-00:00,0,2019-12-24,23,0,ACTUAL,SCL,Total Actual Hourly Integrated Load,SYS_FCST_ACT_MW,3.8,1124,ACTUAL,405
2019-12-24T14:00:00-00:00,2019-12-24T15:00:00-00:00,0,2019-12-24,7,0,ACTUAL,SCL,Total Actual Hourly Integrated Load,SYS_FCST_ACT_MW,3.8,1248,ACTUAL,405
2019-12-25T03:00:00-00:00,2019-12-25T04:00:00-00:00,0,2019-12-24,20,0,ACTUAL,SCL,Total Actual Hourly Integrated Load,SYS_FCST_ACT_MW,3.8,1255,ACTUAL,405
2019-12-24T09:00:00-00:00,2019-12-24T10:00:00-00:00,0,2019-12-24,2,0,ACTUAL,SCL,Total Actual Hourly Integrated Load,SYS_FCST_ACT_MW,3.8,1000,ACTUAL,405
2019-12-24T12:00:00-00:00,2019-12-24T13:00:00-00:00,0,2019-12-24,5,0,ACTUAL,SCL,Total Actual Hourly Integrated Load,SYS_FCST_ACT_MW,3.8,1032,ACTUAL,405
2019-12-24T16:00:00-00:00,2019-12-24T17:00:00-00:00,0,2019-12-24,9,0,ACTUAL,SCL,Total Actual Hourly Integrated Load,SYS_FCST_ACT_MW,3.8,1379,ACTUAL,405
2019-12-24T08:00:00-00:00,2019-12-24T09:00:00-00:00,0,2019-12-24,1,0,ACTUAL,SCL,Total Actual Hourly Integrated Load,SYS_FCST_ACT_MW,3.8,1039,ACTUAL,405
2019-12-24T10:00:00-00:00,2019-12-24T11:00:00-00:00,0,2019-12-24,3,0,ACTUAL,SCL,Total Actual Hourly Integrated Load,SYS_FCST_ACT_MW,3.8,979,ACTUAL,405
2019-12-24T19:00:00-00:00,2019-12-24T20:00:00-00:00,0,2019-12-24,12,0,ACTUAL,SCL,Total Actual Hourly Integrated Load,SYS_FCST_ACT_MW,3.8,1371,ACTUAL,405
2019-12-24T23:00:00-00:00,2019-12-25T00:00:00-00:00,0,2019-12-24,16,0,ACTUAL,SCL,Total Actual Hourly Integrated Load,SYS_FCST_ACT_MW,3.8,1360,ACTUAL,405
2019-12-25T00:00:00-00:00,2019-12-25T01:00:00-00:00,0,2019-12-24,17,0,ACTUAL,SCL,Total Actual Hourly Integrated Load,SYS_FCST_ACT_MW,3.8,1396,ACTUAL,405
2019-12-24T17:00:00-00:00,2019-12-24T18:00:00-00:00,0,2019-12-24,10,0,ACTUAL,SDGE-TAC,Total Actual Hourly Integrated Load,SYS_FCST_ACT_MW,3.4,2063,ACTUAL,406
2019-12-24T23:00:00-00:00,2019-12-25T00:00:00-00:00,0,2019-12-24,16,0,ACTUAL,SDGE-TAC,Total Actual Hourly Integrated Load,SYS_FCST_ACT_MW,3.4,2279,ACTUAL,406
2019-12-24T15:00:00-00:00,2019-12-24T16:00:00-00:00,0,2019-12-24,8,0,ACTUAL,SDGE-TAC,Total Actual Hourly Integrated Load,SYS_FCST_ACT_MW,3.4,2190,ACTUAL,406
2019-12-24T08:00:00-00:00,2019-12-24T09:00:00-00:00,0,2019-12-24,1,0,ACTUAL,SDGE-TAC,Total Actual Hourly Integrated Load,SYS_FCST_ACT_MW,3.4,1990,ACTUAL,406
2019-12-24T21:00:00-00:00,2019-12-24T22:00:00-00:00,0,2019-12-24,14,0,ACTUAL,SDGE-TAC,Total Actual Hourly Integrated Load,SYS_FCST_ACT_MW,3.4,1993,ACTUAL,406
2019-12-24T20:00:00-00:00,2019-12-24T21:00:00-00:00,0,2019-12-24,13,0,ACTUAL,SDGE-TAC,Total Actual Hourly Integrated Load,SYS_FCST_ACT_MW,3.4,1948,ACTUAL,406
2019-12-24T11:00:00-00:00,2019-12-24T12:00:00-00:00,0,2019-12-24,4,0,ACTUAL,SDGE-TAC,Total Actual Hourly Integrated Load,SYS_FCST_ACT_MW,3.4,1797,ACTUAL,406
2019-12-24T22:00:00-00:00,2019-12-24T23:00:00-00:00,0,2019-12-24,15,0,ACTUAL,SDGE-TAC,Total Actual Hourly Integrated Load,SYS_FCST_ACT_MW,3.4,2086,ACTUAL,406
2019-12-24T18:00:00-00:00,2019-12-24T19:00:00-00:00,0,2019-12-24,11,0,ACTUAL,SDGE-TAC,Total Actual Hourly Integrated Load,SYS_FCST_ACT_MW,3.4,1995,ACTUAL,406
2019-12-24T10:00:00-00:00,2019-12-24T11:00:00-00:00,0,2019-12-24,3,0,ACTUAL,SDGE-TAC,Total Actual Hourly Integrated Load,SYS_FCST_ACT_MW,3.4,1823,ACTUAL,406
2019-12-25T05:00:00-00:00,2019-12-25T06:00:00-00:00,0,2019-12-24,22,0,ACTUAL,SDGE-TAC,Total Actual Hourly Integrated Load,SYS_FCST_ACT_MW,3.4,2391,ACTUAL,406
2019-12-24T16:00:00-00:00,2019-12-24T17:00:00-00:00,0,2019-12-24,9,0,ACTUAL,SDGE-TAC,Total Actual Hourly Integrated Load,SYS_FCST_ACT_MW,3.4,2172,ACTUAL,406
2019-12-24T13:00:00-00:00,2019-12-24T14:00:00-00:00,0,2019-12-24,6,0,ACTUAL,SDGE-TAC,Total Actual Hourly Integrated Load,SYS_FCST_ACT_MW,3.4,1929,ACTUAL,406
2019-12-25T07:00:00-00:00,2019-12-25T08:00:00-00:00,0,2019-12-24,24,0,ACTUAL,SDGE-TAC,Total Actual Hourly Integrated Load,SYS_FCST_ACT_MW,3.4,2109,ACTUAL,406
2019-12-24T12:00:00-00:00,2019-12-24T13:00:00-00:00,0,2019-12-24,5,0,ACTUAL,SDGE-TAC,Total Actual Hourly Integrated Load,SYS_FCST_ACT_MW,3.4,1826,ACTUAL,406
2019-12-25T06:00:00-00:00,2019-12-25T07:00:00-00:00,0,2019-12-24,23,0,ACTUAL,SDGE-TAC,Total Actual Hourly Integrated Load,SYS_FCST_ACT_MW,3.4,2263,ACTUAL,406
2019-12-25T01:00:00-00:00,2019-12-25T02:00:00-00:00,0,2019-12-24,18,0,ACTUAL,SDGE-TAC,Total Actual Hourly Integrated Load,SYS_FCST_ACT_MW,3.4,2690,ACTUAL,406
2019-12-25T04:00:00-00:00,2019-12-25T05:00:00-00:00,0,2019-12-24,21,0,ACTUAL,SDGE-TAC,Total Actual Hourly Integrated Load,SYS_FCST_ACT_MW,3.4,2459,ACTUAL,406
2019-12-24T19:00:00-00:00,2019-12-24T20:00:00-00:00,0,2019-12-24,12,0,ACTUAL,SDGE-TAC,Total Actual Hourly Integrated Load,SYS_FCST_ACT_MW,3.4,1912,ACTUAL,406
2019-12-25T02:00:00-00:00,2019-12-25T03:00:00-00:00,0,2019-12-24,19,0,ACTUAL,SDGE-TAC,Total Actual Hourly Integrated Load,SYS_FCST_ACT_MW,3.4,2609,ACTUAL,406
2019-12-25T00:00:00-00:00,2019-12-25T01:00:00-00:00,0,2019-12-24,17,0,ACTUAL,SDGE-TAC,Total Actual Hourly Integrated Load,SYS_FCST_ACT_MW,3.4,2487,ACTUAL,406
2019-12-24T14:00:00-00:00,2019-12-24T15:00:00-00:00,0,2019-12-24,7,0,ACTUAL,SDGE-TAC,Total Actual Hourly Integrated Load,SYS_FCST_ACT_MW,3.4,2096,ACTUAL,406
2019-12-25T03:00:00-00:00,2019-12-25T04:00:00-00:00,0,2019-12-24,20,0,ACTUAL,SDGE-TAC,Total Actual Hourly Integrated Load,SYS_FCST_ACT_MW,3.4,2524,ACTUAL,406
2019-12-24T09:00:00-00:00,2019-12-24T10:00:00-00:00,0,2019-12-24,2,0,ACTUAL,SDGE-TAC,Total Actual Hourly Integrated Load,SYS_FCST_ACT_MW,3.4,1886,ACTUAL,406
2019-12-24T10:00:00-00:00,2019-12-24T11:00:00-00:00,0,2019-12-24,3,0,ACTUAL,SRP,Total Actual Hourly Integrated Load,SYS_FCST_ACT_MW,3.8,2391,ACTUAL,407
2019-12-25T00:00:00-00:00,2019-12-25T01:00:00-00:00,0,2019-12-24,17,0,ACTUAL,SRP,Total Actual Hourly Integrated Load,SYS_FCST_ACT_MW,3.8,3010,ACTUAL,407
2019-12-24T22:00:00-00:00,2019-12-24T23:00:00-00:00,0,2019-12-24,15,0,ACTUAL,SRP,Total Actual Hourly Integrated Load,SYS_FCST_ACT_MW,3.8,2893,ACTUAL,407
2019-12-24T09:00:00-00:00,2019-12-24T10:00:00-00:00,0,2019-12-24,2,0,ACTUAL,SRP,Total Actual Hourly Integrated Load,SYS_FCST_ACT_MW,3.8,2396,ACTUAL,407
2019-12-25T07:00:00-00:00,2019-12-25T08:00:00-00:00,0,2019-12-24,24,0,ACTUAL,SRP,Total Actual Hourly Integrated Load,SYS_FCST_ACT_MW,3.8,2524,ACTUAL,407
2019-12-25T03:00:00-00:00,2019-12-25T04:00:00-00:00,0,2019-12-24,20,0,ACTUAL,SRP,Total Actual Hourly Integrated Load,SYS_FCST_ACT_MW,3.8,2862,ACTUAL,407
2019-12-24T21:00:00-00:00,2019-12-24T22:00:00-00:00,0,2019-12-24,14,0,ACTUAL,SRP,Total Actual Hourly Integrated Load,SYS_FCST_ACT_MW,3.8,2912,ACTUAL,407
2019-12-24T16:00:00-00:00,2019-12-24T17:00:00-00:00,0,2019-12-24,9,0,ACTUAL,SRP,Total Actual Hourly Integrated Load,SYS_FCST_ACT_MW,3.8,3067,ACTUAL,407
2019-12-24T15:00:00-00:00,2019-12-24T16:00:00-00:00,0,2019-12-24,8,0,ACTUAL,SRP,Total Actual Hourly Integrated Load,SYS_FCST_ACT_MW,3.8,2942,ACTUAL,407
2019-12-24T14:00:00-00:00,2019-12-24T15:00:00-00:00,0,2019-12-24,7,0,ACTUAL,SRP,Total Actual Hourly Integrated Load,SYS_FCST_ACT_MW,3.8,2798,ACTUAL,407
2019-12-25T04:00:00-00:00,2019-12-25T05:00:00-00:00,0,2019-12-24,21,0,ACTUAL,SRP,Total Actual Hourly Integrated Load,SYS_FCST_ACT_MW,3.8,2828,ACTUAL,407
2019-12-24T19:00:00-00:00,2019-12-24T20:00:00-00:00,0,2019-12-24,12,0,ACTUAL,SRP,Total Actual Hourly Integrated Load,SYS_FCST_ACT_MW,3.8,3016,ACTUAL,407
2019-12-24T17:00:00-00:00,2019-12-24T18:00:00-00:00,0,2019-12-24,10,0,ACTUAL,SRP,Total Actual Hourly Integrated Load,SYS_FCST_ACT_MW,3.8,3123,ACTUAL,407
2019-12-24T11:00:00-00:00,2019-12-24T12:00:00-00:00,0,2019-12-24,4,0,ACTUAL,SRP,Total Actual Hourly Integrated Load,SYS_FCST_ACT_MW,3.8,2432,ACTUAL,407
2019-12-24T08:00:00-00:00,2019-12-24T09:00:00-00:00,0,2019-12-24,1,0,ACTUAL,SRP,Total Actual Hourly Integrated Load,SYS_FCST_ACT_MW,3.8,2455,ACTUAL,407
2019-12-25T02:00:00-00:00,2019-12-25T03:00:00-00:00,0,2019-12-24,19,0,ACTUAL,SRP,Total Actual Hourly Integrated Load,SYS_FCST_ACT_MW,3.8,2921,ACTUAL,407
2019-12-25T01:00:00-00:00,2019-12-25T02:00:00-00:00,0,2019-12-24,18,0,ACTUAL,SRP,Total Actual Hourly Integrated Load,SYS_FCST_ACT_MW,3.8,3040,ACTUAL,407
2019-12-24T23:00:00-00:00,2019-12-25T00:00:00-00:00,0,2019-12-24,16,0,ACTUAL,SRP,Total Actual Hourly Integrated Load,SYS_FCST_ACT_MW,3.8,2900,ACTUAL,407
2019-12-25T06:00:00-00:00,2019-12-25T07:00:00-00:00,0,2019-12-24,23,0,ACTUAL,SRP,Total Actual Hourly Integrated Load,SYS_FCST_ACT_MW,3.8,2631,ACTUAL,407
2019-12-24T12:00:00-00:00,2019-12-24T13:00:00-00:00,0,2019-12-24,5,0,ACTUAL,SRP,Total Actual Hourly Integrated Load,SYS_FCST_ACT_MW,3.8,2535,ACTUAL,407
2019-12-24T13:00:00-00:00,2019-12-24T14:00:00-00:00,0,2019-12-24,6,0,ACTUAL,SRP,Total Actual Hourly Integrated Load,SYS_FCST_ACT_MW,3.8,2688,ACTUAL,407
2019-12-25T05:00:00-00:00,2019-12-25T06:00:00-00:00,0,2019-12-24,22,0,ACTUAL,SRP,Total Actual Hourly Integrated Load,SYS_FCST_ACT_MW,3.8,2750,ACTUAL,407
2019-12-24T20:00:00-00:00,2019-12-24T21:00:00-00:00,0,2019-12-24,13,0,ACTUAL,SRP,Total Actual Hourly Integrated Load,SYS_FCST_ACT_MW,3.8,2930,ACTUAL,407
2019-12-24T18:00:00-00:00,2019-12-24T19:00:00-00:00,0,2019-12-24,11,0,ACTUAL,SRP,Total Actual Hourly Integrated Load,SYS_FCST_ACT_MW,3.8,3079,ACTUAL,407
2019-12-24T20:00:00-00:00,2019-12-24T21:00:00-00:00,0,2019-12-24,13,0,ACTUAL,VEA-TAC,Total Actual Hourly Integrated Load,SYS_FCST_ACT_MW,3.5,67,ACTUAL,408
2019-12-25T02:00:00-00:00,2019-12-25T03:00:00-00:00,0,2019-12-24,19,0,ACTUAL,VEA-TAC,Total Actual Hourly Integrated Load,SYS_FCST_ACT_MW,3.5,79,ACTUAL,408
2019-12-25T06:00:00-00:00,2019-12-25T07:00:00-00:00,0,2019-12-24,23,0,ACTUAL,VEA-TAC,Total Actual Hourly Integrated Load,SYS_FCST_ACT_MW,3.5,76,ACTUAL,408
2019-12-24T08:00:00-00:00,2019-12-24T09:00:00-00:00,0,2019-12-24,1,0,ACTUAL,VEA-TAC,Total Actual Hourly Integrated Load,SYS_FCST_ACT_MW,3.5,68,ACTUAL,408
2019-12-24T12:00:00-00:00,2019-12-24T13:00:00-00:00,0,2019-12-24,5,0,ACTUAL,VEA-TAC,Total Actual Hourly Integrated Load,SYS_FCST_ACT_MW,3.5,70,ACTUAL,408
2019-12-24T13:00:00-00:00,2019-12-24T14:00:00-00:00,0,2019-12-24,6,0,ACTUAL,VEA-TAC,Total Actual Hourly Integrated Load,SYS_FCST_ACT_MW,3.5,76,ACTUAL,408
2019-12-24T23:00:00-00:00,2019-12-25T00:00:00-00:00,0,2019-12-24,16,0,ACTUAL,VEA-TAC,Total Actual Hourly Integrated Load,SYS_FCST_ACT_MW,3.5,67,ACTUAL,408
2019-12-24T14:00:00-00:00,2019-12-24T15:00:00-00:00,0,2019-12-24,7,0,ACTUAL,VEA-TAC,Total Actual Hourly Integrated Load,SYS_FCST_ACT_MW,3.5,81,ACTUAL,408
2019-12-24T15:00:00-00:00,2019-12-24T16:00:00-00:00,0,2019-12-24,8,0,ACTUAL,VEA-TAC,Total Actual Hourly Integrated Load,SYS_FCST_ACT_MW,3.5,85,ACTUAL,408
2019-12-24T10:00:00-00:00,2019-12-24T11:00:00-00:00,0,2019-12-24,3,0,ACTUAL,VEA-TAC,Total Actual Hourly Integrated Load,SYS_FCST_ACT_MW,3.5,67,ACTUAL,408
2019-12-24T11:00:00-00:00,2019-12-24T12:00:00-00:00,0,2019-12-24,4,0,ACTUAL,VEA-TAC,Total Actual Hourly Integrated Load,SYS_FCST_ACT_MW,3.5,68,ACTUAL,408
2019-12-24T16:00:00-00:00,2019-12-24T17:00:00-00:00,0,2019-12-24,9,0,ACTUAL,VEA-TAC,Total Actual Hourly Integrated Load,SYS_FCST_ACT_MW,3.5,86,ACTUAL,408
2019-12-24T19:00:00-00:00,2019-12-24T20:00:00-00:00,0,2019-12-24,12,0,ACTUAL,VEA-TAC,Total Actual Hourly Integrated Load,SYS_FCST_ACT_MW,3.5,71,ACTUAL,408
2019-12-24T22:00:00-00:00,2019-12-24T23:00:00-00:00,0,2019-12-24,15,0,ACTUAL,VEA-TAC,Total Actual Hourly Integrated Load,SYS_FCST_ACT_MW,3.5,64,ACTUAL,408
2019-12-25T00:00:00-00:00,2019-12-25T01:00:00-00:00,0,2019-12-24,17,0,ACTUAL,VEA-TAC,Total Actual Hourly Integrated Load,SYS_FCST_ACT_MW,3.5,73,ACTUAL,408
2019-12-25T07:00:00-00:00,2019-12-25T08:00:00-00:00,0,2019-12-24,24,0,ACTUAL,VEA-TAC,Total Actual Hourly Integrated Load,SYS_FCST_ACT_MW,3.5,73,ACTUAL,408
2019-12-25T04:00:00-00:00,2019-12-25T05:00:00-00:00,0,2019-12-24,21,0,ACTUAL,VEA-TAC,Total Actual Hourly Integrated Load,SYS_FCST_ACT_MW,3.5,79,ACTUAL,408
2019-12-24T09:00:00-00:00,2019-12-24T10:00:00-00:00,0,2019-12-24,2,0,ACTUAL,VEA-TAC,Total Actual Hourly Integrated Load,SYS_FCST_ACT_MW,3.5,66,ACTUAL,408
2019-12-24T17:00:00-00:00,2019-12-24T18:00:00-00:00,0,2019-12-24,10,0,ACTUAL,VEA-TAC,Total Actual Hourly Integrated Load,SYS_FCST_ACT_MW,3.5,83,ACTUAL,408
2019-12-24T21:00:00-00:00,2019-12-24T22:00:00-00:00,0,2019-12-24,14,0,ACTUAL,VEA-TAC,Total Actual Hourly Integrated Load,SYS_FCST_ACT_MW,3.5,63,ACTUAL,408
2019-12-25T01:00:00-00:00,2019-12-25T02:00:00-00:00,0,2019-12-24,18,0,ACTUAL,VEA-TAC,Total Actual Hourly Integrated Load,SYS_FCST_ACT_MW,3.5,80,ACTUAL,408
2019-12-25T05:00:00-00:00,2019-12-25T06:00:00-00:00,0,2019-12-24,22,0,ACTUAL,VEA-TAC,Total Actual Hourly Integrated Load,SYS_FCST_ACT_MW,3.5,78,ACTUAL,408
2019-12-24T18:00:00-00:00,2019-12-24T19:00:00-00:00,0,2019-12-24,11,0,ACTUAL,VEA-TAC,Total Actual Hourly Integrated Load,SYS_FCST_ACT_MW,3.5,78,ACTUAL,408
2019-12-25T03:00:00-00:00,2019-12-25T04:00:00-00:00,0,2019-12-24,20,0,ACTUAL,VEA-TAC,Total Actual Hourly Integrated Load,SYS_FCST_ACT_MW,3.5,79,ACTUAL,408
2019-12-25T23:00:00-00:00,2019-12-26T00:00:00-00:00,0,2019-12-25,16,0,ACTUAL,AZPS,Total Actual Hourly Integrated Load,SYS_FCST_ACT_MW,3.8,2719,ACTUAL,409
2019-12-25T20:00:00-00:00,2019-12-25T21:00:00-00:00,0,2019-12-25,13,0,ACTUAL,AZPS,Total Actual Hourly Integrated Load,SYS_FCST_ACT_MW,3.8,2523,ACTUAL,409
2019-12-26T07:00:00-00:00,2019-12-26T08:00:00-00:00,0,2019-12-25,24,0,ACTUAL,AZPS,Total Actual Hourly Integrated Load,SYS_FCST_ACT_MW,3.8,2817,ACTUAL,409
2019-12-25T13:00:00-00:00,2019-12-25T14:00:00-00:00,0,2019-12-25,6,0,ACTUAL,AZPS,Total Actual Hourly Integrated Load,SYS_FCST_ACT_MW,3.8,2859,ACTUAL,409
2019-12-25T22:00:00-00:00,2019-12-25T23:00:00-00:00,0,2019-12-25,15,0,ACTUAL,AZPS,Total Actual Hourly Integrated Load,SYS_FCST_ACT_MW,3.8,2584,ACTUAL,409
2019-12-25T11:00:00-00:00,2019-12-25T12:00:00-00:00,0,2019-12-25,4,0,ACTUAL,AZPS,Total Actual Hourly Integrated Load,SYS_FCST_ACT_MW,3.8,2621,ACTUAL,409
2019-12-25T12:00:00-00:00,2019-12-25T13:00:00-00:00,0,2019-12-25,5,0,ACTUAL,AZPS,Total Actual Hourly Integrated Load,SYS_FCST_ACT_MW,3.8,2724,ACTUAL,409
2019-12-25T16:00:00-00:00,2019-12-25T17:00:00-00:00,0,2019-12-25,9,0,ACTUAL,AZPS,Total Actual Hourly Integrated Load,SYS_FCST_ACT_MW,3.8,3105,ACTUAL,409
2019-12-25T19:00:00-00:00,2019-12-25T20:00:00-00:00,0,2019-12-25,12,0,ACTUAL,AZPS,Total Actual Hourly Integrated Load,SYS_FCST_ACT_MW,3.8,2639,ACTUAL,409
2019-12-26T05:00:00-00:00,2019-12-26T06:00:00-00:00,0,2019-12-25,22,0,ACTUAL,AZPS,Total Actual Hourly Integrated Load,SYS_FCST_ACT_MW,3.8,3010,ACTUAL,409
2019-12-26T06:00:00-00:00,2019-12-26T07:00:00-00:00,0,2019-12-25,23,0,ACTUAL,AZPS,Total Actual Hourly Integrated Load,SYS_FCST_ACT_MW,3.8,2888,ACTUAL,409
2019-12-25T21:00:00-00:00,2019-12-25T22:00:00-00:00,0,2019-12-25,14,0,ACTUAL,AZPS,Total Actual Hourly Integrated Load,SYS_FCST_ACT_MW,3.8,2496,ACTUAL,409
2019-12-26T01:00:00-00:00,2019-12-26T02:00:00-00:00,0,2019-12-25,18,0,ACTUAL,AZPS,Total Actual Hourly Integrated Load,SYS_FCST_ACT_MW,3.8,3123,ACTUAL,409
2019-12-26T02:00:00-00:00,2019-12-26T03:00:00-00:00,0,2019-12-25,19,0,ACTUAL,AZPS,Total Actual Hourly Integrated Load,SYS_FCST_ACT_MW,3.8,3131,ACTUAL,409
2019-12-25T08:00:00-00:00,2019-12-25T09:00:00-00:00,0,2019-12-25,1,0,ACTUAL,AZPS,Total Actual Hourly Integrated Load,SYS_FCST_ACT_MW,3.8,2619,ACTUAL,409
2019-12-25T10:00:00-00:00,2019-12-25T11:00:00-00:00,0,2019-12-25,3,0,ACTUAL,AZPS,Total Actual Hourly Integrated Load,SYS_FCST_ACT_MW,3.8,2586,ACTUAL,409
2019-12-25T14:00:00-00:00,2019-12-25T15:00:00-00:00,0,2019-12-25,7,0,ACTUAL,AZPS,Total Actual Hourly Integrated Load,SYS_FCST_ACT_MW,3.8,2994,ACTUAL,409
2019-12-25T15:00:00-00:00,2019-12-25T16:00:00-00:00,0,2019-12-25,8,0,ACTUAL,AZPS,Total Actual Hourly Integrated Load,SYS_FCST_ACT_MW,3.8,3092,ACTUAL,409
2019-12-26T00:00:00-00:00,2019-12-26T01:00:00-00:00,0,2019-12-25,17,0,ACTUAL,AZPS,Total Actual Hourly Integrated Load,SYS_FCST_ACT_MW,3.8,2974,ACTUAL,409
2019-12-26T03:00:00-00:00,2019-12-26T04:00:00-00:00,0,2019-12-25,20,0,ACTUAL,AZPS,Total Actual Hourly Integrated Load,SYS_FCST_ACT_MW,3.8,3144,ACTUAL,409
2019-12-25T09:00:00-00:00,2019-12-25T10:00:00-00:00,0,2019-12-25,2,0,ACTUAL,AZPS,Total Actual Hourly Integrated Load,SYS_FCST_ACT_MW,3.8,2594,ACTUAL,409
2019-12-25T17:00:00-00:00,2019-12-25T18:00:00-00:00,0,2019-12-25,10,0,ACTUAL,AZPS,Total Actual Hourly Integrated Load,SYS_FCST_ACT_MW,3.8,3037,ACTUAL,409
2019-12-25T18:00:00-00:00,2019-12-25T19:00:00-00:00,0,2019-12-25,11,0,ACTUAL,AZPS,Total Actual Hourly Integrated Load,SYS_FCST_ACT_MW,3.8,2841,ACTUAL,409
2019-12-26T04:00:00-00:00,2019-12-26T05:00:00-00:00,0,2019-12-25,21,0,ACTUAL,AZPS,Total Actual Hourly Integrated Load,SYS_FCST_ACT_MW,3.8,3121,ACTUAL,409
2019-12-26T07:00:00-00:00,2019-12-26T08:00:00-00:00,0,2019-12-25,24,0,ACTUAL,BANCSMUD,Total Actual Hourly Integrated Load,SYS_FCST_ACT_MW,3.8,1067,ACTUAL,410
2019-12-26T05:00:00-00:00,2019-12-26T06:00:00-00:00,0,2019-12-25,22,0,ACTUAL,BANCSMUD,Total Actual Hourly Integrated Load,SYS_FCST_ACT_MW,3.8,1198,ACTUAL,410
2019-12-25T09:00:00-00:00,2019-12-25T10:00:00-00:00,0,2019-12-25,2,0,ACTUAL,BANCSMUD,Total Actual Hourly Integrated Load,SYS_FCST_ACT_MW,3.8,1002,ACTUAL,410
2019-12-25T14:00:00-00:00,2019-12-25T15:00:00-00:00,0,2019-12-25,7,0,ACTUAL,BANCSMUD,Total Actual Hourly Integrated Load,SYS_FCST_ACT_MW,3.8,1060,ACTUAL,410
2019-12-25T11:00:00-00:00,2019-12-25T12:00:00-00:00,0,2019-12-25,4,0,ACTUAL,BANCSMUD,Total Actual Hourly Integrated Load,SYS_FCST_ACT_MW,3.8,960,ACTUAL,410
2019-12-25T23:00:00-00:00,2019-12-26T00:00:00-00:00,0,2019-12-25,16,0,ACTUAL,BANCSMUD,Total Actual Hourly Integrated Load,SYS_FCST_ACT_MW,3.8,1136,ACTUAL,410
2019-12-25T20:00:00-00:00,2019-12-25T21:00:00-00:00,0,2019-12-25,13,0,ACTUAL,BANCSMUD,Total Actual Hourly Integrated Load,SYS_FCST_ACT_MW,3.8,1171,ACTUAL,410
2019-12-25T18:00:00-00:00,2019-12-25T19:00:00-00:00,0,2019-12-25,11,0,ACTUAL,BANCSMUD,Total Actual Hourly Integrated Load,SYS_FCST_ACT_MW,3.8,1204,ACTUAL,410
2019-12-25T12:00:00-00:00,2019-12-25T13:00:00-00:00,0,2019-12-25,5,0,ACTUAL,BANCSMUD,Total Actual Hourly Integrated Load,SYS_FCST_ACT_MW,3.8,971,ACTUAL,410
2019-12-25T10:00:00-00:00,2019-12-25T11:00:00-00:00,0,2019-12-25,3,0,ACTUAL,BANCSMUD,Total Actual Hourly Integrated Load,SYS_FCST_ACT_MW,3.8,971,ACTUAL,410
2019-12-26T01:00:00-00:00,2019-12-26T02:00:00-00:00,0,2019-12-25,18,0,ACTUAL,BANCSMUD,Total Actual Hourly Integrated Load,SYS_FCST_ACT_MW,3.8,1238,ACTUAL,410
2019-12-25T22:00:00-00:00,2019-12-25T23:00:00-00:00,0,2019-12-25,15,0,ACTUAL,BANCSMUD,Total Actual Hourly Integrated Load,SYS_FCST_ACT_MW,3.8,1135,ACTUAL,410
2019-12-26T06:00:00-00:00,2019-12-26T07:00:00-00:00,0,2019-12-25,23,0,ACTUAL,BANCSMUD,Total Actual Hourly Integrated Load,SYS_FCST_ACT_MW,3.8,1136,ACTUAL,410
2019-12-26T00:00:00-00:00,2019-12-26T01:00:00-00:00,0,2019-12-25,17,0,ACTUAL,BANCSMUD,Total Actual Hourly Integrated Load,SYS_FCST_ACT_MW,3.8,1174,ACTUAL,410
2019-12-25T19:00:00-00:00,2019-12-25T20:00:00-00:00,0,2019-12-25,12,0,ACTUAL,BANCSMUD,Total Actual Hourly Integrated Load,SYS_FCST_ACT_MW,3.8,1194,ACTUAL,410
2019-12-25T16:00:00-00:00,2019-12-25T17:00:00-00:00,0,2019-12-25,9,0,ACTUAL,BANCSMUD,Total Actual Hourly Integrated Load,SYS_FCST_ACT_MW,3.8,1168,ACTUAL,410
2019-12-25T13:00:00-00:00,2019-12-25T14:00:00-00:00,0,2019-12-25,6,0,ACTUAL,BANCSMUD,Total Actual Hourly Integrated Load,SYS_FCST_ACT_MW,3.8,1008,ACTUAL,410
2019-12-25T17:00:00-00:00,2019-12-25T18:00:00-00:00,0,2019-12-25,10,0,ACTUAL,BANCSMUD,Total Actual Hourly Integrated Load,SYS_FCST_ACT_MW,3.8,1202,ACTUAL,410
2019-12-25T15:00:00-00:00,2019-12-25T16:00:00-00:00,0,2019-12-25,8,0,ACTUAL,BANCSMUD,Total Actual Hourly Integrated Load,SYS_FCST_ACT_MW,3.8,1116,ACTUAL,410
2019-12-26T04:00:00-00:00,2019-12-26T05:00:00-00:00,0,2019-12-25,21,0,ACTUAL,BANCSMUD,Total Actual Hourly Integrated Load,SYS_FCST_ACT_MW,3.8,1223,ACTUAL,410
2019-12-26T03:00:00-00:00,2019-12-26T04:00:00-00:00,0,2019-12-25,20,0,ACTUAL,BANCSMUD,Total Actual Hourly Integrated Load,SYS_FCST_ACT_MW,3.8,1222,ACTUAL,410
2019-12-26T02:00:00-00:00,2019-12-26T03:00:00-00:00,0,2019-12-25,19,0,ACTUAL,BANCSMUD,Total Actual Hourly Integrated Load,SYS_FCST_ACT_MW,3.8,1229,ACTUAL,410
2019-12-25T21:00:00-00:00,2019-12-25T22:00:00-00:00,0,2019-12-25,14,0,ACTUAL,BANCSMUD,Total Actual Hourly Integrated Load,SYS_FCST_ACT_MW,3.8,1145,ACTUAL,410
2019-12-25T08:00:00-00:00,2019-12-25T09:00:00-00:00,0,2019-12-25,1,0,ACTUAL,BANCSMUD,Total Actual Hourly Integrated Load,SYS_FCST_ACT_MW,3.8,1050,ACTUAL,410
2019-12-25T15:00:00-00:00,2019-12-25T16:00:00-00:00,0,2019-12-25,8,0,ACTUAL,BCHA,Total Actual Hourly Integrated Load,SYS_FCST_ACT_MW,3.8,7629,ACTUAL,411
2019-12-26T07:00:00-00:00,2019-12-26T08:00:00-00:00,0,2019-12-25,24,0,ACTUAL,BCHA,Total Actual Hourly Integrated Load,SYS_FCST_ACT_MW,3.8,7402,ACTUAL,411
2019-12-26T01:00:00-00:00,2019-12-26T02:00:00-00:00,0,2019-12-25,18,0,ACTUAL,BCHA,Total Actual Hourly Integrated Load,SYS_FCST_ACT_MW,3.8,8630,ACTUAL,411
2019-12-25T16:00:00-00:00,2019-12-25T17:00:00-00:00,0,2019-12-25,9,0,ACTUAL,BCHA,Total Actual Hourly Integrated Load,SYS_FCST_ACT_MW,3.8,7977,ACTUAL,411
2019-12-25T18:00:00-00:00,2019-12-25T19:00:00-00:00,0,2019-12-25,11,0,ACTUAL,BCHA,Total Actual Hourly Integrated Load,SYS_FCST_ACT_MW,3.8,8273,ACTUAL,411
2019-12-25T08:00:00-00:00,2019-12-25T09:00:00-00:00,0,2019-12-25,1,0,ACTUAL,BCHA,Total Actual Hourly Integrated Load,SYS_FCST_ACT_MW,3.8,7043,ACTUAL,411
2019-12-25T13:00:00-00:00,2019-12-25T14:00:00-00:00,0,2019-12-25,6,0,ACTUAL,BCHA,Total Actual Hourly Integrated Load,SYS_FCST_ACT_MW,3.8,6938,ACTUAL,411
2019-12-26T04:00:00-00:00,2019-12-26T05:00:00-00:00,0,2019-12-25,21,0,ACTUAL,BCHA,Total Actual Hourly Integrated Load,SYS_FCST_ACT_MW,3.8,8132,ACTUAL,411
2019-12-25T11:00:00-00:00,2019-12-25T12:00:00-00:00,0,2019-12-25,4,0,ACTUAL,BCHA,Total Actual Hourly Integrated Load,SYS_FCST_ACT_MW,3.8,6701,ACTUAL,411
2019-12-26T06:00:00-00:00,2019-12-26T07:00:00-00:00,0,2019-12-25,23,0,ACTUAL,BCHA,Total Actual Hourly Integrated Load,SYS_FCST_ACT_MW,3.8,7741,ACTUAL,411
2019-12-25T22:00:00-00:00,2019-12-25T23:00:00-00:00,0,2019-12-25,15,0,ACTUAL,BCHA,Total Actual Hourly Integrated Load,SYS_FCST_ACT_MW,3.8,8117,ACTUAL,411
2019-12-25T19:00:00-00:00,2019-12-25T20:00:00-00:00,0,2019-12-25,12,0,ACTUAL,BCHA,Total Actual Hourly Integrated Load,SYS_FCST_ACT_MW,3.8,8253,ACTUAL,411
2019-12-26T03:00:00-00:00,2019-12-26T04:00:00-00:00,0,2019-12-25,20,0,ACTUAL,BCHA,Total Actual Hourly Integrated Load,SYS_FCST_ACT_MW,3.8,8183,ACTUAL,411
2019-12-25T12:00:00-00:00,2019-12-25T13:00:00-00:00,0,2019-12-25,5,0,ACTUAL,BCHA,Total Actual Hourly Integrated Load,SYS_FCST_ACT_MW,3.8,6769,ACTUAL,411
2019-12-26T05:00:00-00:00,2019-12-26T06:00:00-00:00,0,2019-12-25,22,0,ACTUAL,BCHA,Total Actual Hourly Integrated Load,SYS_FCST_ACT_MW,3.8,7995,ACTUAL,411
2019-12-26T00:00:00-00:00,2019-12-26T01:00:00-00:00,0,2019-12-25,17,0,ACTUAL,BCHA,Total Actual Hourly Integrated Load,SYS_FCST_ACT_MW,3.8,8605,ACTUAL,411
2019-12-25T23:00:00-00:00,2019-12-26T00:00:00-00:00,0,2019-12-25,16,0,ACTUAL,BCHA,Total Actual Hourly Integrated Load,SYS_FCST_ACT_MW,3.8,8281,ACTUAL,411
2019-12-25T14:00:00-00:00,2019-12-25T15:00:00-00:00,0,2019-12-25,7,0,ACTUAL,BCHA,Total Actual Hourly Integrated Load,SYS_FCST_ACT_MW,3.8,7203,ACTUAL,411
2019-12-26T02:00:00-00:00,2019-12-26T03:00:00-00:00,0,2019-12-25,19,0,ACTUAL,BCHA,Total Actual Hourly Integrated Load,SYS_FCST_ACT_MW,3.8,8336,ACTUAL,411
2019-12-25T17:00:00-00:00,2019-12-25T18:00:00-00:00,0,2019-12-25,10,0,ACTUAL,BCHA,Total Actual Hourly Integrated Load,SYS_FCST_ACT_MW,3.8,8205,ACTUAL,411
2019-12-25T21:00:00-00:00,2019-12-25T22:00:00-00:00,0,2019-12-25,14,0,ACTUAL,BCHA,Total Actual Hourly Integrated Load,SYS_FCST_ACT_MW,3.8,8134,ACTUAL,411
2019-12-25T10:00:00-00:00,2019-12-25T11:00:00-00:00,0,2019-12-25,3,0,ACTUAL,BCHA,Total Actual Hourly Integrated Load,SYS_FCST_ACT_MW,3.8,6731,ACTUAL,411
2019-12-25T09:00:00-00:00,2019-12-25T10:00:00-00:00,0,2019-12-25,2,0,ACTUAL,BCHA,Total Actual Hourly Integrated Load,SYS_FCST_ACT_MW,3.8,6834,ACTUAL,411
2019-12-25T20:00:00-00:00,2019-12-25T21:00:00-00:00,0,2019-12-25,13,0,ACTUAL,BCHA,Total Actual Hourly Integrated Load,SYS_FCST_ACT_MW,3.8,8194,ACTUAL,411
2019-12-25T22:00:00-00:00,2019-12-25T23:00:00-00:00,0,2019-12-25,15,0,ACTUAL,CA ISO-TAC,Total Actual Hourly Integrated Load,SYS_FCST_ACT_MW,3,21965,ACTUAL,412
2019-12-25T21:00:00-00:00,2019-12-25T22:00:00-00:00,0,2019-12-25,14,0,ACTUAL,CA ISO-TAC,Total Actual Hourly Integrated Load,SYS_FCST_ACT_MW,3,21803,ACTUAL,412
2019-12-25T18:00:00-00:00,2019-12-25T19:00:00-00:00,0,2019-12-25,11,0,ACTUAL,CA ISO-TAC,Total Actual Hourly Integrated Load,SYS_FCST_ACT_MW,3,21384,ACTUAL,412
2019-12-26T07:00:00-00:00,2019-12-26T08:00:00-00:00,0,2019-12-25,24,0,ACTUAL,CA ISO-TAC,Total Actual Hourly Integrated Load,SYS_FCST_ACT_MW,3,22023,ACTUAL,412
2019-12-25T15:00:00-00:00,2019-12-25T16:00:00-00:00,0,2019-12-25,8,0,ACTUAL,CA ISO-TAC,Total Actual Hourly Integrated Load,SYS_FCST_ACT_MW,3,21868,ACTUAL,412
2019-12-26T01:00:00-00:00,2019-12-26T02:00:00-00:00,0,2019-12-25,18,0,ACTUAL,CA ISO-TAC,Total Actual Hourly Integrated Load,SYS_FCST_ACT_MW,3,25570,ACTUAL,412
2019-12-26T03:00:00-00:00,2019-12-26T04:00:00-00:00,0,2019-12-25,20,0,ACTUAL,CA ISO-TAC,Total Actual Hourly Integrated Load,SYS_FCST_ACT_MW,3,25396,ACTUAL,412
2019-12-26T04:00:00-00:00,2019-12-26T05:00:00-00:00,0,2019-12-25,21,0,ACTUAL,CA ISO-TAC,Total Actual Hourly Integrated Load,SYS_FCST_ACT_MW,3,25165,ACTUAL,412
2019-12-25T09:00:00-00:00,2019-12-25T10:00:00-00:00,0,2019-12-25,2,0,ACTUAL,CA ISO-TAC,Total Actual Hourly Integrated Load,SYS_FCST_ACT_MW,3,20869,ACTUAL,412
2019-12-25T13:00:00-00:00,2019-12-25T14:00:00-00:00,0,2019-12-25,6,0,ACTUAL,CA ISO-TAC,Total Actual Hourly Integrated Load,SYS_FCST_ACT_MW,3,20668,ACTUAL,412
2019-12-25T16:00:00-00:00,2019-12-25T17:00:00-00:00,0,2019-12-25,9,0,ACTUAL,CA ISO-TAC,Total Actual Hourly Integrated Load,SYS_FCST_ACT_MW,3,21845,ACTUAL,412
2019-12-25T17:00:00-00:00,2019-12-25T18:00:00-00:00,0,2019-12-25,10,0,ACTUAL,CA ISO-TAC,Total Actual Hourly Integrated Load,SYS_FCST_ACT_MW,3,21352,ACTUAL,412
2019-12-26T06:00:00-00:00,2019-12-26T07:00:00-00:00,0,2019-12-25,23,0,ACTUAL,CA ISO-TAC,Total Actual Hourly Integrated Load,SYS_FCST_ACT_MW,3,23356,ACTUAL,412
2019-12-25T20:00:00-00:00,2019-12-25T21:00:00-00:00,0,2019-12-25,13,0,ACTUAL,CA ISO-TAC,Total Actual Hourly Integrated Load,SYS_FCST_ACT_MW,3,21655,ACTUAL,412
2019-12-26T00:00:00-00:00,2019-12-26T01:00:00-00:00,0,2019-12-25,17,0,ACTUAL,CA ISO-TAC,Total Actual Hourly Integrated Load,SYS_FCST_ACT_MW,3,23786,ACTUAL,412
2019-12-25T10:00:00-00:00,2019-12-25T11:00:00-00:00,0,2019-12-25,3,0,ACTUAL,CA ISO-TAC,Total Actual Hourly Integrated Load,SYS_FCST_ACT_MW,3,20459,ACTUAL,412
2019-12-25T12:00:00-00:00,2019-12-25T13:00:00-00:00,0,2019-12-25,5,0,ACTUAL,CA ISO-TAC,Total Actual Hourly Integrated Load,SYS_FCST_ACT_MW,3,20180,ACTUAL,412
2019-12-25T14:00:00-00:00,2019-12-25T15:00:00-00:00,0,2019-12-25,7,0,ACTUAL,CA ISO-TAC,Total Actual Hourly Integrated Load,SYS_FCST_ACT_MW,3,21393,ACTUAL,412
2019-12-25T19:00:00-00:00,2019-12-25T20:00:00-00:00,0,2019-12-25,12,0,ACTUAL,CA ISO-TAC,Total Actual Hourly Integrated Load,SYS_FCST_ACT_MW,3,21362,ACTUAL,412
2019-12-26T02:00:00-00:00,2019-12-26T03:00:00-00:00,0,2019-12-25,19,0,ACTUAL,CA ISO-TAC,Total Actual Hourly Integrated Load,SYS_FCST_ACT_MW,3,25551,ACTUAL,412
2019-12-26T05:00:00-00:00,2019-12-26T06:00:00-00:00,0,2019-12-25,22,0,ACTUAL,CA ISO-TAC,Total Actual Hourly Integrated Load,SYS_FCST_ACT_MW,3,24531,ACTUAL,412
2019-12-25T08:00:00-00:00,2019-12-25T09:00:00-00:00,0,2019-12-25,1,0,ACTUAL,CA ISO-TAC,Total Actual Hourly Integrated Load,SYS_FCST_ACT_MW,3,21485,ACTUAL,412
2019-12-25T11:00:00-00:00,2019-12-25T12:00:00-00:00,0,2019-12-25,4,0,ACTUAL,CA ISO-TAC,Total Actual Hourly Integrated Load,SYS_FCST_ACT_MW,3,20105,ACTUAL,412
2019-12-25T23:00:00-00:00,2019-12-26T00:00:00-00:00,0,2019-12-25,16,0,ACTUAL,CA ISO-TAC,Total Actual Hourly Integrated Load,SYS_FCST_ACT_MW,3,22331,ACTUAL,412
2019-12-26T04:00:00-00:00,2019-12-26T05:00:00-00:00,0,2019-12-25,21,0,ACTUAL,IPCO,Total Actual Hourly Integrated Load,SYS_FCST_ACT_MW,3.8,1868,ACTUAL,413
2019-12-25T16:00:00-00:00,2019-12-25T17:00:00-00:00,0,2019-12-25,9,0,ACTUAL,IPCO,Total Actual Hourly Integrated Load,SYS_FCST_ACT_MW,3.8,1964,ACTUAL,413
2019-12-25T13:00:00-00:00,2019-12-25T14:00:00-00:00,0,2019-12-25,6,0,ACTUAL,IPCO,Total Actual Hourly Integrated Load,SYS_FCST_ACT_MW,3.8,1793,ACTUAL,413
2019-12-25T14:00:00-00:00,2019-12-25T15:00:00-00:00,0,2019-12-25,7,0,ACTUAL,IPCO,Total Actual Hourly Integrated Load,SYS_FCST_ACT_MW,3.8,1879,ACTUAL,413
2019-12-26T07:00:00-00:00,2019-12-26T08:00:00-00:00,0,2019-12-25,24,0,ACTUAL,IPCO,Total Actual Hourly Integrated Load,SYS_FCST_ACT_MW,3.8,1659,ACTUAL,413
2019-12-25T22:00:00-00:00,2019-12-25T23:00:00-00:00,0,2019-12-25,15,0,ACTUAL,IPCO,Total Actual Hourly Integrated Load,SYS_FCST_ACT_MW,3.8,1802,ACTUAL,413
2019-12-25T11:00:00-00:00,2019-12-25T12:00:00-00:00,0,2019-12-25,4,0,ACTUAL,IPCO,Total Actual Hourly Integrated Load,SYS_FCST_ACT_MW,3.8,1668,ACTUAL,413
2019-12-25T09:00:00-00:00,2019-12-25T10:00:00-00:00,0,2019-12-25,2,0,ACTUAL,IPCO,Total Actual Hourly Integrated Load,SYS_FCST_ACT_MW,3.8,1647,ACTUAL,413
2019-12-25T17:00:00-00:00,2019-12-25T18:00:00-00:00,0,2019-12-25,10,0,ACTUAL,IPCO,Total Actual Hourly Integrated Load,SYS_FCST_ACT_MW,3.8,1945,ACTUAL,413
2019-12-26T06:00:00-00:00,2019-12-26T07:00:00-00:00,0,2019-12-25,23,0,ACTUAL,IPCO,Total Actual Hourly Integrated Load,SYS_FCST_ACT_MW,3.8,1713,ACTUAL,413
2019-12-25T08:00:00-00:00,2019-12-25T09:00:00-00:00,0,2019-12-25,1,0,ACTUAL,IPCO,Total Actual Hourly Integrated Load,SYS_FCST_ACT_MW,3.8,1659,ACTUAL,413
2019-12-25T12:00:00-00:00,2019-12-25T13:00:00-00:00,0,2019-12-25,5,0,ACTUAL,IPCO,Total Actual Hourly Integrated Load,SYS_FCST_ACT_MW,3.8,1716,ACTUAL,413
2019-12-25T21:00:00-00:00,2019-12-25T22:00:00-00:00,0,2019-12-25,14,0,ACTUAL,IPCO,Total Actual Hourly Integrated Load,SYS_FCST_ACT_MW,3.8,1812,ACTUAL,413
2019-12-26T03:00:00-00:00,2019-12-26T04:00:00-00:00,0,2019-12-25,20,0,ACTUAL,IPCO,Total Actual Hourly Integrated Load,SYS_FCST_ACT_MW,3.8,1913,ACTUAL,413
2019-12-25T23:00:00-00:00,2019-12-26T00:00:00-00:00,0,2019-12-25,16,0,ACTUAL,IPCO,Total Actual Hourly Integrated Load,SYS_FCST_ACT_MW,3.8,1826,ACTUAL,413
2019-12-26T01:00:00-00:00,2019-12-26T02:00:00-00:00,0,2019-12-25,18,0,ACTUAL,IPCO,Total Actual Hourly Integrated Load,SYS_FCST_ACT_MW,3.8,1926,ACTUAL,413
2019-12-25T15:00:00-00:00,2019-12-25T16:00:00-00:00,0,2019-12-25,8,0,ACTUAL,IPCO,Total Actual Hourly Integrated Load,SYS_FCST_ACT_MW,3.8,1944,ACTUAL,413
2019-12-25T20:00:00-00:00,2019-12-25T21:00:00-00:00,0,2019-12-25,13,0,ACTUAL,IPCO,Total Actual Hourly Integrated Load,SYS_FCST_ACT_MW,3.8,1839,ACTUAL,413
2019-12-26T02:00:00-00:00,2019-12-26T03:00:00-00:00,0,2019-12-25,19,0,ACTUAL,IPCO,Total Actual Hourly Integrated Load,SYS_FCST_ACT_MW,3.8,1924,ACTUAL,413
2019-12-25T10:00:00-00:00,2019-12-25T11:00:00-00:00,0,2019-12-25,3,0,ACTUAL,IPCO,Total Actual Hourly Integrated Load,SYS_FCST_ACT_MW,3.8,1647,ACTUAL,413
2019-12-25T18:00:00-00:00,2019-12-25T19:00:00-00:00,0,2019-12-25,11,0,ACTUAL,IPCO,Total Actual Hourly Integrated Load,SYS_FCST_ACT_MW,3.8,1921,ACTUAL,413
2019-12-25T19:00:00-00:00,2019-12-25T20:00:00-00:00,0,2019-12-25,12,0,ACTUAL,IPCO,Total Actual Hourly Integrated Load,SYS_FCST_ACT_MW,3.8,1881,ACTUAL,413
2019-12-26T00:00:00-00:00,2019-12-26T01:00:00-00:00,0,2019-12-25,17,0,ACTUAL,IPCO,Total Actual Hourly Integrated Load,SYS_FCST_ACT_MW,3.8,1908,ACTUAL,413
2019-12-26T05:00:00-00:00,2019-12-26T06:00:00-00:00,0,2019-12-25,22,0,ACTUAL,IPCO,Total Actual Hourly Integrated Load,SYS_FCST_ACT_MW,3.8,1787,ACTUAL,413
2019-12-26T03:00:00-00:00,2019-12-26T04:00:00-00:00,0,2019-12-25,20,0,ACTUAL,MWD-TAC,Total Actual Hourly Integrated Load,SYS_FCST_ACT_MW,3.3,118,ACTUAL,414
2019-12-25T21:00:00-00:00,2019-12-25T22:00:00-00:00,0,2019-12-25,14,0,ACTUAL,MWD-TAC,Total Actual Hourly Integrated Load,SYS_FCST_ACT_MW,3.3,131,ACTUAL,414
2019-12-25T10:00:00-00:00,2019-12-25T11:00:00-00:00,0,2019-12-25,3,0,ACTUAL,MWD-TAC,Total Actual Hourly Integrated Load,SYS_FCST_ACT_MW,3.3,130,ACTUAL,414
2019-12-25T15:00:00-00:00,2019-12-25T16:00:00-00:00,0,2019-12-25,8,0,ACTUAL,MWD-TAC,Total Actual Hourly Integrated Load,SYS_FCST_ACT_MW,3.3,128,ACTUAL,414
2019-12-25T17:00:00-00:00,2019-12-25T18:00:00-00:00,0,2019-12-25,10,0,ACTUAL,MWD-TAC,Total Actual Hourly Integrated Load,SYS_FCST_ACT_MW,3.3,134,ACTUAL,414
2019-12-26T05:00:00-00:00,2019-12-26T06:00:00-00:00,0,2019-12-25,22,0,ACTUAL,MWD-TAC,Total Actual Hourly Integrated Load,SYS_FCST_ACT_MW,3.3,120,ACTUAL,414
2019-12-25T12:00:00-00:00,2019-12-25T13:00:00-00:00,0,2019-12-25,5,0,ACTUAL,MWD-TAC,Total Actual Hourly Integrated Load,SYS_FCST_ACT_MW,3.3,128,ACTUAL,414
2019-12-25T16:00:00-00:00,2019-12-25T17:00:00-00:00,0,2019-12-25,9,0,ACTUAL,MWD-TAC,Total Actual Hourly Integrated Load,SYS_FCST_ACT_MW,3.3,136,ACTUAL,414
2019-12-25T19:00:00-00:00,2019-12-25T20:00:00-00:00,0,2019-12-25,12,0,ACTUAL,MWD-TAC,Total Actual Hourly Integrated Load,SYS_FCST_ACT_MW,3.3,129,ACTUAL,414
2019-12-25T14:00:00-00:00,2019-12-25T15:00:00-00:00,0,2019-12-25,7,0,ACTUAL,MWD-TAC,Total Actual Hourly Integrated Load,SYS_FCST_ACT_MW,3.3,127,ACTUAL,414
2019-12-25T18:00:00-00:00,2019-12-25T19:00:00-00:00,0,2019-12-25,11,0,ACTUAL,MWD-TAC,Total Actual Hourly Integrated Load,SYS_FCST_ACT_MW,3.3,131,ACTUAL,414
2019-12-25T23:00:00-00:00,2019-12-26T00:00:00-00:00,0,2019-12-25,16,0,ACTUAL,MWD-TAC,Total Actual Hourly Integrated Load,SYS_FCST_ACT_MW,3.3,126,ACTUAL,414
2019-12-26T01:00:00-00:00,2019-12-26T02:00:00-00:00,0,2019-12-25,18,0,ACTUAL,MWD-TAC,Total Actual Hourly Integrated Load,SYS_FCST_ACT_MW,3.3,125,ACTUAL,414
2019-12-26T04:00:00-00:00,2019-12-26T05:00:00-00:00,0,2019-12-25,21,0,ACTUAL,MWD-TAC,Total Actual Hourly Integrated Load,SYS_FCST_ACT_MW,3.3,117,ACTUAL,414
2019-12-26T06:00:00-00:00,2019-12-26T07:00:00-00:00,0,2019-12-25,23,0,ACTUAL,MWD-TAC,Total Actual Hourly Integrated Load,SYS_FCST_ACT_MW,3.3,120,ACTUAL,414
2019-12-25T08:00:00-00:00,2019-12-25T09:00:00-00:00,0,2019-12-25,1,0,ACTUAL,MWD-TAC,Total Actual Hourly Integrated Load,SYS_FCST_ACT_MW,3.3,126,ACTUAL,414
2019-12-26T07:00:00-00:00,2019-12-26T08:00:00-00:00,0,2019-12-25,24,0,ACTUAL,MWD-TAC,Total Actual Hourly Integrated Load,SYS_FCST_ACT_MW,3.3,123,ACTUAL,414
2019-12-25T13:00:00-00:00,2019-12-25T14:00:00-00:00,0,2019-12-25,6,0,ACTUAL,MWD-TAC,Total Actual Hourly Integrated Load,SYS_FCST_ACT_MW,3.3,128,ACTUAL,414
2019-12-26T00:00:00-00:00,2019-12-26T01:00:00-00:00,0,2019-12-25,17,0,ACTUAL,MWD-TAC,Total Actual Hourly Integrated Load,SYS_FCST_ACT_MW,3.3,126,ACTUAL,414
2019-12-25T11:00:00-00:00,2019-12-25T12:00:00-00:00,0,2019-12-25,4,0,ACTUAL,MWD-TAC,Total Actual Hourly Integrated Load,SYS_FCST_ACT_MW,3.3,129,ACTUAL,414
2019-12-25T20:00:00-00:00,2019-12-25T21:00:00-00:00,0,2019-12-25,13,0,ACTUAL,MWD-TAC,Total Actual Hourly Integrated Load,SYS_FCST_ACT_MW,3.3,132,ACTUAL,414
2019-12-26T02:00:00-00:00,2019-12-26T03:00:00-00:00,0,2019-12-25,19,0,ACTUAL,MWD-TAC,Total Actual Hourly Integrated Load,SYS_FCST_ACT_MW,3.3,122,ACTUAL,414
2019-12-25T22:00:00-00:00,2019-12-25T23:00:00-00:00,0,2019-12-25,15,0,ACTUAL,MWD-TAC,Total Actual Hourly Integrated Load,SYS_FCST_ACT_MW,3.3,129,ACTUAL,414
2019-12-25T09:00:00-00:00,2019-12-25T10:00:00-00:00,0,2019-12-25,2,0,ACTUAL,MWD-TAC,Total Actual Hourly Integrated Load,SYS_FCST_ACT_MW,3.3,129,ACTUAL,414
2019-12-26T01:00:00-00:00,2019-12-26T02:00:00-00:00,0,2019-12-25,18,0,ACTUAL,NEVP,Total Actual Hourly Integrated Load,SYS_FCST_ACT_MW,3.8,4176,ACTUAL,415
2019-12-25T19:00:00-00:00,2019-12-25T20:00:00-00:00,0,2019-12-25,12,0,ACTUAL,NEVP,Total Actual Hourly Integrated Load,SYS_FCST_ACT_MW,3.8,3717,ACTUAL,415
2019-12-25T13:00:00-00:00,2019-12-25T14:00:00-00:00,0,2019-12-25,6,0,ACTUAL,NEVP,Total Actual Hourly Integrated Load,SYS_FCST_ACT_MW,3.8,3653,ACTUAL,415
2019-12-25T17:00:00-00:00,2019-12-25T18:00:00-00:00,0,2019-12-25,10,0,ACTUAL,NEVP,Total Actual Hourly Integrated Load,SYS_FCST_ACT_MW,3.8,3758,ACTUAL,415
2019-12-25T21:00:00-00:00,2019-12-25T22:00:00-00:00,0,2019-12-25,14,0,ACTUAL,NEVP,Total Actual Hourly Integrated Load,SYS_FCST_ACT_MW,3.8,3682,ACTUAL,415
2019-12-25T22:00:00-00:00,2019-12-25T23:00:00-00:00,0,2019-12-25,15,0,ACTUAL,NEVP,Total Actual Hourly Integrated Load,SYS_FCST_ACT_MW,3.8,3678,ACTUAL,415
2019-12-26T04:00:00-00:00,2019-12-26T05:00:00-00:00,0,2019-12-25,21,0,ACTUAL,NEVP,Total Actual Hourly Integrated Load,SYS_FCST_ACT_MW,3.8,4117,ACTUAL,415
2019-12-25T16:00:00-00:00,2019-12-25T17:00:00-00:00,0,2019-12-25,9,0,ACTUAL,NEVP,Total Actual Hourly Integrated Load,SYS_FCST_ACT_MW,3.8,3804,ACTUAL,415
2019-12-25T18:00:00-00:00,2019-12-25T19:00:00-00:00,0,2019-12-25,11,0,ACTUAL,NEVP,Total Actual Hourly Integrated Load,SYS_FCST_ACT_MW,3.8,3697,ACTUAL,415
2019-12-26T02:00:00-00:00,2019-12-26T03:00:00-00:00,0,2019-12-25,19,0,ACTUAL,NEVP,Total Actual Hourly Integrated Load,SYS_FCST_ACT_MW,3.8,4168,ACTUAL,415
2019-12-25T08:00:00-00:00,2019-12-25T09:00:00-00:00,0,2019-12-25,1,0,ACTUAL,NEVP,Total Actual Hourly Integrated Load,SYS_FCST_ACT_MW,3.8,3685,ACTUAL,415
2019-12-25T15:00:00-00:00,2019-12-25T16:00:00-00:00,0,2019-12-25,8,0,ACTUAL,NEVP,Total Actual Hourly Integrated Load,SYS_FCST_ACT_MW,3.8,3769,ACTUAL,415
2019-12-25T23:00:00-00:00,2019-12-26T00:00:00-00:00,0,2019-12-25,16,0,ACTUAL,NEVP,Total Actual Hourly Integrated Load,SYS_FCST_ACT_MW,3.8,3735,ACTUAL,415
2019-12-26T05:00:00-00:00,2019-12-26T06:00:00-00:00,0,2019-12-25,22,0,ACTUAL,NEVP,Total Actual Hourly Integrated Load,SYS_FCST_ACT_MW,3.8,4025,ACTUAL,415
2019-12-26T00:00:00-00:00,2019-12-26T01:00:00-00:00,0,2019-12-25,17,0,ACTUAL,NEVP,Total Actual Hourly Integrated Load,SYS_FCST_ACT_MW,3.8,3991,ACTUAL,415
2019-12-26T03:00:00-00:00,2019-12-26T04:00:00-00:00,0,2019-12-25,20,0,ACTUAL,NEVP,Total Actual Hourly Integrated Load,SYS_FCST_ACT_MW,3.8,4152,ACTUAL,415
2019-12-25T09:00:00-00:00,2019-12-25T10:00:00-00:00,0,2019-12-25,2,0,ACTUAL,NEVP,Total Actual Hourly Integrated Load,SYS_FCST_ACT_MW,3.8,3611,ACTUAL,415
2019-12-25T10:00:00-00:00,2019-12-25T11:00:00-00:00,0,2019-12-25,3,0,ACTUAL,NEVP,Total Actual Hourly Integrated Load,SYS_FCST_ACT_MW,3.8,3570,ACTUAL,415
2019-12-26T06:00:00-00:00,2019-12-26T07:00:00-00:00,0,2019-12-25,23,0,ACTUAL,NEVP,Total Actual Hourly Integrated Load,SYS_FCST_ACT_MW,3.8,3902,ACTUAL,415
2019-12-25T11:00:00-00:00,2019-12-25T12:00:00-00:00,0,2019-12-25,4,0,ACTUAL,NEVP,Total Actual Hourly Integrated Load,SYS_FCST_ACT_MW,3.8,3561,ACTUAL,415
2019-12-25T12:00:00-00:00,2019-12-25T13:00:00-00:00,0,2019-12-25,5,0,ACTUAL,NEVP,Total Actual Hourly Integrated Load,SYS_FCST_ACT_MW,3.8,3591,ACTUAL,415
2019-12-25T20:00:00-00:00,2019-12-25T21:00:00-00:00,0,2019-12-25,13,0,ACTUAL,NEVP,Total Actual Hourly Integrated Load,SYS_FCST_ACT_MW,3.8,3697,ACTUAL,415
2019-12-25T14:00:00-00:00,2019-12-25T15:00:00-00:00,0,2019-12-25,7,0,ACTUAL,NEVP,Total Actual Hourly Integrated Load,SYS_FCST_ACT_MW,3.8,3732,ACTUAL,415
2019-12-26T07:00:00-00:00,2019-12-26T08:00:00-00:00,0,2019-12-25,24,0,ACTUAL,NEVP,Total Actual Hourly Integrated Load,SYS_FCST_ACT_MW,3.8,3764,ACTUAL,415
2019-12-26T05:00:00-00:00,2019-12-26T06:00:00-00:00,0,2019-12-25,22,0,ACTUAL,PACE,Total Actual Hourly Integrated Load,SYS_FCST_ACT_MW,3.8,5208,ACTUAL,416
2019-12-25T11:00:00-00:00,2019-12-25T12:00:00-00:00,0,2019-12-25,4,0,ACTUAL,PACE,Total Actual Hourly Integrated Load,SYS_FCST_ACT_MW,3.8,4658,ACTUAL,416
2019-12-26T07:00:00-00:00,2019-12-26T08:00:00-00:00,0,2019-12-25,24,0,ACTUAL,PACE,Total Actual Hourly Integrated Load,SYS_FCST_ACT_MW,3.8,4830,ACTUAL,416
2019-12-25T23:00:00-00:00,2019-12-26T00:00:00-00:00,0,2019-12-25,16,0,ACTUAL,PACE,Total Actual Hourly Integrated Load,SYS_FCST_ACT_MW,3.8,5238,ACTUAL,416
2019-12-26T02:00:00-00:00,2019-12-26T03:00:00-00:00,0,2019-12-25,19,0,ACTUAL,PACE,Total Actual Hourly Integrated Load,SYS_FCST_ACT_MW,3.8,5498,ACTUAL,416
2019-12-25T15:00:00-00:00,2019-12-25T16:00:00-00:00,0,2019-12-25,8,0,ACTUAL,PACE,Total Actual Hourly Integrated Load,SYS_FCST_ACT_MW,3.8,5158,ACTUAL,416
2019-12-25T20:00:00-00:00,2019-12-25T21:00:00-00:00,0,2019-12-25,13,0,ACTUAL,PACE,Total Actual Hourly Integrated Load,SYS_FCST_ACT_MW,3.8,5045,ACTUAL,416
2019-12-25T19:00:00-00:00,2019-12-25T20:00:00-00:00,0,2019-12-25,12,0,ACTUAL,PACE,Total Actual Hourly Integrated Load,SYS_FCST_ACT_MW,3.8,5069,ACTUAL,416
2019-12-26T01:00:00-00:00,2019-12-26T02:00:00-00:00,0,2019-12-25,18,0,ACTUAL,PACE,Total Actual Hourly Integrated Load,SYS_FCST_ACT_MW,3.8,5515,ACTUAL,416
2019-12-25T22:00:00-00:00,2019-12-25T23:00:00-00:00,0,2019-12-25,15,0,ACTUAL,PACE,Total Actual Hourly Integrated Load,SYS_FCST_ACT_MW,3.8,5084,ACTUAL,416
2019-12-25T21:00:00-00:00,2019-12-25T22:00:00-00:00,0,2019-12-25,14,0,ACTUAL,PACE,Total Actual Hourly Integrated Load,SYS_FCST_ACT_MW,3.8,5034,ACTUAL,416
2019-12-25T16:00:00-00:00,2019-12-25T17:00:00-00:00,0,2019-12-25,9,0,ACTUAL,PACE,Total Actual Hourly Integrated Load,SYS_FCST_ACT_MW,3.8,5209,ACTUAL,416
2019-12-25T18:00:00-00:00,2019-12-25T19:00:00-00:00,0,2019-12-25,11,0,ACTUAL,PACE,Total Actual Hourly Integrated Load,SYS_FCST_ACT_MW,3.8,5084,ACTUAL,416
2019-12-26T03:00:00-00:00,2019-12-26T04:00:00-00:00,0,2019-12-25,20,0,ACTUAL,PACE,Total Actual Hourly Integrated Load,SYS_FCST_ACT_MW,3.8,5481,ACTUAL,416
2019-12-25T10:00:00-00:00,2019-12-25T11:00:00-00:00,0,2019-12-25,3,0,ACTUAL,PACE,Total Actual Hourly Integrated Load,SYS_FCST_ACT_MW,3.8,4607,ACTUAL,416
2019-12-25T14:00:00-00:00,2019-12-25T15:00:00-00:00,0,2019-12-25,7,0,ACTUAL,PACE,Total Actual Hourly Integrated Load,SYS_FCST_ACT_MW,3.8,5038,ACTUAL,416
2019-12-25T12:00:00-00:00,2019-12-25T13:00:00-00:00,0,2019-12-25,5,0,ACTUAL,PACE,Total Actual Hourly Integrated Load,SYS_FCST_ACT_MW,3.8,4753,ACTUAL,416
2019-12-26T04:00:00-00:00,2019-12-26T05:00:00-00:00,0,2019-12-25,21,0,ACTUAL,PACE,Total Actual Hourly Integrated Load,SYS_FCST_ACT_MW,3.8,5401,ACTUAL,416
2019-12-26T00:00:00-00:00,2019-12-26T01:00:00-00:00,0,2019-12-25,17,0,ACTUAL,PACE,Total Actual Hourly Integrated Load,SYS_FCST_ACT_MW,3.8,5490,ACTUAL,416
2019-12-25T09:00:00-00:00,2019-12-25T10:00:00-00:00,0,2019-12-25,2,0,ACTUAL,PACE,Total Actual Hourly Integrated Load,SYS_FCST_ACT_MW,3.8,4632,ACTUAL,416
2019-12-25T13:00:00-00:00,2019-12-25T14:00:00-00:00,0,2019-12-25,6,0,ACTUAL,PACE,Total Actual Hourly Integrated Load,SYS_FCST_ACT_MW,3.8,4882,ACTUAL,416
2019-12-26T06:00:00-00:00,2019-12-26T07:00:00-00:00,0,2019-12-25,23,0,ACTUAL,PACE,Total Actual Hourly Integrated Load,SYS_FCST_ACT_MW,3.8,4981,ACTUAL,416
2019-12-25T17:00:00-00:00,2019-12-25T18:00:00-00:00,0,2019-12-25,10,0,ACTUAL,PACE,Total Actual Hourly Integrated Load,SYS_FCST_ACT_MW,3.8,5155,ACTUAL,416
2019-12-25T08:00:00-00:00,2019-12-25T09:00:00-00:00,0,2019-12-25,1,0,ACTUAL,PACE,Total Actual Hourly Integrated Load,SYS_FCST_ACT_MW,3.8,4676,ACTUAL,416
2019-12-25T11:00:00-00:00,2019-12-25T12:00:00-00:00,0,2019-12-25,4,0,ACTUAL,PACW,Total Actual Hourly Integrated Load,SYS_FCST_ACT_MW,3.8,2142,ACTUAL,417
2019-12-25T21:00:00-00:00,2019-12-25T22:00:00-00:00,0,2019-12-25,14,0,ACTUAL,PACW,Total Actual Hourly Integrated Load,SYS_FCST_ACT_MW,3.8,2500,ACTUAL,417
2019-12-25T12:00:00-00:00,2019-12-25T13:00:00-00:00,0,2019-12-25,5,0,ACTUAL,PACW,Total Actual Hourly Integrated Load,SYS_FCST_ACT_MW,3.8,2187,ACTUAL,417
2019-12-26T01:00:00-00:00,2019-12-26T02:00:00-00:00,0,2019-12-25,18,0,ACTUAL,PACW,Total Actual Hourly Integrated Load,SYS_FCST_ACT_MW,3.8,2625,ACTUAL,417
2019-12-25T13:00:00-00:00,2019-12-25T14:00:00-00:00,0,2019-12-25,6,0,ACTUAL,PACW,Total Actual Hourly Integrated Load,SYS_FCST_ACT_MW,3.8,2298,ACTUAL,417
2019-12-25T10:00:00-00:00,2019-12-25T11:00:00-00:00,0,2019-12-25,3,0,ACTUAL,PACW,Total Actual Hourly Integrated Load,SYS_FCST_ACT_MW,3.8,2146,ACTUAL,417
2019-12-25T08:00:00-00:00,2019-12-25T09:00:00-00:00,0,2019-12-25,1,0,ACTUAL,PACW,Total Actual Hourly Integrated Load,SYS_FCST_ACT_MW,3.8,2203,ACTUAL,417
2019-12-26T06:00:00-00:00,2019-12-26T07:00:00-00:00,0,2019-12-25,23,0,ACTUAL,PACW,Total Actual Hourly Integrated Load,SYS_FCST_ACT_MW,3.8,2341,ACTUAL,417
2019-12-25T22:00:00-00:00,2019-12-25T23:00:00-00:00,0,2019-12-25,15,0,ACTUAL,PACW,Total Actual Hourly Integrated Load,SYS_FCST_ACT_MW,3.8,2466,ACTUAL,417
2019-12-25T20:00:00-00:00,2019-12-25T21:00:00-00:00,0,2019-12-25,13,0,ACTUAL,PACW,Total Actual Hourly Integrated Load,SYS_FCST_ACT_MW,3.8,2566,ACTUAL,417
2019-12-25T18:00:00-00:00,2019-12-25T19:00:00-00:00,0,2019-12-25,11,0,ACTUAL,PACW,Total Actual Hourly Integrated Load,SYS_FCST_ACT_MW,3.8,2695,ACTUAL,417
2019-12-25T17:00:00-00:00,2019-12-25T18:00:00-00:00,0,2019-12-25,10,0,ACTUAL,PACW,Total Actual Hourly Integrated Load,SYS_FCST_ACT_MW,3.8,2719,ACTUAL,417
2019-12-26T05:00:00-00:00,2019-12-26T06:00:00-00:00,0,2019-12-25,22,0,ACTUAL,PACW,Total Actual Hourly Integrated Load,SYS_FCST_ACT_MW,3.8,2471,ACTUAL,417
2019-12-26T07:00:00-00:00,2019-12-26T08:00:00-00:00,0,2019-12-25,24,0,ACTUAL,PACW,Total Actual Hourly Integrated Load,SYS_FCST_ACT_MW,3.8,2223,ACTUAL,417
2019-12-26T03:00:00-00:00,2019-12-26T04:00:00-00:00,0,2019-12-25,20,0,ACTUAL,PACW,Total Actual Hourly Integrated Load,SYS_FCST_ACT_MW,3.8,2589,ACTUAL,417
2019-12-25T16:00:00-00:00,2019-12-25T17:00:00-00:00,0,2019-12-25,9,0,ACTUAL,PACW,Total Actual Hourly Integrated Load,SYS_FCST_ACT_MW,3.8,2688,ACTUAL,417
2019-12-25T15:00:00-00:00,2019-12-25T16:00:00-00:00,0,2019-12-25,8,0,ACTUAL,PACW,Total Actual Hourly Integrated Load,SYS_FCST_ACT_MW,3.8,2580,ACTUAL,417
2019-12-25T14:00:00-00:00,2019-12-25T15:00:00-00:00,0,2019-12-25,7,0,ACTUAL,PACW,Total Actual Hourly Integrated Load,SYS_FCST_ACT_MW,3.8,2436,ACTUAL,417
2019-12-26T02:00:00-00:00,2019-12-26T03:00:00-00:00,0,2019-12-25,19,0,ACTUAL,PACW,Total Actual Hourly Integrated Load,SYS_FCST_ACT_MW,3.8,2600,ACTUAL,417
2019-12-25T23:00:00-00:00,2019-12-26T00:00:00-00:00,0,2019-12-25,16,0,ACTUAL,PACW,Total Actual Hourly Integrated Load,SYS_FCST_ACT_MW,3.8,2457,ACTUAL,417
2019-12-26T04:00:00-00:00,2019-12-26T05:00:00-00:00,0,2019-12-25,21,0,ACTUAL,PACW,Total Actual Hourly Integrated Load,SYS_FCST_ACT_MW,3.8,2569,ACTUAL,417
2019-12-26T00:00:00-00:00,2019-12-26T01:00:00-00:00,0,2019-12-25,17,0,ACTUAL,PACW,Total Actual Hourly Integrated Load,SYS_FCST_ACT_MW,3.8,2545,ACTUAL,417
2019-12-25T19:00:00-00:00,2019-12-25T20:00:00-00:00,0,2019-12-25,12,0,ACTUAL,PACW,Total Actual Hourly Integrated Load,SYS_FCST_ACT_MW,3.8,2640,ACTUAL,417
2019-12-25T09:00:00-00:00,2019-12-25T10:00:00-00:00,0,2019-12-25,2,0,ACTUAL,PACW,Total Actual Hourly Integrated Load,SYS_FCST_ACT_MW,3.8,2160,ACTUAL,417
2019-12-25T09:00:00-00:00,2019-12-25T10:00:00-00:00,0,2019-12-25,2,0,ACTUAL,PGE,Total Actual Hourly Integrated Load,SYS_FCST_ACT_MW,3.8,2079,ACTUAL,418
2019-12-26T07:00:00-00:00,2019-12-26T08:00:00-00:00,0,2019-12-25,24,0,ACTUAL,PGE,Total Actual Hourly Integrated Load,SYS_FCST_ACT_MW,3.8,2277,ACTUAL,418
2019-12-25T11:00:00-00:00,2019-12-25T12:00:00-00:00,0,2019-12-25,4,0,ACTUAL,PGE,Total Actual Hourly Integrated Load,SYS_FCST_ACT_MW,3.8,2030,ACTUAL,418
2019-12-25T22:00:00-00:00,2019-12-25T23:00:00-00:00,0,2019-12-25,15,0,ACTUAL,PGE,Total Actual Hourly Integrated Load,SYS_FCST_ACT_MW,3.8,2556,ACTUAL,418
2019-12-25T14:00:00-00:00,2019-12-25T15:00:00-00:00,0,2019-12-25,7,0,ACTUAL,PGE,Total Actual Hourly Integrated Load,SYS_FCST_ACT_MW,3.8,2283,ACTUAL,418
2019-12-26T01:00:00-00:00,2019-12-26T02:00:00-00:00,0,2019-12-25,18,0,ACTUAL,PGE,Total Actual Hourly Integrated Load,SYS_FCST_ACT_MW,3.8,2713,ACTUAL,418
2019-12-26T04:00:00-00:00,2019-12-26T05:00:00-00:00,0,2019-12-25,21,0,ACTUAL,PGE,Total Actual Hourly Integrated Load,SYS_FCST_ACT_MW,3.8,2620,ACTUAL,418
2019-12-25T12:00:00-00:00,2019-12-25T13:00:00-00:00,0,2019-12-25,5,0,ACTUAL,PGE,Total Actual Hourly Integrated Load,SYS_FCST_ACT_MW,3.8,2067,ACTUAL,418
2019-12-25T17:00:00-00:00,2019-12-25T18:00:00-00:00,0,2019-12-25,10,0,ACTUAL,PGE,Total Actual Hourly Integrated Load,SYS_FCST_ACT_MW,3.8,2659,ACTUAL,418
2019-12-26T02:00:00-00:00,2019-12-26T03:00:00-00:00,0,2019-12-25,19,0,ACTUAL,PGE,Total Actual Hourly Integrated Load,SYS_FCST_ACT_MW,3.8,2678,ACTUAL,418
2019-12-26T03:00:00-00:00,2019-12-26T04:00:00-00:00,0,2019-12-25,20,0,ACTUAL,PGE,Total Actual Hourly Integrated Load,SYS_FCST_ACT_MW,3.8,2649,ACTUAL,418
2019-12-26T00:00:00-00:00,2019-12-26T01:00:00-00:00,0,2019-12-25,17,0,ACTUAL,PGE,Total Actual Hourly Integrated Load,SYS_FCST_ACT_MW,3.8,2627,ACTUAL,418
2019-12-26T05:00:00-00:00,2019-12-26T06:00:00-00:00,0,2019-12-25,22,0,ACTUAL,PGE,Total Actual Hourly Integrated Load,SYS_FCST_ACT_MW,3.8,2550,ACTUAL,418
2019-12-26T06:00:00-00:00,2019-12-26T07:00:00-00:00,0,2019-12-25,23,0,ACTUAL,PGE,Total Actual Hourly Integrated Load,SYS_FCST_ACT_MW,3.8,2421,ACTUAL,418
2019-12-25T08:00:00-00:00,2019-12-25T09:00:00-00:00,0,2019-12-25,1,0,ACTUAL,PGE,Total Actual Hourly Integrated Load,SYS_FCST_ACT_MW,3.8,2155,ACTUAL,418
2019-12-25T10:00:00-00:00,2019-12-25T11:00:00-00:00,0,2019-12-25,3,0,ACTUAL,PGE,Total Actual Hourly Integrated Load,SYS_FCST_ACT_MW,3.8,2037,ACTUAL,418
2019-12-25T16:00:00-00:00,2019-12-25T17:00:00-00:00,0,2019-12-25,9,0,ACTUAL,PGE,Total Actual Hourly Integrated Load,SYS_FCST_ACT_MW,3.8,2569,ACTUAL,418
2019-12-25T21:00:00-00:00,2019-12-25T22:00:00-00:00,0,2019-12-25,14,0,ACTUAL,PGE,Total Actual Hourly Integrated Load,SYS_FCST_ACT_MW,3.8,2605,ACTUAL,418
2019-12-25T13:00:00-00:00,2019-12-25T14:00:00-00:00,0,2019-12-25,6,0,ACTUAL,PGE,Total Actual Hourly Integrated Load,SYS_FCST_ACT_MW,3.8,2156,ACTUAL,418
2019-12-25T15:00:00-00:00,2019-12-25T16:00:00-00:00,0,2019-12-25,8,0,ACTUAL,PGE,Total Actual Hourly Integrated Load,SYS_FCST_ACT_MW,3.8,2426,ACTUAL,418
2019-12-25T19:00:00-00:00,2019-12-25T20:00:00-00:00,0,2019-12-25,12,0,ACTUAL,PGE,Total Actual Hourly Integrated Load,SYS_FCST_ACT_MW,3.8,2676,ACTUAL,418
2019-12-25T23:00:00-00:00,2019-12-26T00:00:00-00:00,0,2019-12-25,16,0,ACTUAL,PGE,Total Actual Hourly Integrated Load,SYS_FCST_ACT_MW,3.8,2545,ACTUAL,418
2019-12-25T18:00:00-00:00,2019-12-25T19:00:00-00:00,0,2019-12-25,11,0,ACTUAL,PGE,Total Actual Hourly Integrated Load,SYS_FCST_ACT_MW,3.8,2687,ACTUAL,418
2019-12-25T20:00:00-00:00,2019-12-25T21:00:00-00:00,0,2019-12-25,13,0,ACTUAL,PGE,Total Actual Hourly Integrated Load,SYS_FCST_ACT_MW,3.8,2646,ACTUAL,418
2019-12-25T14:00:00-00:00,2019-12-25T15:00:00-00:00,0,2019-12-25,7,0,ACTUAL,PGE-TAC,Total Actual Hourly Integrated Load,SYS_FCST_ACT_MW,3.1,9945,ACTUAL,419
2019-12-26T06:00:00-00:00,2019-12-26T07:00:00-00:00,0,2019-12-25,23,0,ACTUAL,PGE-TAC,Total Actual Hourly Integrated Load,SYS_FCST_ACT_MW,3.1,10532,ACTUAL,419
2019-12-26T03:00:00-00:00,2019-12-26T04:00:00-00:00,0,2019-12-25,20,0,ACTUAL,PGE-TAC,Total Actual Hourly Integrated Load,SYS_FCST_ACT_MW,3.1,11547,ACTUAL,419
2019-12-26T00:00:00-00:00,2019-12-26T01:00:00-00:00,0,2019-12-25,17,0,ACTUAL,PGE-TAC,Total Actual Hourly Integrated Load,SYS_FCST_ACT_MW,3.1,11060,ACTUAL,419
2019-12-25T09:00:00-00:00,2019-12-25T10:00:00-00:00,0,2019-12-25,2,0,ACTUAL,PGE-TAC,Total Actual Hourly Integrated Load,SYS_FCST_ACT_MW,3.1,9534,ACTUAL,419
2019-12-25T12:00:00-00:00,2019-12-25T13:00:00-00:00,0,2019-12-25,5,0,ACTUAL,PGE-TAC,Total Actual Hourly Integrated Load,SYS_FCST_ACT_MW,3.1,9340,ACTUAL,419
2019-12-25T08:00:00-00:00,2019-12-25T09:00:00-00:00,0,2019-12-25,1,0,ACTUAL,PGE-TAC,Total Actual Hourly Integrated Load,SYS_FCST_ACT_MW,3.1,9737,ACTUAL,419
2019-12-26T02:00:00-00:00,2019-12-26T03:00:00-00:00,0,2019-12-25,19,0,ACTUAL,PGE-TAC,Total Actual Hourly Integrated Load,SYS_FCST_ACT_MW,3.1,11646,ACTUAL,419
2019-12-26T01:00:00-00:00,2019-12-26T02:00:00-00:00,0,2019-12-25,18,0,ACTUAL,PGE-TAC,Total Actual Hourly Integrated Load,SYS_FCST_ACT_MW,3.1,11690,ACTUAL,419
2019-12-25T23:00:00-00:00,2019-12-26T00:00:00-00:00,0,2019-12-25,16,0,ACTUAL,PGE-TAC,Total Actual Hourly Integrated Load,SYS_FCST_ACT_MW,3.1,10570,ACTUAL,419
2019-12-25T17:00:00-00:00,2019-12-25T18:00:00-00:00,0,2019-12-25,10,0,ACTUAL,PGE-TAC,Total Actual Hourly Integrated Load,SYS_FCST_ACT_MW,3.1,10373,ACTUAL,419
2019-12-25T15:00:00-00:00,2019-12-25T16:00:00-00:00,0,2019-12-25,8,0,ACTUAL,PGE-TAC,Total Actual Hourly Integrated Load,SYS_FCST_ACT_MW,3.1,10335,ACTUAL,419
2019-12-25T19:00:00-00:00,2019-12-25T20:00:00-00:00,0,2019-12-25,12,0,ACTUAL,PGE-TAC,Total Actual Hourly Integrated Load,SYS_FCST_ACT_MW,3.1,10474,ACTUAL,419
2019-12-25T13:00:00-00:00,2019-12-25T14:00:00-00:00,0,2019-12-25,6,0,ACTUAL,PGE-TAC,Total Actual Hourly Integrated Load,SYS_FCST_ACT_MW,3.1,9571,ACTUAL,419
2019-12-25T10:00:00-00:00,2019-12-25T11:00:00-00:00,0,2019-12-25,3,0,ACTUAL,PGE-TAC,Total Actual Hourly Integrated Load,SYS_FCST_ACT_MW,3.1,9442,ACTUAL,419
2019-12-26T07:00:00-00:00,2019-12-26T08:00:00-00:00,0,2019-12-25,24,0,ACTUAL,PGE-TAC,Total Actual Hourly Integrated Load,SYS_FCST_ACT_MW,3.1,9920,ACTUAL,419
2019-12-25T20:00:00-00:00,2019-12-25T21:00:00-00:00,0,2019-12-25,13,0,ACTUAL,PGE-TAC,Total Actual Hourly Integrated Load,SYS_FCST_ACT_MW,3.1,10615,ACTUAL,419
2019-12-26T05:00:00-00:00,2019-12-26T06:00:00-00:00,0,2019-12-25,22,0,ACTUAL,PGE-TAC,Total Actual Hourly Integrated Load,SYS_FCST_ACT_MW,3.1,11107,ACTUAL,419
2019-12-25T21:00:00-00:00,2019-12-25T22:00:00-00:00,0,2019-12-25,14,0,ACTUAL,PGE-TAC,Total Actual Hourly Integrated Load,SYS_FCST_ACT_MW,3.1,10795,ACTUAL,419
2019-12-25T18:00:00-00:00,2019-12-25T19:00:00-00:00,0,2019-12-25,11,0,ACTUAL,PGE-TAC,Total Actual Hourly Integrated Load,SYS_FCST_ACT_MW,3.1,10549,ACTUAL,419
2019-12-25T16:00:00-00:00,2019-12-25T17:00:00-00:00,0,2019-12-25,9,0,ACTUAL,PGE-TAC,Total Actual Hourly Integrated Load,SYS_FCST_ACT_MW,3.1,10438,ACTUAL,419
2019-12-25T11:00:00-00:00,2019-12-25T12:00:00-00:00,0,2019-12-25,4,0,ACTUAL,PGE-TAC,Total Actual Hourly Integrated Load,SYS_FCST_ACT_MW,3.1,9303,ACTUAL,419
2019-12-25T22:00:00-00:00,2019-12-25T23:00:00-00:00,0,2019-12-25,15,0,ACTUAL,PGE-TAC,Total Actual Hourly Integrated Load,SYS_FCST_ACT_MW,3.1,10683,ACTUAL,419
2019-12-26T04:00:00-00:00,2019-12-26T05:00:00-00:00,0,2019-12-25,21,0,ACTUAL,PGE-TAC,Total Actual Hourly Integrated Load,SYS_FCST_ACT_MW,3.1,11414,ACTUAL,419
2019-12-25T19:00:00-00:00,2019-12-25T20:00:00-00:00,0,2019-12-25,12,0,ACTUAL,PSEI,Total Actual Hourly Integrated Load,SYS_FCST_ACT_MW,3.8,3467,ACTUAL,420
2019-12-25T16:00:00-00:00,2019-12-25T17:00:00-00:00,0,2019-12-25,9,0,ACTUAL,PSEI,Total Actual Hourly Integrated Load,SYS_FCST_ACT_MW,3.8,3473,ACTUAL,420
2019-12-25T15:00:00-00:00,2019-12-25T16:00:00-00:00,0,2019-12-25,8,0,ACTUAL,PSEI,Total Actual Hourly Integrated Load,SYS_FCST_ACT_MW,3.8,3308,ACTUAL,420
2019-12-25T14:00:00-00:00,2019-12-25T15:00:00-00:00,0,2019-12-25,7,0,ACTUAL,PSEI,Total Actual Hourly Integrated Load,SYS_FCST_ACT_MW,3.8,3114,ACTUAL,420
2019-12-25T12:00:00-00:00,2019-12-25T13:00:00-00:00,0,2019-12-25,5,0,ACTUAL,PSEI,Total Actual Hourly Integrated Load,SYS_FCST_ACT_MW,3.8,2792,ACTUAL,420
2019-12-25T23:00:00-00:00,2019-12-26T00:00:00-00:00,0,2019-12-25,16,0,ACTUAL,PSEI,Total Actual Hourly Integrated Load,SYS_FCST_ACT_MW,3.8,3274,ACTUAL,420
2019-12-25T13:00:00-00:00,2019-12-25T14:00:00-00:00,0,2019-12-25,6,0,ACTUAL,PSEI,Total Actual Hourly Integrated Load,SYS_FCST_ACT_MW,3.8,2941,ACTUAL,420
2019-12-25T10:00:00-00:00,2019-12-25T11:00:00-00:00,0,2019-12-25,3,0,ACTUAL,PSEI,Total Actual Hourly Integrated Load,SYS_FCST_ACT_MW,3.8,2684,ACTUAL,420
2019-12-26T06:00:00-00:00,2019-12-26T07:00:00-00:00,0,2019-12-25,23,0,ACTUAL,PSEI,Total Actual Hourly Integrated Load,SYS_FCST_ACT_MW,3.8,3207,ACTUAL,420
2019-12-25T21:00:00-00:00,2019-12-25T22:00:00-00:00,0,2019-12-25,14,0,ACTUAL,PSEI,Total Actual Hourly Integrated Load,SYS_FCST_ACT_MW,3.8,3306,ACTUAL,420
2019-12-26T03:00:00-00:00,2019-12-26T04:00:00-00:00,0,2019-12-25,20,0,ACTUAL,PSEI,Total Actual Hourly Integrated Load,SYS_FCST_ACT_MW,3.8,3503,ACTUAL,420
2019-12-26T01:00:00-00:00,2019-12-26T02:00:00-00:00,0,2019-12-25,18,0,ACTUAL,PSEI,Total Actual Hourly Integrated Load,SYS_FCST_ACT_MW,3.8,3543,ACTUAL,420
2019-12-25T18:00:00-00:00,2019-12-25T19:00:00-00:00,0,2019-12-25,11,0,ACTUAL,PSEI,Total Actual Hourly Integrated Load,SYS_FCST_ACT_MW,3.8,3536,ACTUAL,420
2019-12-25T09:00:00-00:00,2019-12-25T10:00:00-00:00,0,2019-12-25,2,0,ACTUAL,PSEI,Total Actual Hourly Integrated Load,SYS_FCST_ACT_MW,3.8,2714,ACTUAL,420
2019-12-26T05:00:00-00:00,2019-12-26T06:00:00-00:00,0,2019-12-25,22,0,ACTUAL,PSEI,Total Actual Hourly Integrated Load,SYS_FCST_ACT_MW,3.8,3391,ACTUAL,420
2019-12-26T04:00:00-00:00,2019-12-26T05:00:00-00:00,0,2019-12-25,21,0,ACTUAL,PSEI,Total Actual Hourly Integrated Load,SYS_FCST_ACT_MW,3.8,3481,ACTUAL,420
2019-12-26T02:00:00-00:00,2019-12-26T03:00:00-00:00,0,2019-12-25,19,0,ACTUAL,PSEI,Total Actual Hourly Integrated Load,SYS_FCST_ACT_MW,3.8,3522,ACTUAL,420
2019-12-26T00:00:00-00:00,2019-12-26T01:00:00-00:00,0,2019-12-25,17,0,ACTUAL,PSEI,Total Actual Hourly Integrated Load,SYS_FCST_ACT_MW,3.8,3434,ACTUAL,420
2019-12-25T08:00:00-00:00,2019-12-25T09:00:00-00:00,0,2019-12-25,1,0,ACTUAL,PSEI,Total Actual Hourly Integrated Load,SYS_FCST_ACT_MW,3.8,2798,ACTUAL,420
2019-12-25T17:00:00-00:00,2019-12-25T18:00:00-00:00,0,2019-12-25,10,0,ACTUAL,PSEI,Total Actual Hourly Integrated Load,SYS_FCST_ACT_MW,3.8,3557,ACTUAL,420
2019-12-25T20:00:00-00:00,2019-12-25T21:00:00-00:00,0,2019-12-25,13,0,ACTUAL,PSEI,Total Actual Hourly Integrated Load,SYS_FCST_ACT_MW,3.8,3387,ACTUAL,420
2019-12-25T22:00:00-00:00,2019-12-25T23:00:00-00:00,0,2019-12-25,15,0,ACTUAL,PSEI,Total Actual Hourly Integrated Load,SYS_FCST_ACT_MW,3.8,3249,ACTUAL,420
2019-12-26T07:00:00-00:00,2019-12-26T08:00:00-00:00,0,2019-12-25,24,0,ACTUAL,PSEI,Total Actual Hourly Integrated Load,SYS_FCST_ACT_MW,3.8,3020,ACTUAL,420
2019-12-25T11:00:00-00:00,2019-12-25T12:00:00-00:00,0,2019-12-25,4,0,ACTUAL,PSEI,Total Actual Hourly Integrated Load,SYS_FCST_ACT_MW,3.8,2708,ACTUAL,420
2019-12-25T22:00:00-00:00,2019-12-25T23:00:00-00:00,0,2019-12-25,15,0,ACTUAL,SCE-TAC,Total Actual Hourly Integrated Load,SYS_FCST_ACT_MW,3.2,9215,ACTUAL,421
2019-12-25T21:00:00-00:00,2019-12-25T22:00:00-00:00,0,2019-12-25,14,0,ACTUAL,SCE-TAC,Total Actual Hourly Integrated Load,SYS_FCST_ACT_MW,3.2,8992,ACTUAL,421
2019-12-26T04:00:00-00:00,2019-12-26T05:00:00-00:00,0,2019-12-25,21,0,ACTUAL,SCE-TAC,Total Actual Hourly Integrated Load,SYS_FCST_ACT_MW,3.2,11145,ACTUAL,421
2019-12-26T07:00:00-00:00,2019-12-26T08:00:00-00:00,0,2019-12-25,24,0,ACTUAL,SCE-TAC,Total Actual Hourly Integrated Load,SYS_FCST_ACT_MW,3.2,9895,ACTUAL,421
2019-12-25T17:00:00-00:00,2019-12-25T18:00:00-00:00,0,2019-12-25,10,0,ACTUAL,SCE-TAC,Total Actual Hourly Integrated Load,SYS_FCST_ACT_MW,3.2,9031,ACTUAL,421
2019-12-25T23:00:00-00:00,2019-12-26T00:00:00-00:00,0,2019-12-25,16,0,ACTUAL,SCE-TAC,Total Actual Hourly Integrated Load,SYS_FCST_ACT_MW,3.2,9566,ACTUAL,421
2019-12-26T00:00:00-00:00,2019-12-26T01:00:00-00:00,0,2019-12-25,17,0,ACTUAL,SCE-TAC,Total Actual Hourly Integrated Load,SYS_FCST_ACT_MW,3.2,10285,ACTUAL,421
2019-12-25T11:00:00-00:00,2019-12-25T12:00:00-00:00,0,2019-12-25,4,0,ACTUAL,SCE-TAC,Total Actual Hourly Integrated Load,SYS_FCST_ACT_MW,3.2,8798,ACTUAL,421
2019-12-25T13:00:00-00:00,2019-12-25T14:00:00-00:00,0,2019-12-25,6,0,ACTUAL,SCE-TAC,Total Actual Hourly Integrated Load,SYS_FCST_ACT_MW,3.2,9016,ACTUAL,421
2019-12-25T19:00:00-00:00,2019-12-25T20:00:00-00:00,0,2019-12-25,12,0,ACTUAL,SCE-TAC,Total Actual Hourly Integrated Load,SYS_FCST_ACT_MW,3.2,9042,ACTUAL,421
2019-12-25T14:00:00-00:00,2019-12-25T15:00:00-00:00,0,2019-12-25,7,0,ACTUAL,SCE-TAC,Total Actual Hourly Integrated Load,SYS_FCST_ACT_MW,3.2,9262,ACTUAL,421
2019-12-25T20:00:00-00:00,2019-12-25T21:00:00-00:00,0,2019-12-25,13,0,ACTUAL,SCE-TAC,Total Actual Hourly Integrated Load,SYS_FCST_ACT_MW,3.2,9085,ACTUAL,421
2019-12-26T01:00:00-00:00,2019-12-26T02:00:00-00:00,0,2019-12-25,18,0,ACTUAL,SCE-TAC,Total Actual Hourly Integrated Load,SYS_FCST_ACT_MW,3.2,11200,ACTUAL,421
2019-12-26T02:00:00-00:00,2019-12-26T03:00:00-00:00,0,2019-12-25,19,0,ACTUAL,SCE-TAC,Total Actual Hourly Integrated Load,SYS_FCST_ACT_MW,3.2,11231,ACTUAL,421
2019-12-25T10:00:00-00:00,2019-12-25T11:00:00-00:00,0,2019-12-25,3,0,ACTUAL,SCE-TAC,Total Actual Hourly Integrated Load,SYS_FCST_ACT_MW,3.2,8978,ACTUAL,421
2019-12-25T16:00:00-00:00,2019-12-25T17:00:00-00:00,0,2019-12-25,9,0,ACTUAL,SCE-TAC,Total Actual Hourly Integrated Load,SYS_FCST_ACT_MW,3.2,9277,ACTUAL,421
2019-12-25T08:00:00-00:00,2019-12-25T09:00:00-00:00,0,2019-12-25,1,0,ACTUAL,SCE-TAC,Total Actual Hourly Integrated Load,SYS_FCST_ACT_MW,3.2,9554,ACTUAL,421
2019-12-25T12:00:00-00:00,2019-12-25T13:00:00-00:00,0,2019-12-25,5,0,ACTUAL,SCE-TAC,Total Actual Hourly Integrated Load,SYS_FCST_ACT_MW,3.2,8828,ACTUAL,421
2019-12-25T15:00:00-00:00,2019-12-25T16:00:00-00:00,0,2019-12-25,8,0,ACTUAL,SCE-TAC,Total Actual Hourly Integrated Load,SYS_FCST_ACT_MW,3.2,9291,ACTUAL,421
2019-12-26T05:00:00-00:00,2019-12-26T06:00:00-00:00,0,2019-12-25,22,0,ACTUAL,SCE-TAC,Total Actual Hourly Integrated Load,SYS_FCST_ACT_MW,3.2,10889,ACTUAL,421
2019-12-26T06:00:00-00:00,2019-12-26T07:00:00-00:00,0,2019-12-25,23,0,ACTUAL,SCE-TAC,Total Actual Hourly Integrated Load,SYS_FCST_ACT_MW,3.2,10441,ACTUAL,421
2019-12-25T09:00:00-00:00,2019-12-25T10:00:00-00:00,0,2019-12-25,2,0,ACTUAL,SCE-TAC,Total Actual Hourly Integrated Load,SYS_FCST_ACT_MW,3.2,9232,ACTUAL,421
2019-12-25T18:00:00-00:00,2019-12-25T19:00:00-00:00,0,2019-12-25,11,0,ACTUAL,SCE-TAC,Total Actual Hourly Integrated Load,SYS_FCST_ACT_MW,3.2,8965,ACTUAL,421
2019-12-26T03:00:00-00:00,2019-12-26T04:00:00-00:00,0,2019-12-25,20,0,ACTUAL,SCE-TAC,Total Actual Hourly Integrated Load,SYS_FCST_ACT_MW,3.2,11210,ACTUAL,421
2019-12-26T03:00:00-00:00,2019-12-26T04:00:00-00:00,0,2019-12-25,20,0,ACTUAL,SCL,Total Actual Hourly Integrated Load,SYS_FCST_ACT_MW,3.8,1227,ACTUAL,422
2019-12-26T04:00:00-00:00,2019-12-26T05:00:00-00:00,0,2019-12-25,21,0,ACTUAL,SCL,Total Actual Hourly Integrated Load,SYS_FCST_ACT_MW,3.8,1218,ACTUAL,422
2019-12-26T05:00:00-00:00,2019-12-26T06:00:00-00:00,0,2019-12-25,22,0,ACTUAL,SCL,Total Actual Hourly Integrated Load,SYS_FCST_ACT_MW,3.8,1193,ACTUAL,422
2019-12-25T13:00:00-00:00,2019-12-25T14:00:00-00:00,0,2019-12-25,6,0,ACTUAL,SCL,Total Actual Hourly Integrated Load,SYS_FCST_ACT_MW,3.8,1047,ACTUAL,422
2019-12-25T14:00:00-00:00,2019-12-25T15:00:00-00:00,0,2019-12-25,7,0,ACTUAL,SCL,Total Actual Hourly Integrated Load,SYS_FCST_ACT_MW,3.8,1109,ACTUAL,422
2019-12-25T15:00:00-00:00,2019-12-25T16:00:00-00:00,0,2019-12-25,8,0,ACTUAL,SCL,Total Actual Hourly Integrated Load,SYS_FCST_ACT_MW,3.8,1165,ACTUAL,422
2019-12-25T16:00:00-00:00,2019-12-25T17:00:00-00:00,0,2019-12-25,9,0,ACTUAL,SCL,Total Actual Hourly Integrated Load,SYS_FCST_ACT_MW,3.8,1207,ACTUAL,422
2019-12-25T17:00:00-00:00,2019-12-25T18:00:00-00:00,0,2019-12-25,10,0,ACTUAL,SCL,Total Actual Hourly Integrated Load,SYS_FCST_ACT_MW,3.8,1242,ACTUAL,422
2019-12-25T20:00:00-00:00,2019-12-25T21:00:00-00:00,0,2019-12-25,13,0,ACTUAL,SCL,Total Actual Hourly Integrated Load,SYS_FCST_ACT_MW,3.8,1220,ACTUAL,422
2019-12-25T23:00:00-00:00,2019-12-26T00:00:00-00:00,0,2019-12-25,16,0,ACTUAL,SCL,Total Actual Hourly Integrated Load,SYS_FCST_ACT_MW,3.8,1198,ACTUAL,422
2019-12-25T09:00:00-00:00,2019-12-25T10:00:00-00:00,0,2019-12-25,2,0,ACTUAL,SCL,Total Actual Hourly Integrated Load,SYS_FCST_ACT_MW,3.8,976,ACTUAL,422
2019-12-26T00:00:00-00:00,2019-12-26T01:00:00-00:00,0,2019-12-25,17,0,ACTUAL,SCL,Total Actual Hourly Integrated Load,SYS_FCST_ACT_MW,3.8,1246,ACTUAL,422
2019-12-25T10:00:00-00:00,2019-12-25T11:00:00-00:00,0,2019-12-25,3,0,ACTUAL,SCL,Total Actual Hourly Integrated Load,SYS_FCST_ACT_MW,3.8,965,ACTUAL,422
2019-12-25T12:00:00-00:00,2019-12-25T13:00:00-00:00,0,2019-12-25,5,0,ACTUAL,SCL,Total Actual Hourly Integrated Load,SYS_FCST_ACT_MW,3.8,988,ACTUAL,422
2019-12-25T08:00:00-00:00,2019-12-25T09:00:00-00:00,0,2019-12-25,1,0,ACTUAL,SCL,Total Actual Hourly Integrated Load,SYS_FCST_ACT_MW,3.8,1010,ACTUAL,422
2019-12-25T18:00:00-00:00,2019-12-25T19:00:00-00:00,0,2019-12-25,11,0,ACTUAL,SCL,Total Actual Hourly Integrated Load,SYS_FCST_ACT_MW,3.8,1249,ACTUAL,422
2019-12-26T06:00:00-00:00,2019-12-26T07:00:00-00:00,0,2019-12-25,23,0,ACTUAL,SCL,Total Actual Hourly Integrated Load,SYS_FCST_ACT_MW,3.8,1144,ACTUAL,422
2019-12-25T11:00:00-00:00,2019-12-25T12:00:00-00:00,0,2019-12-25,4,0,ACTUAL,SCL,Total Actual Hourly Integrated Load,SYS_FCST_ACT_MW,3.8,966,ACTUAL,422
2019-12-25T22:00:00-00:00,2019-12-25T23:00:00-00:00,0,2019-12-25,15,0,ACTUAL,SCL,Total Actual Hourly Integrated Load,SYS_FCST_ACT_MW,3.8,1186,ACTUAL,422
2019-12-26T01:00:00-00:00,2019-12-26T02:00:00-00:00,0,2019-12-25,18,0,ACTUAL,SCL,Total Actual Hourly Integrated Load,SYS_FCST_ACT_MW,3.8,1273,ACTUAL,422
2019-12-26T02:00:00-00:00,2019-12-26T03:00:00-00:00,0,2019-12-25,19,0,ACTUAL,SCL,Total Actual Hourly Integrated Load,SYS_FCST_ACT_MW,3.8,1248,ACTUAL,422
2019-12-26T07:00:00-00:00,2019-12-26T08:00:00-00:00,0,2019-12-25,24,0,ACTUAL,SCL,Total Actual Hourly Integrated Load,SYS_FCST_ACT_MW,3.8,1088,ACTUAL,422
2019-12-25T19:00:00-00:00,2019-12-25T20:00:00-00:00,0,2019-12-25,12,0,ACTUAL,SCL,Total Actual Hourly Integrated Load,SYS_FCST_ACT_MW,3.8,1236,ACTUAL,422
2019-12-25T21:00:00-00:00,2019-12-25T22:00:00-00:00,0,2019-12-25,14,0,ACTUAL,SCL,Total Actual Hourly Integrated Load,SYS_FCST_ACT_MW,3.8,1199,ACTUAL,422
2019-12-25T15:00:00-00:00,2019-12-25T16:00:00-00:00,0,2019-12-25,8,0,ACTUAL,SDGE-TAC,Total Actual Hourly Integrated Load,SYS_FCST_ACT_MW,3.4,2022,ACTUAL,423
2019-12-25T13:00:00-00:00,2019-12-25T14:00:00-00:00,0,2019-12-25,6,0,ACTUAL,SDGE-TAC,Total Actual Hourly Integrated Load,SYS_FCST_ACT_MW,3.4,1871,ACTUAL,423
2019-12-25T20:00:00-00:00,2019-12-25T21:00:00-00:00,0,2019-12-25,13,0,ACTUAL,SDGE-TAC,Total Actual Hourly Integrated Load,SYS_FCST_ACT_MW,3.4,1752,ACTUAL,423
2019-12-25T09:00:00-00:00,2019-12-25T10:00:00-00:00,0,2019-12-25,2,0,ACTUAL,SDGE-TAC,Total Actual Hourly Integrated Load,SYS_FCST_ACT_MW,3.4,1903,ACTUAL,423
2019-12-26T04:00:00-00:00,2019-12-26T05:00:00-00:00,0,2019-12-25,21,0,ACTUAL,SDGE-TAC,Total Actual Hourly Integrated Load,SYS_FCST_ACT_MW,3.4,2408,ACTUAL,423
2019-12-25T21:00:00-00:00,2019-12-25T22:00:00-00:00,0,2019-12-25,14,0,ACTUAL,SDGE-TAC,Total Actual Hourly Integrated Load,SYS_FCST_ACT_MW,3.4,1815,ACTUAL,423
2019-12-25T18:00:00-00:00,2019-12-25T19:00:00-00:00,0,2019-12-25,11,0,ACTUAL,SDGE-TAC,Total Actual Hourly Integrated Load,SYS_FCST_ACT_MW,3.4,1665,ACTUAL,423
2019-12-25T08:00:00-00:00,2019-12-25T09:00:00-00:00,0,2019-12-25,1,0,ACTUAL,SDGE-TAC,Total Actual Hourly Integrated Load,SYS_FCST_ACT_MW,3.4,1997,ACTUAL,423
2019-12-25T16:00:00-00:00,2019-12-25T17:00:00-00:00,0,2019-12-25,9,0,ACTUAL,SDGE-TAC,Total Actual Hourly Integrated Load,SYS_FCST_ACT_MW,3.4,1906,ACTUAL,423
2019-12-25T14:00:00-00:00,2019-12-25T15:00:00-00:00,0,2019-12-25,7,0,ACTUAL,SDGE-TAC,Total Actual Hourly Integrated Load,SYS_FCST_ACT_MW,3.4,1971,ACTUAL,423
2019-12-26T06:00:00-00:00,2019-12-26T07:00:00-00:00,0,2019-12-25,23,0,ACTUAL,SDGE-TAC,Total Actual Hourly Integrated Load,SYS_FCST_ACT_MW,3.4,2188,ACTUAL,423
2019-12-25T12:00:00-00:00,2019-12-25T13:00:00-00:00,0,2019-12-25,5,0,ACTUAL,SDGE-TAC,Total Actual Hourly Integrated Load,SYS_FCST_ACT_MW,3.4,1806,ACTUAL,423
2019-12-26T05:00:00-00:00,2019-12-26T06:00:00-00:00,0,2019-12-25,22,0,ACTUAL,SDGE-TAC,Total Actual Hourly Integrated Load,SYS_FCST_ACT_MW,3.4,2336,ACTUAL,423
2019-12-26T07:00:00-00:00,2019-12-26T08:00:00-00:00,0,2019-12-25,24,0,ACTUAL,SDGE-TAC,Total Actual Hourly Integrated Load,SYS_FCST_ACT_MW,3.4,2012,ACTUAL,423
2019-12-25T22:00:00-00:00,2019-12-25T23:00:00-00:00,0,2019-12-25,15,0,ACTUAL,SDGE-TAC,Total Actual Hourly Integrated Load,SYS_FCST_ACT_MW,3.4,1870,ACTUAL,423
2019-12-26T03:00:00-00:00,2019-12-26T04:00:00-00:00,0,2019-12-25,20,0,ACTUAL,SDGE-TAC,Total Actual Hourly Integrated Load,SYS_FCST_ACT_MW,3.4,2440,ACTUAL,423
2019-12-26T01:00:00-00:00,2019-12-26T02:00:00-00:00,0,2019-12-25,18,0,ACTUAL,SDGE-TAC,Total Actual Hourly Integrated Load,SYS_FCST_ACT_MW,3.4,2474,ACTUAL,423
2019-12-25T23:00:00-00:00,2019-12-26T00:00:00-00:00,0,2019-12-25,16,0,ACTUAL,SDGE-TAC,Total Actual Hourly Integrated Load,SYS_FCST_ACT_MW,3.4,1998,ACTUAL,423
2019-12-25T11:00:00-00:00,2019-12-25T12:00:00-00:00,0,2019-12-25,4,0,ACTUAL,SDGE-TAC,Total Actual Hourly Integrated Load,SYS_FCST_ACT_MW,3.4,1801,ACTUAL,423
2019-12-26T00:00:00-00:00,2019-12-26T01:00:00-00:00,0,2019-12-25,17,0,ACTUAL,SDGE-TAC,Total Actual Hourly Integrated Load,SYS_FCST_ACT_MW,3.4,2239,ACTUAL,423
2019-12-25T17:00:00-00:00,2019-12-25T18:00:00-00:00,0,2019-12-25,10,0,ACTUAL,SDGE-TAC,Total Actual Hourly Integrated Load,SYS_FCST_ACT_MW,3.4,1733,ACTUAL,423
2019-12-25T19:00:00-00:00,2019-12-25T20:00:00-00:00,0,2019-12-25,12,0,ACTUAL,SDGE-TAC,Total Actual Hourly Integrated Load,SYS_FCST_ACT_MW,3.4,1645,ACTUAL,423
2019-12-25T10:00:00-00:00,2019-12-25T11:00:00-00:00,0,2019-12-25,3,0,ACTUAL,SDGE-TAC,Total Actual Hourly Integrated Load,SYS_FCST_ACT_MW,3.4,1836,ACTUAL,423
2019-12-26T02:00:00-00:00,2019-12-26T03:00:00-00:00,0,2019-12-25,19,0,ACTUAL,SDGE-TAC,Total Actual Hourly Integrated Load,SYS_FCST_ACT_MW,3.4,2471,ACTUAL,423
2019-12-25T14:00:00-00:00,2019-12-25T15:00:00-00:00,0,2019-12-25,7,0,ACTUAL,SRP,Total Actual Hourly Integrated Load,SYS_FCST_ACT_MW,3.8,2704,ACTUAL,424
2019-12-25T11:00:00-00:00,2019-12-25T12:00:00-00:00,0,2019-12-25,4,0,ACTUAL,SRP,Total Actual Hourly Integrated Load,SYS_FCST_ACT_MW,3.8,2429,ACTUAL,424
2019-12-26T02:00:00-00:00,2019-12-26T03:00:00-00:00,0,2019-12-25,19,0,ACTUAL,SRP,Total Actual Hourly Integrated Load,SYS_FCST_ACT_MW,3.8,2899,ACTUAL,424
2019-12-25T08:00:00-00:00,2019-12-25T09:00:00-00:00,0,2019-12-25,1,0,ACTUAL,SRP,Total Actual Hourly Integrated Load,SYS_FCST_ACT_MW,3.8,2437,ACTUAL,424
2019-12-26T07:00:00-00:00,2019-12-26T08:00:00-00:00,0,2019-12-25,24,0,ACTUAL,SRP,Total Actual Hourly Integrated Load,SYS_FCST_ACT_MW,3.8,2651,ACTUAL,424
2019-12-26T06:00:00-00:00,2019-12-26T07:00:00-00:00,0,2019-12-25,23,0,ACTUAL,SRP,Total Actual Hourly Integrated Load,SYS_FCST_ACT_MW,3.8,2755,ACTUAL,424
2019-12-26T05:00:00-00:00,2019-12-26T06:00:00-00:00,0,2019-12-25,22,0,ACTUAL,SRP,Total Actual Hourly Integrated Load,SYS_FCST_ACT_MW,3.8,2851,ACTUAL,424
2019-12-26T03:00:00-00:00,2019-12-26T04:00:00-00:00,0,2019-12-25,20,0,ACTUAL,SRP,Total Actual Hourly Integrated Load,SYS_FCST_ACT_MW,3.8,2938,ACTUAL,424
2019-12-25T12:00:00-00:00,2019-12-25T13:00:00-00:00,0,2019-12-25,5,0,ACTUAL,SRP,Total Actual Hourly Integrated Load,SYS_FCST_ACT_MW,3.8,2460,ACTUAL,424
2019-12-25T22:00:00-00:00,2019-12-25T23:00:00-00:00,0,2019-12-25,15,0,ACTUAL,SRP,Total Actual Hourly Integrated Load,SYS_FCST_ACT_MW,3.8,2547,ACTUAL,424
2019-12-25T13:00:00-00:00,2019-12-25T14:00:00-00:00,0,2019-12-25,6,0,ACTUAL,SRP,Total Actual Hourly Integrated Load,SYS_FCST_ACT_MW,3.8,2571,ACTUAL,424
2019-12-25T16:00:00-00:00,2019-12-25T17:00:00-00:00,0,2019-12-25,9,0,ACTUAL,SRP,Total Actual Hourly Integrated Load,SYS_FCST_ACT_MW,3.8,2948,ACTUAL,424
2019-12-26T04:00:00-00:00,2019-12-26T05:00:00-00:00,0,2019-12-25,21,0,ACTUAL,SRP,Total Actual Hourly Integrated Load,SYS_FCST_ACT_MW,3.8,2933,ACTUAL,424
2019-12-25T23:00:00-00:00,2019-12-26T00:00:00-00:00,0,2019-12-25,16,0,ACTUAL,SRP,Total Actual Hourly Integrated Load,SYS_FCST_ACT_MW,3.8,2571,ACTUAL,424
2019-12-25T09:00:00-00:00,2019-12-25T10:00:00-00:00,0,2019-12-25,2,0,ACTUAL,SRP,Total Actual Hourly Integrated Load,SYS_FCST_ACT_MW,3.8,2395,ACTUAL,424
2019-12-26T01:00:00-00:00,2019-12-26T02:00:00-00:00,0,2019-12-25,18,0,ACTUAL,SRP,Total Actual Hourly Integrated Load,SYS_FCST_ACT_MW,3.8,2893,ACTUAL,424
2019-12-25T19:00:00-00:00,2019-12-25T20:00:00-00:00,0,2019-12-25,12,0,ACTUAL,SRP,Total Actual Hourly Integrated Load,SYS_FCST_ACT_MW,3.8,2841,ACTUAL,424
2019-12-25T18:00:00-00:00,2019-12-25T19:00:00-00:00,0,2019-12-25,11,0,ACTUAL,SRP,Total Actual Hourly Integrated Load,SYS_FCST_ACT_MW,3.8,2985,ACTUAL,424
2019-12-25T10:00:00-00:00,2019-12-25T11:00:00-00:00,0,2019-12-25,3,0,ACTUAL,SRP,Total Actual Hourly Integrated Load,SYS_FCST_ACT_MW,3.8,2414,ACTUAL,424
2019-12-25T20:00:00-00:00,2019-12-25T21:00:00-00:00,0,2019-12-25,13,0,ACTUAL,SRP,Total Actual Hourly Integrated Load,SYS_FCST_ACT_MW,3.8,2690,ACTUAL,424
2019-12-25T17:00:00-00:00,2019-12-25T18:00:00-00:00,0,2019-12-25,10,0,ACTUAL,SRP,Total Actual Hourly Integrated Load,SYS_FCST_ACT_MW,3.8,3001,ACTUAL,424
2019-12-25T15:00:00-00:00,2019-12-25T16:00:00-00:00,0,2019-12-25,8,0,ACTUAL,SRP,Total Actual Hourly Integrated Load,SYS_FCST_ACT_MW,3.8,2840,ACTUAL,424
2019-12-26T00:00:00-00:00,2019-12-26T01:00:00-00:00,0,2019-12-25,17,0,ACTUAL,SRP,Total Actual Hourly Integrated Load,SYS_FCST_ACT_MW,3.8,2743,ACTUAL,424
2019-12-25T21:00:00-00:00,2019-12-25T22:00:00-00:00,0,2019-12-25,14,0,ACTUAL,SRP,Total Actual Hourly Integrated Load,SYS_FCST_ACT_MW,3.8,2577,ACTUAL,424
2019-12-25T23:00:00-00:00,2019-12-26T00:00:00-00:00,0,2019-12-25,16,0,ACTUAL,VEA-TAC,Total Actual Hourly Integrated Load,SYS_FCST_ACT_MW,3.5,71,ACTUAL,425
2019-12-25T08:00:00-00:00,2019-12-25T09:00:00-00:00,0,2019-12-25,1,0,ACTUAL,VEA-TAC,Total Actual Hourly Integrated Load,SYS_FCST_ACT_MW,3.5,71,ACTUAL,425
2019-12-26T01:00:00-00:00,2019-12-26T02:00:00-00:00,0,2019-12-25,18,0,ACTUAL,VEA-TAC,Total Actual Hourly Integrated Load,SYS_FCST_ACT_MW,3.5,81,ACTUAL,425
2019-12-26T03:00:00-00:00,2019-12-26T04:00:00-00:00,0,2019-12-25,20,0,ACTUAL,VEA-TAC,Total Actual Hourly Integrated Load,SYS_FCST_ACT_MW,3.5,81,ACTUAL,425
2019-12-25T11:00:00-00:00,2019-12-25T12:00:00-00:00,0,2019-12-25,4,0,ACTUAL,VEA-TAC,Total Actual Hourly Integrated Load,SYS_FCST_ACT_MW,3.5,74,ACTUAL,425
2019-12-25T16:00:00-00:00,2019-12-25T17:00:00-00:00,0,2019-12-25,9,0,ACTUAL,VEA-TAC,Total Actual Hourly Integrated Load,SYS_FCST_ACT_MW,3.5,88,ACTUAL,425
2019-12-25T19:00:00-00:00,2019-12-25T20:00:00-00:00,0,2019-12-25,12,0,ACTUAL,VEA-TAC,Total Actual Hourly Integrated Load,SYS_FCST_ACT_MW,3.5,72,ACTUAL,425
2019-12-26T05:00:00-00:00,2019-12-26T06:00:00-00:00,0,2019-12-25,22,0,ACTUAL,VEA-TAC,Total Actual Hourly Integrated Load,SYS_FCST_ACT_MW,3.5,79,ACTUAL,425
2019-12-26T06:00:00-00:00,2019-12-26T07:00:00-00:00,0,2019-12-25,23,0,ACTUAL,VEA-TAC,Total Actual Hourly Integrated Load,SYS_FCST_ACT_MW,3.5,75,ACTUAL,425
2019-12-26T07:00:00-00:00,2019-12-26T08:00:00-00:00,0,2019-12-25,24,0,ACTUAL,VEA-TAC,Total Actual Hourly Integrated Load,SYS_FCST_ACT_MW,3.5,73,ACTUAL,425
2019-12-25T14:00:00-00:00,2019-12-25T15:00:00-00:00,0,2019-12-25,7,0,ACTUAL,VEA-TAC,Total Actual Hourly Integrated Load,SYS_FCST_ACT_MW,3.5,88,ACTUAL,425
2019-12-25T17:00:00-00:00,2019-12-25T18:00:00-00:00,0,2019-12-25,10,0,ACTUAL,VEA-TAC,Total Actual Hourly Integrated Load,SYS_FCST_ACT_MW,3.5,81,ACTUAL,425
2019-12-25T18:00:00-00:00,2019-12-25T19:00:00-00:00,0,2019-12-25,11,0,ACTUAL,VEA-TAC,Total Actual Hourly Integrated Load,SYS_FCST_ACT_MW,3.5,74,ACTUAL,425
2019-12-25T21:00:00-00:00,2019-12-25T22:00:00-00:00,0,2019-12-25,14,0,ACTUAL,VEA-TAC,Total Actual Hourly Integrated Load,SYS_FCST_ACT_MW,3.5,70,ACTUAL,425
2019-12-26T02:00:00-00:00,2019-12-26T03:00:00-00:00,0,2019-12-25,19,0,ACTUAL,VEA-TAC,Total Actual Hourly Integrated Load,SYS_FCST_ACT_MW,3.5,81,ACTUAL,425
2019-12-26T04:00:00-00:00,2019-12-26T05:00:00-00:00,0,2019-12-25,21,0,ACTUAL,VEA-TAC,Total Actual Hourly Integrated Load,SYS_FCST_ACT_MW,3.5,81,ACTUAL,425
2019-12-25T09:00:00-00:00,2019-12-25T10:00:00-00:00,0,2019-12-25,2,0,ACTUAL,VEA-TAC,Total Actual Hourly Integrated Load,SYS_FCST_ACT_MW,3.5,71,ACTUAL,425
2019-12-25T12:00:00-00:00,2019-12-25T13:00:00-00:00,0,2019-12-25,5,0,ACTUAL,VEA-TAC,Total Actual Hourly Integrated Load,SYS_FCST_ACT_MW,3.5,78,ACTUAL,425
2019-12-25T15:00:00-00:00,2019-12-25T16:00:00-00:00,0,2019-12-25,8,0,ACTUAL,VEA-TAC,Total Actual Hourly Integrated Load,SYS_FCST_ACT_MW,3.5,92,ACTUAL,425
2019-12-25T10:00:00-00:00,2019-12-25T11:00:00-00:00,0,2019-12-25,3,0,ACTUAL,VEA-TAC,Total Actual Hourly Integrated Load,SYS_FCST_ACT_MW,3.5,73,ACTUAL,425
2019-12-25T13:00:00-00:00,2019-12-25T14:00:00-00:00,0,2019-12-25,6,0,ACTUAL,VEA-TAC,Total Actual Hourly Integrated Load,SYS_FCST_ACT_MW,3.5,82,ACTUAL,425
2019-12-25T20:00:00-00:00,2019-12-25T21:00:00-00:00,0,2019-12-25,13,0,ACTUAL,VEA-TAC,Total Actual Hourly Integrated Load,SYS_FCST_ACT_MW,3.5,71,ACTUAL,425
2019-12-25T22:00:00-00:00,2019-12-25T23:00:00-00:00,0,2019-12-25,15,0,ACTUAL,VEA-TAC,Total Actual Hourly Integrated Load,SYS_FCST_ACT_MW,3.5,68,ACTUAL,425
2019-12-26T00:00:00-00:00,2019-12-26T01:00:00-00:00,0,2019-12-25,17,0,ACTUAL,VEA-TAC,Total Actual Hourly Integrated Load,SYS_FCST_ACT_MW,3.5,76,ACTUAL,425
2019-12-27T03:00:00-00:00,2019-12-27T04:00:00-00:00,0,2019-12-26,20,0,ACTUAL,AZPS,Total Actual Hourly Integrated Load,SYS_FCST_ACT_MW,3.8,3495,ACTUAL,426
2019-12-26T11:00:00-00:00,2019-12-26T12:00:00-00:00,0,2019-12-26,4,0,ACTUAL,AZPS,Total Actual Hourly Integrated Load,SYS_FCST_ACT_MW,3.8,2898,ACTUAL,426
2019-12-26T16:00:00-00:00,2019-12-26T17:00:00-00:00,0,2019-12-26,9,0,ACTUAL,AZPS,Total Actual Hourly Integrated Load,SYS_FCST_ACT_MW,3.8,3181,ACTUAL,426
2019-12-26T22:00:00-00:00,2019-12-26T23:00:00-00:00,0,2019-12-26,15,0,ACTUAL,AZPS,Total Actual Hourly Integrated Load,SYS_FCST_ACT_MW,3.8,2990,ACTUAL,426
2019-12-26T23:00:00-00:00,2019-12-27T00:00:00-00:00,0,2019-12-26,16,0,ACTUAL,AZPS,Total Actual Hourly Integrated Load,SYS_FCST_ACT_MW,3.8,3151,ACTUAL,426
2019-12-27T05:00:00-00:00,2019-12-27T06:00:00-00:00,0,2019-12-26,22,0,ACTUAL,AZPS,Total Actual Hourly Integrated Load,SYS_FCST_ACT_MW,3.8,3272,ACTUAL,426
2019-12-27T06:00:00-00:00,2019-12-27T07:00:00-00:00,0,2019-12-26,23,0,ACTUAL,AZPS,Total Actual Hourly Integrated Load,SYS_FCST_ACT_MW,3.8,3101,ACTUAL,426
2019-12-26T17:00:00-00:00,2019-12-26T18:00:00-00:00,0,2019-12-26,10,0,ACTUAL,AZPS,Total Actual Hourly Integrated Load,SYS_FCST_ACT_MW,3.8,3034,ACTUAL,426
2019-12-27T00:00:00-00:00,2019-12-27T01:00:00-00:00,0,2019-12-26,17,0,ACTUAL,AZPS,Total Actual Hourly Integrated Load,SYS_FCST_ACT_MW,3.8,3412,ACTUAL,426
2019-12-26T18:00:00-00:00,2019-12-26T19:00:00-00:00,0,2019-12-26,11,0,ACTUAL,AZPS,Total Actual Hourly Integrated Load,SYS_FCST_ACT_MW,3.8,2909,ACTUAL,426
2019-12-26T19:00:00-00:00,2019-12-26T20:00:00-00:00,0,2019-12-26,12,0,ACTUAL,AZPS,Total Actual Hourly Integrated Load,SYS_FCST_ACT_MW,3.8,2831,ACTUAL,426
2019-12-27T04:00:00-00:00,2019-12-27T05:00:00-00:00,0,2019-12-26,21,0,ACTUAL,AZPS,Total Actual Hourly Integrated Load,SYS_FCST_ACT_MW,3.8,3431,ACTUAL,426
2019-12-26T12:00:00-00:00,2019-12-26T13:00:00-00:00,0,2019-12-26,5,0,ACTUAL,AZPS,Total Actual Hourly Integrated Load,SYS_FCST_ACT_MW,3.8,3081,ACTUAL,426
2019-12-27T07:00:00-00:00,2019-12-27T08:00:00-00:00,0,2019-12-26,24,0,ACTUAL,AZPS,Total Actual Hourly Integrated Load,SYS_FCST_ACT_MW,3.8,2977,ACTUAL,426
2019-12-26T13:00:00-00:00,2019-12-26T14:00:00-00:00,0,2019-12-26,6,0,ACTUAL,AZPS,Total Actual Hourly Integrated Load,SYS_FCST_ACT_MW,3.8,3285,ACTUAL,426
2019-12-26T20:00:00-00:00,2019-12-26T21:00:00-00:00,0,2019-12-26,13,0,ACTUAL,AZPS,Total Actual Hourly Integrated Load,SYS_FCST_ACT_MW,3.8,2914,ACTUAL,426
2019-12-26T21:00:00-00:00,2019-12-26T22:00:00-00:00,0,2019-12-26,14,0,ACTUAL,AZPS,Total Actual Hourly Integrated Load,SYS_FCST_ACT_MW,3.8,2943,ACTUAL,426
2019-12-26T15:00:00-00:00,2019-12-26T16:00:00-00:00,0,2019-12-26,8,0,ACTUAL,AZPS,Total Actual Hourly Integrated Load,SYS_FCST_ACT_MW,3.8,3336,ACTUAL,426
2019-12-27T01:00:00-00:00,2019-12-27T02:00:00-00:00,0,2019-12-26,18,0,ACTUAL,AZPS,Total Actual Hourly Integrated Load,SYS_FCST_ACT_MW,3.8,3532,ACTUAL,426
2019-12-27T02:00:00-00:00,2019-12-27T03:00:00-00:00,0,2019-12-26,19,0,ACTUAL,AZPS,Total Actual Hourly Integrated Load,SYS_FCST_ACT_MW,3.8,3511,ACTUAL,426
2019-12-26T08:00:00-00:00,2019-12-26T09:00:00-00:00,0,2019-12-26,1,0,ACTUAL,AZPS,Total Actual Hourly Integrated Load,SYS_FCST_ACT_MW,3.8,2779,ACTUAL,426
2019-12-26T09:00:00-00:00,2019-12-26T10:00:00-00:00,0,2019-12-26,2,0,ACTUAL,AZPS,Total Actual Hourly Integrated Load,SYS_FCST_ACT_MW,3.8,2776,ACTUAL,426
2019-12-26T10:00:00-00:00,2019-12-26T11:00:00-00:00,0,2019-12-26,3,0,ACTUAL,AZPS,Total Actual Hourly Integrated Load,SYS_FCST_ACT_MW,3.8,2800,ACTUAL,426
2019-12-26T14:00:00-00:00,2019-12-26T15:00:00-00:00,0,2019-12-26,7,0,ACTUAL,AZPS,Total Actual Hourly Integrated Load,SYS_FCST_ACT_MW,3.8,3415,ACTUAL,426
2019-12-26T11:00:00-00:00,2019-12-26T12:00:00-00:00,0,2019-12-26,4,0,ACTUAL,BANCSMUD,Total Actual Hourly Integrated Load,SYS_FCST_ACT_MW,3.8,969,ACTUAL,427
2019-12-26T10:00:00-00:00,2019-12-26T11:00:00-00:00,0,2019-12-26,3,0,ACTUAL,BANCSMUD,Total Actual Hourly Integrated Load,SYS_FCST_ACT_MW,3.8,960,ACTUAL,427
2019-12-26T16:00:00-00:00,2019-12-26T17:00:00-00:00,0,2019-12-26,9,0,ACTUAL,BANCSMUD,Total Actual Hourly Integrated Load,SYS_FCST_ACT_MW,3.8,1291,ACTUAL,427
2019-12-26T23:00:00-00:00,2019-12-27T00:00:00-00:00,0,2019-12-26,16,0,ACTUAL,BANCSMUD,Total Actual Hourly Integrated Load,SYS_FCST_ACT_MW,3.8,1207,ACTUAL,427
2019-12-26T13:00:00-00:00,2019-12-26T14:00:00-00:00,0,2019-12-26,6,0,ACTUAL,BANCSMUD,Total Actual Hourly Integrated Load,SYS_FCST_ACT_MW,3.8,1084,ACTUAL,427
2019-12-27T01:00:00-00:00,2019-12-27T02:00:00-00:00,0,2019-12-26,18,0,ACTUAL,BANCSMUD,Total Actual Hourly Integrated Load,SYS_FCST_ACT_MW,3.8,1390,ACTUAL,427
2019-12-26T19:00:00-00:00,2019-12-26T20:00:00-00:00,0,2019-12-26,12,0,ACTUAL,BANCSMUD,Total Actual Hourly Integrated Load,SYS_FCST_ACT_MW,3.8,1238,ACTUAL,427
2019-12-26T14:00:00-00:00,2019-12-26T15:00:00-00:00,0,2019-12-26,7,0,ACTUAL,BANCSMUD,Total Actual Hourly Integrated Load,SYS_FCST_ACT_MW,3.8,1181,ACTUAL,427
2019-12-26T18:00:00-00:00,2019-12-26T19:00:00-00:00,0,2019-12-26,11,0,ACTUAL,BANCSMUD,Total Actual Hourly Integrated Load,SYS_FCST_ACT_MW,3.8,1273,ACTUAL,427
2019-12-26T12:00:00-00:00,2019-12-26T13:00:00-00:00,0,2019-12-26,5,0,ACTUAL,BANCSMUD,Total Actual Hourly Integrated Load,SYS_FCST_ACT_MW,3.8,1007,ACTUAL,427
2019-12-27T06:00:00-00:00,2019-12-27T07:00:00-00:00,0,2019-12-26,23,0,ACTUAL,BANCSMUD,Total Actual Hourly Integrated Load,SYS_FCST_ACT_MW,3.8,1209,ACTUAL,427
2019-12-27T03:00:00-00:00,2019-12-27T04:00:00-00:00,0,2019-12-26,20,0,ACTUAL,BANCSMUD,Total Actual Hourly Integrated Load,SYS_FCST_ACT_MW,3.8,1372,ACTUAL,427
2019-12-26T17:00:00-00:00,2019-12-26T18:00:00-00:00,0,2019-12-26,10,0,ACTUAL,BANCSMUD,Total Actual Hourly Integrated Load,SYS_FCST_ACT_MW,3.8,1298,ACTUAL,427
2019-12-26T15:00:00-00:00,2019-12-26T16:00:00-00:00,0,2019-12-26,8,0,ACTUAL,BANCSMUD,Total Actual Hourly Integrated Load,SYS_FCST_ACT_MW,3.8,1257,ACTUAL,427
2019-12-26T08:00:00-00:00,2019-12-26T09:00:00-00:00,0,2019-12-26,1,0,ACTUAL,BANCSMUD,Total Actual Hourly Integrated Load,SYS_FCST_ACT_MW,3.8,1011,ACTUAL,427
2019-12-27T02:00:00-00:00,2019-12-27T03:00:00-00:00,0,2019-12-26,19,0,ACTUAL,BANCSMUD,Total Actual Hourly Integrated Load,SYS_FCST_ACT_MW,3.8,1392,ACTUAL,427
2019-12-26T21:00:00-00:00,2019-12-26T22:00:00-00:00,0,2019-12-26,14,0,ACTUAL,BANCSMUD,Total Actual Hourly Integrated Load,SYS_FCST_ACT_MW,3.8,1194,ACTUAL,427
2019-12-27T07:00:00-00:00,2019-12-27T08:00:00-00:00,0,2019-12-26,24,0,ACTUAL,BANCSMUD,Total Actual Hourly Integrated Load,SYS_FCST_ACT_MW,3.8,1121,ACTUAL,427
2019-12-27T05:00:00-00:00,2019-12-27T06:00:00-00:00,0,2019-12-26,22,0,ACTUAL,BANCSMUD,Total Actual Hourly Integrated Load,SYS_FCST_ACT_MW,3.8,1294,ACTUAL,427
2019-12-27T00:00:00-00:00,2019-12-27T01:00:00-00:00,0,2019-12-26,17,0,ACTUAL,BANCSMUD,Total Actual Hourly Integrated Load,SYS_FCST_ACT_MW,3.8,1275,ACTUAL,427
2019-12-26T09:00:00-00:00,2019-12-26T10:00:00-00:00,0,2019-12-26,2,0,ACTUAL,BANCSMUD,Total Actual Hourly Integrated Load,SYS_FCST_ACT_MW,3.8,973,ACTUAL,427
2019-12-26T22:00:00-00:00,2019-12-26T23:00:00-00:00,0,2019-12-26,15,0,ACTUAL,BANCSMUD,Total Actual Hourly Integrated Load,SYS_FCST_ACT_MW,3.8,1187,ACTUAL,427
2019-12-26T20:00:00-00:00,2019-12-26T21:00:00-00:00,0,2019-12-26,13,0,ACTUAL,BANCSMUD,Total Actual Hourly Integrated Load,SYS_FCST_ACT_MW,3.8,1210,ACTUAL,427
2019-12-27T04:00:00-00:00,2019-12-27T05:00:00-00:00,0,2019-12-26,21,0,ACTUAL,BANCSMUD,Total Actual Hourly Integrated Load,SYS_FCST_ACT_MW,3.8,1347,ACTUAL,427
2019-12-26T11:00:00-00:00,2019-12-26T12:00:00-00:00,0,2019-12-26,4,0,ACTUAL,BCHA,Total Actual Hourly Integrated Load,SYS_FCST_ACT_MW,3.8,6966,ACTUAL,428
2019-12-27T00:00:00-00:00,2019-12-27T01:00:00-00:00,0,2019-12-26,17,0,ACTUAL,BCHA,Total Actual Hourly Integrated Load,SYS_FCST_ACT_MW,3.8,9038,ACTUAL,428
2019-12-26T18:00:00-00:00,2019-12-26T19:00:00-00:00,0,2019-12-26,11,0,ACTUAL,BCHA,Total Actual Hourly Integrated Load,SYS_FCST_ACT_MW,3.8,8722,ACTUAL,428
2019-12-26T22:00:00-00:00,2019-12-26T23:00:00-00:00,0,2019-12-26,15,0,ACTUAL,BCHA,Total Actual Hourly Integrated Load,SYS_FCST_ACT_MW,3.8,8512,ACTUAL,428
2019-12-26T16:00:00-00:00,2019-12-26T17:00:00-00:00,0,2019-12-26,9,0,ACTUAL,BCHA,Total Actual Hourly Integrated Load,SYS_FCST_ACT_MW,3.8,8256,ACTUAL,428
2019-12-27T07:00:00-00:00,2019-12-27T08:00:00-00:00,0,2019-12-26,24,0,ACTUAL,BCHA,Total Actual Hourly Integrated Load,SYS_FCST_ACT_MW,3.8,7623,ACTUAL,428
2019-12-26T13:00:00-00:00,2019-12-26T14:00:00-00:00,0,2019-12-26,6,0,ACTUAL,BCHA,Total Actual Hourly Integrated Load,SYS_FCST_ACT_MW,3.8,7283,ACTUAL,428
2019-12-26T23:00:00-00:00,2019-12-27T00:00:00-00:00,0,2019-12-26,16,0,ACTUAL,BCHA,Total Actual Hourly Integrated Load,SYS_FCST_ACT_MW,3.8,8675,ACTUAL,428
2019-12-26T19:00:00-00:00,2019-12-26T20:00:00-00:00,0,2019-12-26,12,0,ACTUAL,BCHA,Total Actual Hourly Integrated Load,SYS_FCST_ACT_MW,3.8,8695,ACTUAL,428
2019-12-26T14:00:00-00:00,2019-12-26T15:00:00-00:00,0,2019-12-26,7,0,ACTUAL,BCHA,Total Actual Hourly Integrated Load,SYS_FCST_ACT_MW,3.8,7576,ACTUAL,428
2019-12-26T12:00:00-00:00,2019-12-26T13:00:00-00:00,0,2019-12-26,5,0,ACTUAL,BCHA,Total Actual Hourly Integrated Load,SYS_FCST_ACT_MW,3.8,7057,ACTUAL,428
2019-12-27T03:00:00-00:00,2019-12-27T04:00:00-00:00,0,2019-12-26,20,0,ACTUAL,BCHA,Total Actual Hourly Integrated Load,SYS_FCST_ACT_MW,3.8,8848,ACTUAL,428
2019-12-27T02:00:00-00:00,2019-12-27T03:00:00-00:00,0,2019-12-26,19,0,ACTUAL,BCHA,Total Actual Hourly Integrated Load,SYS_FCST_ACT_MW,3.8,9058,ACTUAL,428
2019-12-26T21:00:00-00:00,2019-12-26T22:00:00-00:00,0,2019-12-26,14,0,ACTUAL,BCHA,Total Actual Hourly Integrated Load,SYS_FCST_ACT_MW,3.8,8555,ACTUAL,428
2019-12-26T10:00:00-00:00,2019-12-26T11:00:00-00:00,0,2019-12-26,3,0,ACTUAL,BCHA,Total Actual Hourly Integrated Load,SYS_FCST_ACT_MW,3.8,6956,ACTUAL,428
2019-12-26T20:00:00-00:00,2019-12-26T21:00:00-00:00,0,2019-12-26,13,0,ACTUAL,BCHA,Total Actual Hourly Integrated Load,SYS_FCST_ACT_MW,3.8,8626,ACTUAL,428
2019-12-27T04:00:00-00:00,2019-12-27T05:00:00-00:00,0,2019-12-26,21,0,ACTUAL,BCHA,Total Actual Hourly Integrated Load,SYS_FCST_ACT_MW,3.8,8660,ACTUAL,428
2019-12-26T09:00:00-00:00,2019-12-26T10:00:00-00:00,0,2019-12-26,2,0,ACTUAL,BCHA,Total Actual Hourly Integrated Load,SYS_FCST_ACT_MW,3.8,7022,ACTUAL,428
2019-12-26T15:00:00-00:00,2019-12-26T16:00:00-00:00,0,2019-12-26,8,0,ACTUAL,BCHA,Total Actual Hourly Integrated Load,SYS_FCST_ACT_MW,3.8,7941,ACTUAL,428
2019-12-27T06:00:00-00:00,2019-12-27T07:00:00-00:00,0,2019-12-26,23,0,ACTUAL,BCHA,Total Actual Hourly Integrated Load,SYS_FCST_ACT_MW,3.8,7992,ACTUAL,428
2019-12-27T05:00:00-00:00,2019-12-27T06:00:00-00:00,0,2019-12-26,22,0,ACTUAL,BCHA,Total Actual Hourly Integrated Load,SYS_FCST_ACT_MW,3.8,8393,ACTUAL,428
2019-12-26T08:00:00-00:00,2019-12-26T09:00:00-00:00,0,2019-12-26,1,0,ACTUAL,BCHA,Total Actual Hourly Integrated Load,SYS_FCST_ACT_MW,3.8,7166,ACTUAL,428
2019-12-27T01:00:00-00:00,2019-12-27T02:00:00-00:00,0,2019-12-26,18,0,ACTUAL,BCHA,Total Actual Hourly Integrated Load,SYS_FCST_ACT_MW,3.8,9192,ACTUAL,428
2019-12-26T17:00:00-00:00,2019-12-26T18:00:00-00:00,0,2019-12-26,10,0,ACTUAL,BCHA,Total Actual Hourly Integrated Load,SYS_FCST_ACT_MW,3.8,8545,ACTUAL,428
2019-12-26T12:00:00-00:00,2019-12-26T13:00:00-00:00,0,2019-12-26,5,0,ACTUAL,CA ISO-TAC,Total Actual Hourly Integrated Load,SYS_FCST_ACT_MW,3,20828,ACTUAL,429
2019-12-26T13:00:00-00:00,2019-12-26T14:00:00-00:00,0,2019-12-26,6,0,ACTUAL,CA ISO-TAC,Total Actual Hourly Integrated Load,SYS_FCST_ACT_MW,3,21753,ACTUAL,429
2019-12-27T02:00:00-00:00,2019-12-27T03:00:00-00:00,0,2019-12-26,19,0,ACTUAL,CA ISO-TAC,Total Actual Hourly Integrated Load,SYS_FCST_ACT_MW,3,29248,ACTUAL,429
2019-12-27T04:00:00-00:00,2019-12-27T05:00:00-00:00,0,2019-12-26,21,0,ACTUAL,CA ISO-TAC,Total Actual Hourly Integrated Load,SYS_FCST_ACT_MW,3,28282,ACTUAL,429
2019-12-27T07:00:00-00:00,2019-12-27T08:00:00-00:00,0,2019-12-26,24,0,ACTUAL,CA ISO-TAC,Total Actual Hourly Integrated Load,SYS_FCST_ACT_MW,3,23798,ACTUAL,429
2019-12-26T08:00:00-00:00,2019-12-26T09:00:00-00:00,0,2019-12-26,1,0,ACTUAL,CA ISO-TAC,Total Actual Hourly Integrated Load,SYS_FCST_ACT_MW,3,20981,ACTUAL,429
2019-12-26T09:00:00-00:00,2019-12-26T10:00:00-00:00,0,2019-12-26,2,0,ACTUAL,CA ISO-TAC,Total Actual Hourly Integrated Load,SYS_FCST_ACT_MW,3,20468,ACTUAL,429
2019-12-26T19:00:00-00:00,2019-12-26T20:00:00-00:00,0,2019-12-26,12,0,ACTUAL,CA ISO-TAC,Total Actual Hourly Integrated Load,SYS_FCST_ACT_MW,3,24354,ACTUAL,429
2019-12-26T22:00:00-00:00,2019-12-26T23:00:00-00:00,0,2019-12-26,15,0,ACTUAL,CA ISO-TAC,Total Actual Hourly Integrated Load,SYS_FCST_ACT_MW,3,24428,ACTUAL,429
2019-12-26T18:00:00-00:00,2019-12-26T19:00:00-00:00,0,2019-12-26,11,0,ACTUAL,CA ISO-TAC,Total Actual Hourly Integrated Load,SYS_FCST_ACT_MW,3,24750,ACTUAL,429
2019-12-27T00:00:00-00:00,2019-12-27T01:00:00-00:00,0,2019-12-26,17,0,ACTUAL,CA ISO-TAC,Total Actual Hourly Integrated Load,SYS_FCST_ACT_MW,3,26708,ACTUAL,429
2019-12-27T05:00:00-00:00,2019-12-27T06:00:00-00:00,0,2019-12-26,22,0,ACTUAL,CA ISO-TAC,Total Actual Hourly Integrated Load,SYS_FCST_ACT_MW,3,27317,ACTUAL,429
2019-12-26T10:00:00-00:00,2019-12-26T11:00:00-00:00,0,2019-12-26,3,0,ACTUAL,CA ISO-TAC,Total Actual Hourly Integrated Load,SYS_FCST_ACT_MW,3,20305,ACTUAL,429
2019-12-26T15:00:00-00:00,2019-12-26T16:00:00-00:00,0,2019-12-26,8,0,ACTUAL,CA ISO-TAC,Total Actual Hourly Integrated Load,SYS_FCST_ACT_MW,3,24787,ACTUAL,429
2019-12-26T16:00:00-00:00,2019-12-26T17:00:00-00:00,0,2019-12-26,9,0,ACTUAL,CA ISO-TAC,Total Actual Hourly Integrated Load,SYS_FCST_ACT_MW,3,25432,ACTUAL,429
2019-12-26T20:00:00-00:00,2019-12-26T21:00:00-00:00,0,2019-12-26,13,0,ACTUAL,CA ISO-TAC,Total Actual Hourly Integrated Load,SYS_FCST_ACT_MW,3,24106,ACTUAL,429
2019-12-27T01:00:00-00:00,2019-12-27T02:00:00-00:00,0,2019-12-26,18,0,ACTUAL,CA ISO-TAC,Total Actual Hourly Integrated Load,SYS_FCST_ACT_MW,3,29018,ACTUAL,429
2019-12-27T06:00:00-00:00,2019-12-27T07:00:00-00:00,0,2019-12-26,23,0,ACTUAL,CA ISO-TAC,Total Actual Hourly Integrated Load,SYS_FCST_ACT_MW,3,25565,ACTUAL,429
2019-12-26T17:00:00-00:00,2019-12-26T18:00:00-00:00,0,2019-12-26,10,0,ACTUAL,CA ISO-TAC,Total Actual Hourly Integrated Load,SYS_FCST_ACT_MW,3,25147,ACTUAL,429
2019-12-26T21:00:00-00:00,2019-12-26T22:00:00-00:00,0,2019-12-26,14,0,ACTUAL,CA ISO-TAC,Total Actual Hourly Integrated Load,SYS_FCST_ACT_MW,3,24179,ACTUAL,429
2019-12-26T23:00:00-00:00,2019-12-27T00:00:00-00:00,0,2019-12-26,16,0,ACTUAL,CA ISO-TAC,Total Actual Hourly Integrated Load,SYS_FCST_ACT_MW,3,25101,ACTUAL,429
2019-12-27T03:00:00-00:00,2019-12-27T04:00:00-00:00,0,2019-12-26,20,0,ACTUAL,CA ISO-TAC,Total Actual Hourly Integrated Load,SYS_FCST_ACT_MW,3,28822,ACTUAL,429
2019-12-26T11:00:00-00:00,2019-12-26T12:00:00-00:00,0,2019-12-26,4,0,ACTUAL,CA ISO-TAC,Total Actual Hourly Integrated Load,SYS_FCST_ACT_MW,3,20316,ACTUAL,429
2019-12-26T14:00:00-00:00,2019-12-26T15:00:00-00:00,0,2019-12-26,7,0,ACTUAL,CA ISO-TAC,Total Actual Hourly Integrated Load,SYS_FCST_ACT_MW,3,23530,ACTUAL,429
2019-12-26T13:00:00-00:00,2019-12-26T14:00:00-00:00,0,2019-12-26,6,0,ACTUAL,IPCO,Total Actual Hourly Integrated Load,SYS_FCST_ACT_MW,3.8,1873,ACTUAL,430
2019-12-27T00:00:00-00:00,2019-12-27T01:00:00-00:00,0,2019-12-26,17,0,ACTUAL,IPCO,Total Actual Hourly Integrated Load,SYS_FCST_ACT_MW,3.8,2175,ACTUAL,430
2019-12-27T05:00:00-00:00,2019-12-27T06:00:00-00:00,0,2019-12-26,22,0,ACTUAL,IPCO,Total Actual Hourly Integrated Load,SYS_FCST_ACT_MW,3.8,1925,ACTUAL,430
2019-12-27T07:00:00-00:00,2019-12-27T08:00:00-00:00,0,2019-12-26,24,0,ACTUAL,IPCO,Total Actual Hourly Integrated Load,SYS_FCST_ACT_MW,3.8,1761,ACTUAL,430
2019-12-26T20:00:00-00:00,2019-12-26T21:00:00-00:00,0,2019-12-26,13,0,ACTUAL,IPCO,Total Actual Hourly Integrated Load,SYS_FCST_ACT_MW,3.8,2061,ACTUAL,430
2019-12-26T08:00:00-00:00,2019-12-26T09:00:00-00:00,0,2019-12-26,1,0,ACTUAL,IPCO,Total Actual Hourly Integrated Load,SYS_FCST_ACT_MW,3.8,1634,ACTUAL,430
2019-12-26T11:00:00-00:00,2019-12-26T12:00:00-00:00,0,2019-12-26,4,0,ACTUAL,IPCO,Total Actual Hourly Integrated Load,SYS_FCST_ACT_MW,3.8,1676,ACTUAL,430
2019-12-26T19:00:00-00:00,2019-12-26T20:00:00-00:00,0,2019-12-26,12,0,ACTUAL,IPCO,Total Actual Hourly Integrated Load,SYS_FCST_ACT_MW,3.8,2089,ACTUAL,430
2019-12-27T06:00:00-00:00,2019-12-27T07:00:00-00:00,0,2019-12-26,23,0,ACTUAL,IPCO,Total Actual Hourly Integrated Load,SYS_FCST_ACT_MW,3.8,1825,ACTUAL,430
2019-12-26T09:00:00-00:00,2019-12-26T10:00:00-00:00,0,2019-12-26,2,0,ACTUAL,IPCO,Total Actual Hourly Integrated Load,SYS_FCST_ACT_MW,3.8,1625,ACTUAL,430
2019-12-26T14:00:00-00:00,2019-12-26T15:00:00-00:00,0,2019-12-26,7,0,ACTUAL,IPCO,Total Actual Hourly Integrated Load,SYS_FCST_ACT_MW,3.8,1985,ACTUAL,430
2019-12-26T16:00:00-00:00,2019-12-26T17:00:00-00:00,0,2019-12-26,9,0,ACTUAL,IPCO,Total Actual Hourly Integrated Load,SYS_FCST_ACT_MW,3.8,2113,ACTUAL,430
2019-12-26T17:00:00-00:00,2019-12-26T18:00:00-00:00,0,2019-12-26,10,0,ACTUAL,IPCO,Total Actual Hourly Integrated Load,SYS_FCST_ACT_MW,3.8,2129,ACTUAL,430
2019-12-26T21:00:00-00:00,2019-12-26T22:00:00-00:00,0,2019-12-26,14,0,ACTUAL,IPCO,Total Actual Hourly Integrated Load,SYS_FCST_ACT_MW,3.8,2038,ACTUAL,430
2019-12-27T04:00:00-00:00,2019-12-27T05:00:00-00:00,0,2019-12-26,21,0,ACTUAL,IPCO,Total Actual Hourly Integrated Load,SYS_FCST_ACT_MW,3.8,2032,ACTUAL,430
2019-12-26T22:00:00-00:00,2019-12-26T23:00:00-00:00,0,2019-12-26,15,0,ACTUAL,IPCO,Total Actual Hourly Integrated Load,SYS_FCST_ACT_MW,3.8,2032,ACTUAL,430
2019-12-26T18:00:00-00:00,2019-12-26T19:00:00-00:00,0,2019-12-26,11,0,ACTUAL,IPCO,Total Actual Hourly Integrated Load,SYS_FCST_ACT_MW,3.8,2119,ACTUAL,430
2019-12-27T01:00:00-00:00,2019-12-27T02:00:00-00:00,0,2019-12-26,18,0,ACTUAL,IPCO,Total Actual Hourly Integrated Load,SYS_FCST_ACT_MW,3.8,2187,ACTUAL,430
2019-12-26T23:00:00-00:00,2019-12-27T00:00:00-00:00,0,2019-12-26,16,0,ACTUAL,IPCO,Total Actual Hourly Integrated Load,SYS_FCST_ACT_MW,3.8,2075,ACTUAL,430
2019-12-27T02:00:00-00:00,2019-12-27T03:00:00-00:00,0,2019-12-26,19,0,ACTUAL,IPCO,Total Actual Hourly Integrated Load,SYS_FCST_ACT_MW,3.8,2155,ACTUAL,430
2019-12-27T03:00:00-00:00,2019-12-27T04:00:00-00:00,0,2019-12-26,20,0,ACTUAL,IPCO,Total Actual Hourly Integrated Load,SYS_FCST_ACT_MW,3.8,2109,ACTUAL,430
2019-12-26T10:00:00-00:00,2019-12-26T11:00:00-00:00,0,2019-12-26,3,0,ACTUAL,IPCO,Total Actual Hourly Integrated Load,SYS_FCST_ACT_MW,3.8,1635,ACTUAL,430
2019-12-26T12:00:00-00:00,2019-12-26T13:00:00-00:00,0,2019-12-26,5,0,ACTUAL,IPCO,Total Actual Hourly Integrated Load,SYS_FCST_ACT_MW,3.8,1756,ACTUAL,430
2019-12-26T15:00:00-00:00,2019-12-26T16:00:00-00:00,0,2019-12-26,8,0,ACTUAL,IPCO,Total Actual Hourly Integrated Load,SYS_FCST_ACT_MW,3.8,2060,ACTUAL,430
2019-12-27T02:00:00-00:00,2019-12-27T03:00:00-00:00,0,2019-12-26,19,0,ACTUAL,MWD-TAC,Total Actual Hourly Integrated Load,SYS_FCST_ACT_MW,3.3,122,ACTUAL,431
2019-12-26T12:00:00-00:00,2019-12-26T13:00:00-00:00,0,2019-12-26,5,0,ACTUAL,MWD-TAC,Total Actual Hourly Integrated Load,SYS_FCST_ACT_MW,3.3,116,ACTUAL,431
2019-12-26T11:00:00-00:00,2019-12-26T12:00:00-00:00,0,2019-12-26,4,0,ACTUAL,MWD-TAC,Total Actual Hourly Integrated Load,SYS_FCST_ACT_MW,3.3,125,ACTUAL,431
2019-12-27T07:00:00-00:00,2019-12-27T08:00:00-00:00,0,2019-12-26,24,0,ACTUAL,MWD-TAC,Total Actual Hourly Integrated Load,SYS_FCST_ACT_MW,3.3,128,ACTUAL,431
2019-12-27T04:00:00-00:00,2019-12-27T05:00:00-00:00,0,2019-12-26,21,0,ACTUAL,MWD-TAC,Total Actual Hourly Integrated Load,SYS_FCST_ACT_MW,3.3,128,ACTUAL,431
2019-12-27T05:00:00-00:00,2019-12-27T06:00:00-00:00,0,2019-12-26,22,0,ACTUAL,MWD-TAC,Total Actual Hourly Integrated Load,SYS_FCST_ACT_MW,3.3,128,ACTUAL,431
2019-12-27T06:00:00-00:00,2019-12-27T07:00:00-00:00,0,2019-12-26,23,0,ACTUAL,MWD-TAC,Total Actual Hourly Integrated Load,SYS_FCST_ACT_MW,3.3,128,ACTUAL,431
2019-12-26T14:00:00-00:00,2019-12-26T15:00:00-00:00,0,2019-12-26,7,0,ACTUAL,MWD-TAC,Total Actual Hourly Integrated Load,SYS_FCST_ACT_MW,3.3,109,ACTUAL,431
2019-12-26T19:00:00-00:00,2019-12-26T20:00:00-00:00,0,2019-12-26,12,0,ACTUAL,MWD-TAC,Total Actual Hourly Integrated Load,SYS_FCST_ACT_MW,3.3,127,ACTUAL,431
2019-12-26T21:00:00-00:00,2019-12-26T22:00:00-00:00,0,2019-12-26,14,0,ACTUAL,MWD-TAC,Total Actual Hourly Integrated Load,SYS_FCST_ACT_MW,3.3,128,ACTUAL,431
2019-12-26T22:00:00-00:00,2019-12-26T23:00:00-00:00,0,2019-12-26,15,0,ACTUAL,MWD-TAC,Total Actual Hourly Integrated Load,SYS_FCST_ACT_MW,3.3,128,ACTUAL,431
2019-12-26T15:00:00-00:00,2019-12-26T16:00:00-00:00,0,2019-12-26,8,0,ACTUAL,MWD-TAC,Total Actual Hourly Integrated Load,SYS_FCST_ACT_MW,3.3,121,ACTUAL,431
2019-12-27T01:00:00-00:00,2019-12-27T02:00:00-00:00,0,2019-12-26,18,0,ACTUAL,MWD-TAC,Total Actual Hourly Integrated Load,SYS_FCST_ACT_MW,3.3,125,ACTUAL,431
2019-12-26T16:00:00-00:00,2019-12-26T17:00:00-00:00,0,2019-12-26,9,0,ACTUAL,MWD-TAC,Total Actual Hourly Integrated Load,SYS_FCST_ACT_MW,3.3,125,ACTUAL,431
2019-12-26T20:00:00-00:00,2019-12-26T21:00:00-00:00,0,2019-12-26,13,0,ACTUAL,MWD-TAC,Total Actual Hourly Integrated Load,SYS_FCST_ACT_MW,3.3,128,ACTUAL,431
2019-12-26T13:00:00-00:00,2019-12-26T14:00:00-00:00,0,2019-12-26,6,0,ACTUAL,MWD-TAC,Total Actual Hourly Integrated Load,SYS_FCST_ACT_MW,3.3,109,ACTUAL,431
2019-12-27T00:00:00-00:00,2019-12-27T01:00:00-00:00,0,2019-12-26,17,0,ACTUAL,MWD-TAC,Total Actual Hourly Integrated Load,SYS_FCST_ACT_MW,3.3,128,ACTUAL,431
2019-12-26T18:00:00-00:00,2019-12-26T19:00:00-00:00,0,2019-12-26,11,0,ACTUAL,MWD-TAC,Total Actual Hourly Integrated Load,SYS_FCST_ACT_MW,3.3,124,ACTUAL,431
2019-12-27T03:00:00-00:00,2019-12-27T04:00:00-00:00,0,2019-12-26,20,0,ACTUAL,MWD-TAC,Total Actual Hourly Integrated Load,SYS_FCST_ACT_MW,3.3,128,ACTUAL,431
2019-12-26T09:00:00-00:00,2019-12-26T10:00:00-00:00,0,2019-12-26,2,0,ACTUAL,MWD-TAC,Total Actual Hourly Integrated Load,SYS_FCST_ACT_MW,3.3,120,ACTUAL,431
2019-12-26T17:00:00-00:00,2019-12-26T18:00:00-00:00,0,2019-12-26,10,0,ACTUAL,MWD-TAC,Total Actual Hourly Integrated Load,SYS_FCST_ACT_MW,3.3,122,ACTUAL,431
2019-12-26T08:00:00-00:00,2019-12-26T09:00:00-00:00,0,2019-12-26,1,0,ACTUAL,MWD-TAC,Total Actual Hourly Integrated Load,SYS_FCST_ACT_MW,3.3,112,ACTUAL,431
2019-12-26T23:00:00-00:00,2019-12-27T00:00:00-00:00,0,2019-12-26,16,0,ACTUAL,MWD-TAC,Total Actual Hourly Integrated Load,SYS_FCST_ACT_MW,3.3,128,ACTUAL,431
2019-12-26T10:00:00-00:00,2019-12-26T11:00:00-00:00,0,2019-12-26,3,0,ACTUAL,MWD-TAC,Total Actual Hourly Integrated Load,SYS_FCST_ACT_MW,3.3,125,ACTUAL,431
2019-12-27T04:00:00-00:00,2019-12-27T05:00:00-00:00,0,2019-12-26,21,0,ACTUAL,NEVP,Total Actual Hourly Integrated Load,SYS_FCST_ACT_MW,3.8,4423,ACTUAL,432
2019-12-26T23:00:00-00:00,2019-12-27T00:00:00-00:00,0,2019-12-26,16,0,ACTUAL,NEVP,Total Actual Hourly Integrated Load,SYS_FCST_ACT_MW,3.8,4258,ACTUAL,432
2019-12-26T15:00:00-00:00,2019-12-26T16:00:00-00:00,0,2019-12-26,8,0,ACTUAL,NEVP,Total Actual Hourly Integrated Load,SYS_FCST_ACT_MW,3.8,3999,ACTUAL,432
2019-12-26T18:00:00-00:00,2019-12-26T19:00:00-00:00,0,2019-12-26,11,0,ACTUAL,NEVP,Total Actual Hourly Integrated Load,SYS_FCST_ACT_MW,3.8,4225,ACTUAL,432
2019-12-26T21:00:00-00:00,2019-12-26T22:00:00-00:00,0,2019-12-26,14,0,ACTUAL,NEVP,Total Actual Hourly Integrated Load,SYS_FCST_ACT_MW,3.8,4212,ACTUAL,432
2019-12-26T12:00:00-00:00,2019-12-26T13:00:00-00:00,0,2019-12-26,5,0,ACTUAL,NEVP,Total Actual Hourly Integrated Load,SYS_FCST_ACT_MW,3.8,3620,ACTUAL,432
2019-12-26T19:00:00-00:00,2019-12-26T20:00:00-00:00,0,2019-12-26,12,0,ACTUAL,NEVP,Total Actual Hourly Integrated Load,SYS_FCST_ACT_MW,3.8,4214,ACTUAL,432
2019-12-26T22:00:00-00:00,2019-12-26T23:00:00-00:00,0,2019-12-26,15,0,ACTUAL,NEVP,Total Actual Hourly Integrated Load,SYS_FCST_ACT_MW,3.8,4216,ACTUAL,432
2019-12-27T06:00:00-00:00,2019-12-27T07:00:00-00:00,0,2019-12-26,23,0,ACTUAL,NEVP,Total Actual Hourly Integrated Load,SYS_FCST_ACT_MW,3.8,4112,ACTUAL,432
2019-12-27T00:00:00-00:00,2019-12-27T01:00:00-00:00,0,2019-12-26,17,0,ACTUAL,NEVP,Total Actual Hourly Integrated Load,SYS_FCST_ACT_MW,3.8,4452,ACTUAL,432
2019-12-27T03:00:00-00:00,2019-12-27T04:00:00-00:00,0,2019-12-26,20,0,ACTUAL,NEVP,Total Actual Hourly Integrated Load,SYS_FCST_ACT_MW,3.8,4487,ACTUAL,432
2019-12-26T10:00:00-00:00,2019-12-26T11:00:00-00:00,0,2019-12-26,3,0,ACTUAL,NEVP,Total Actual Hourly Integrated Load,SYS_FCST_ACT_MW,3.8,3549,ACTUAL,432
2019-12-26T20:00:00-00:00,2019-12-26T21:00:00-00:00,0,2019-12-26,13,0,ACTUAL,NEVP,Total Actual Hourly Integrated Load,SYS_FCST_ACT_MW,3.8,4211,ACTUAL,432
2019-12-27T01:00:00-00:00,2019-12-27T02:00:00-00:00,0,2019-12-26,18,0,ACTUAL,NEVP,Total Actual Hourly Integrated Load,SYS_FCST_ACT_MW,3.8,4583,ACTUAL,432
2019-12-26T16:00:00-00:00,2019-12-26T17:00:00-00:00,0,2019-12-26,9,0,ACTUAL,NEVP,Total Actual Hourly Integrated Load,SYS_FCST_ACT_MW,3.8,4114,ACTUAL,432
2019-12-27T02:00:00-00:00,2019-12-27T03:00:00-00:00,0,2019-12-26,19,0,ACTUAL,NEVP,Total Actual Hourly Integrated Load,SYS_FCST_ACT_MW,3.8,4561,ACTUAL,432
2019-12-27T07:00:00-00:00,2019-12-27T08:00:00-00:00,0,2019-12-26,24,0,ACTUAL,NEVP,Total Actual Hourly Integrated Load,SYS_FCST_ACT_MW,3.8,3924,ACTUAL,432
2019-12-26T09:00:00-00:00,2019-12-26T10:00:00-00:00,0,2019-12-26,2,0,ACTUAL,NEVP,Total Actual Hourly Integrated Load,SYS_FCST_ACT_MW,3.8,3576,ACTUAL,432
2019-12-26T11:00:00-00:00,2019-12-26T12:00:00-00:00,0,2019-12-26,4,0,ACTUAL,NEVP,Total Actual Hourly Integrated Load,SYS_FCST_ACT_MW,3.8,3553,ACTUAL,432
2019-12-26T13:00:00-00:00,2019-12-26T14:00:00-00:00,0,2019-12-26,6,0,ACTUAL,NEVP,Total Actual Hourly Integrated Load,SYS_FCST_ACT_MW,3.8,3744,ACTUAL,432
2019-12-26T14:00:00-00:00,2019-12-26T15:00:00-00:00,0,2019-12-26,7,0,ACTUAL,NEVP,Total Actual Hourly Integrated Load,SYS_FCST_ACT_MW,3.8,3903,ACTUAL,432
2019-12-26T17:00:00-00:00,2019-12-26T18:00:00-00:00,0,2019-12-26,10,0,ACTUAL,NEVP,Total Actual Hourly Integrated Load,SYS_FCST_ACT_MW,3.8,4205,ACTUAL,432
2019-12-26T08:00:00-00:00,2019-12-26T09:00:00-00:00,0,2019-12-26,1,0,ACTUAL,NEVP,Total Actual Hourly Integrated Load,SYS_FCST_ACT_MW,3.8,3646,ACTUAL,432
2019-12-27T05:00:00-00:00,2019-12-27T06:00:00-00:00,0,2019-12-26,22,0,ACTUAL,NEVP,Total Actual Hourly Integrated Load,SYS_FCST_ACT_MW,3.8,4287,ACTUAL,432
2019-12-27T05:00:00-00:00,2019-12-27T06:00:00-00:00,0,2019-12-26,22,0,ACTUAL,PACE,Total Actual Hourly Integrated Load,SYS_FCST_ACT_MW,3.8,5523,ACTUAL,433
2019-12-27T00:00:00-00:00,2019-12-27T01:00:00-00:00,0,2019-12-26,17,0,ACTUAL,PACE,Total Actual Hourly Integrated Load,SYS_FCST_ACT_MW,3.8,6002,ACTUAL,433
2019-12-26T18:00:00-00:00,2019-12-26T19:00:00-00:00,0,2019-12-26,11,0,ACTUAL,PACE,Total Actual Hourly Integrated Load,SYS_FCST_ACT_MW,3.8,5611,ACTUAL,433
2019-12-27T06:00:00-00:00,2019-12-27T07:00:00-00:00,0,2019-12-26,23,0,ACTUAL,PACE,Total Actual Hourly Integrated Load,SYS_FCST_ACT_MW,3.8,5274,ACTUAL,433
2019-12-26T11:00:00-00:00,2019-12-26T12:00:00-00:00,0,2019-12-26,4,0,ACTUAL,PACE,Total Actual Hourly Integrated Load,SYS_FCST_ACT_MW,3.8,4829,ACTUAL,433
2019-12-26T15:00:00-00:00,2019-12-26T16:00:00-00:00,0,2019-12-26,8,0,ACTUAL,PACE,Total Actual Hourly Integrated Load,SYS_FCST_ACT_MW,3.8,5575,ACTUAL,433
2019-12-26T17:00:00-00:00,2019-12-26T18:00:00-00:00,0,2019-12-26,10,0,ACTUAL,PACE,Total Actual Hourly Integrated Load,SYS_FCST_ACT_MW,3.8,5659,ACTUAL,433
2019-12-26T08:00:00-00:00,2019-12-26T09:00:00-00:00,0,2019-12-26,1,0,ACTUAL,PACE,Total Actual Hourly Integrated Load,SYS_FCST_ACT_MW,3.8,4764,ACTUAL,433
2019-12-26T21:00:00-00:00,2019-12-26T22:00:00-00:00,0,2019-12-26,14,0,ACTUAL,PACE,Total Actual Hourly Integrated Load,SYS_FCST_ACT_MW,3.8,5530,ACTUAL,433
2019-12-27T01:00:00-00:00,2019-12-27T02:00:00-00:00,0,2019-12-26,18,0,ACTUAL,PACE,Total Actual Hourly Integrated Load,SYS_FCST_ACT_MW,3.8,6065,ACTUAL,433
2019-12-27T02:00:00-00:00,2019-12-27T03:00:00-00:00,0,2019-12-26,19,0,ACTUAL,PACE,Total Actual Hourly Integrated Load,SYS_FCST_ACT_MW,3.8,6016,ACTUAL,433
2019-12-27T04:00:00-00:00,2019-12-27T05:00:00-00:00,0,2019-12-26,21,0,ACTUAL,PACE,Total Actual Hourly Integrated Load,SYS_FCST_ACT_MW,3.8,5777,ACTUAL,433
2019-12-26T13:00:00-00:00,2019-12-26T14:00:00-00:00,0,2019-12-26,6,0,ACTUAL,PACE,Total Actual Hourly Integrated Load,SYS_FCST_ACT_MW,3.8,5246,ACTUAL,433
2019-12-26T14:00:00-00:00,2019-12-26T15:00:00-00:00,0,2019-12-26,7,0,ACTUAL,PACE,Total Actual Hourly Integrated Load,SYS_FCST_ACT_MW,3.8,5448,ACTUAL,433
2019-12-26T22:00:00-00:00,2019-12-26T23:00:00-00:00,0,2019-12-26,15,0,ACTUAL,PACE,Total Actual Hourly Integrated Load,SYS_FCST_ACT_MW,3.8,5548,ACTUAL,433
2019-12-26T19:00:00-00:00,2019-12-26T20:00:00-00:00,0,2019-12-26,12,0,ACTUAL,PACE,Total Actual Hourly Integrated Load,SYS_FCST_ACT_MW,3.8,5559,ACTUAL,433
2019-12-26T20:00:00-00:00,2019-12-26T21:00:00-00:00,0,2019-12-26,13,0,ACTUAL,PACE,Total Actual Hourly Integrated Load,SYS_FCST_ACT_MW,3.8,5537,ACTUAL,433
2019-12-26T23:00:00-00:00,2019-12-27T00:00:00-00:00,0,2019-12-26,16,0,ACTUAL,PACE,Total Actual Hourly Integrated Load,SYS_FCST_ACT_MW,3.8,5678,ACTUAL,433
2019-12-27T07:00:00-00:00,2019-12-27T08:00:00-00:00,0,2019-12-26,24,0,ACTUAL,PACE,Total Actual Hourly Integrated Load,SYS_FCST_ACT_MW,3.8,5088,ACTUAL,433
2019-12-26T16:00:00-00:00,2019-12-26T17:00:00-00:00,0,2019-12-26,9,0,ACTUAL,PACE,Total Actual Hourly Integrated Load,SYS_FCST_ACT_MW,3.8,5672,ACTUAL,433
2019-12-27T03:00:00-00:00,2019-12-27T04:00:00-00:00,0,2019-12-26,20,0,ACTUAL,PACE,Total Actual Hourly Integrated Load,SYS_FCST_ACT_MW,3.8,5934,ACTUAL,433
2019-12-26T09:00:00-00:00,2019-12-26T10:00:00-00:00,0,2019-12-26,2,0,ACTUAL,PACE,Total Actual Hourly Integrated Load,SYS_FCST_ACT_MW,3.8,4744,ACTUAL,433
2019-12-26T12:00:00-00:00,2019-12-26T13:00:00-00:00,0,2019-12-26,5,0,ACTUAL,PACE,Total Actual Hourly Integrated Load,SYS_FCST_ACT_MW,3.8,5007,ACTUAL,433
2019-12-26T10:00:00-00:00,2019-12-26T11:00:00-00:00,0,2019-12-26,3,0,ACTUAL,PACE,Total Actual Hourly Integrated Load,SYS_FCST_ACT_MW,3.8,4756,ACTUAL,433
2019-12-27T02:00:00-00:00,2019-12-27T03:00:00-00:00,0,2019-12-26,19,0,ACTUAL,PACW,Total Actual Hourly Integrated Load,SYS_FCST_ACT_MW,3.8,3049,ACTUAL,434
2019-12-26T08:00:00-00:00,2019-12-26T09:00:00-00:00,0,2019-12-26,1,0,ACTUAL,PACW,Total Actual Hourly Integrated Load,SYS_FCST_ACT_MW,3.8,2149,ACTUAL,434
2019-12-26T12:00:00-00:00,2019-12-26T13:00:00-00:00,0,2019-12-26,5,0,ACTUAL,PACW,Total Actual Hourly Integrated Load,SYS_FCST_ACT_MW,3.8,2297,ACTUAL,434
2019-12-26T15:00:00-00:00,2019-12-26T16:00:00-00:00,0,2019-12-26,8,0,ACTUAL,PACW,Total Actual Hourly Integrated Load,SYS_FCST_ACT_MW,3.8,2963,ACTUAL,434
2019-12-26T19:00:00-00:00,2019-12-26T20:00:00-00:00,0,2019-12-26,12,0,ACTUAL,PACW,Total Actual Hourly Integrated Load,SYS_FCST_ACT_MW,3.8,2929,ACTUAL,434
2019-12-26T20:00:00-00:00,2019-12-26T21:00:00-00:00,0,2019-12-26,13,0,ACTUAL,PACW,Total Actual Hourly Integrated Load,SYS_FCST_ACT_MW,3.8,2831,ACTUAL,434
2019-12-26T21:00:00-00:00,2019-12-26T22:00:00-00:00,0,2019-12-26,14,0,ACTUAL,PACW,Total Actual Hourly Integrated Load,SYS_FCST_ACT_MW,3.8,2767,ACTUAL,434
2019-12-26T11:00:00-00:00,2019-12-26T12:00:00-00:00,0,2019-12-26,4,0,ACTUAL,PACW,Total Actual Hourly Integrated Load,SYS_FCST_ACT_MW,3.8,2179,ACTUAL,434
2019-12-26T16:00:00-00:00,2019-12-26T17:00:00-00:00,0,2019-12-26,9,0,ACTUAL,PACW,Total Actual Hourly Integrated Load,SYS_FCST_ACT_MW,3.8,3082,ACTUAL,434
2019-12-26T18:00:00-00:00,2019-12-26T19:00:00-00:00,0,2019-12-26,11,0,ACTUAL,PACW,Total Actual Hourly Integrated Load,SYS_FCST_ACT_MW,3.8,3058,ACTUAL,434
2019-12-26T10:00:00-00:00,2019-12-26T11:00:00-00:00,0,2019-12-26,3,0,ACTUAL,PACW,Total Actual Hourly Integrated Load,SYS_FCST_ACT_MW,3.8,2131,ACTUAL,434
2019-12-26T23:00:00-00:00,2019-12-27T00:00:00-00:00,0,2019-12-26,16,0,ACTUAL,PACW,Total Actual Hourly Integrated Load,SYS_FCST_ACT_MW,3.8,2726,ACTUAL,434
2019-12-27T04:00:00-00:00,2019-12-27T05:00:00-00:00,0,2019-12-26,21,0,ACTUAL,PACW,Total Actual Hourly Integrated Load,SYS_FCST_ACT_MW,3.8,2942,ACTUAL,434
2019-12-26T13:00:00-00:00,2019-12-26T14:00:00-00:00,0,2019-12-26,6,0,ACTUAL,PACW,Total Actual Hourly Integrated Load,SYS_FCST_ACT_MW,3.8,2518,ACTUAL,434
2019-12-27T07:00:00-00:00,2019-12-27T08:00:00-00:00,0,2019-12-26,24,0,ACTUAL,PACW,Total Actual Hourly Integrated Load,SYS_FCST_ACT_MW,3.8,2532,ACTUAL,434
2019-12-26T22:00:00-00:00,2019-12-26T23:00:00-00:00,0,2019-12-26,15,0,ACTUAL,PACW,Total Actual Hourly Integrated Load,SYS_FCST_ACT_MW,3.8,2714,ACTUAL,434
2019-12-27T03:00:00-00:00,2019-12-27T04:00:00-00:00,0,2019-12-26,20,0,ACTUAL,PACW,Total Actual Hourly Integrated Load,SYS_FCST_ACT_MW,3.8,3013,ACTUAL,434
2019-12-26T14:00:00-00:00,2019-12-26T15:00:00-00:00,0,2019-12-26,7,0,ACTUAL,PACW,Total Actual Hourly Integrated Load,SYS_FCST_ACT_MW,3.8,2772,ACTUAL,434
2019-12-26T17:00:00-00:00,2019-12-26T18:00:00-00:00,0,2019-12-26,10,0,ACTUAL,PACW,Total Actual Hourly Integrated Load,SYS_FCST_ACT_MW,3.8,3111,ACTUAL,434
2019-12-27T01:00:00-00:00,2019-12-27T02:00:00-00:00,0,2019-12-26,18,0,ACTUAL,PACW,Total Actual Hourly Integrated Load,SYS_FCST_ACT_MW,3.8,3051,ACTUAL,434
2019-12-26T09:00:00-00:00,2019-12-26T10:00:00-00:00,0,2019-12-26,2,0,ACTUAL,PACW,Total Actual Hourly Integrated Load,SYS_FCST_ACT_MW,3.8,2117,ACTUAL,434
2019-12-27T00:00:00-00:00,2019-12-27T01:00:00-00:00,0,2019-12-26,17,0,ACTUAL,PACW,Total Actual Hourly Integrated Load,SYS_FCST_ACT_MW,3.8,2883,ACTUAL,434
2019-12-27T05:00:00-00:00,2019-12-27T06:00:00-00:00,0,2019-12-26,22,0,ACTUAL,PACW,Total Actual Hourly Integrated Load,SYS_FCST_ACT_MW,3.8,2829,ACTUAL,434
2019-12-27T06:00:00-00:00,2019-12-27T07:00:00-00:00,0,2019-12-26,23,0,ACTUAL,PACW,Total Actual Hourly Integrated Load,SYS_FCST_ACT_MW,3.8,2667,ACTUAL,434
2019-12-26T15:00:00-00:00,2019-12-26T16:00:00-00:00,0,2019-12-26,8,0,ACTUAL,PGE,Total Actual Hourly Integrated Load,SYS_FCST_ACT_MW,3.8,2915,ACTUAL,435
2019-12-26T19:00:00-00:00,2019-12-26T20:00:00-00:00,0,2019-12-26,12,0,ACTUAL,PGE,Total Actual Hourly Integrated Load,SYS_FCST_ACT_MW,3.8,2993,ACTUAL,435
2019-12-26T13:00:00-00:00,2019-12-26T14:00:00-00:00,0,2019-12-26,6,0,ACTUAL,PGE,Total Actual Hourly Integrated Load,SYS_FCST_ACT_MW,3.8,2481,ACTUAL,435
2019-12-27T07:00:00-00:00,2019-12-27T08:00:00-00:00,0,2019-12-26,24,0,ACTUAL,PGE,Total Actual Hourly Integrated Load,SYS_FCST_ACT_MW,3.8,2389,ACTUAL,435
2019-12-27T05:00:00-00:00,2019-12-27T06:00:00-00:00,0,2019-12-26,22,0,ACTUAL,PGE,Total Actual Hourly Integrated Load,SYS_FCST_ACT_MW,3.8,2803,ACTUAL,435
2019-12-26T21:00:00-00:00,2019-12-26T22:00:00-00:00,0,2019-12-26,14,0,ACTUAL,PGE,Total Actual Hourly Integrated Load,SYS_FCST_ACT_MW,3.8,2884,ACTUAL,435
2019-12-26T20:00:00-00:00,2019-12-26T21:00:00-00:00,0,2019-12-26,13,0,ACTUAL,PGE,Total Actual Hourly Integrated Load,SYS_FCST_ACT_MW,3.8,2928,ACTUAL,435
2019-12-26T10:00:00-00:00,2019-12-26T11:00:00-00:00,0,2019-12-26,3,0,ACTUAL,PGE,Total Actual Hourly Integrated Load,SYS_FCST_ACT_MW,3.8,2125,ACTUAL,435
2019-12-27T02:00:00-00:00,2019-12-27T03:00:00-00:00,0,2019-12-26,19,0,ACTUAL,PGE,Total Actual Hourly Integrated Load,SYS_FCST_ACT_MW,3.8,3116,ACTUAL,435
2019-12-26T16:00:00-00:00,2019-12-26T17:00:00-00:00,0,2019-12-26,9,0,ACTUAL,PGE,Total Actual Hourly Integrated Load,SYS_FCST_ACT_MW,3.8,3014,ACTUAL,435
2019-12-27T01:00:00-00:00,2019-12-27T02:00:00-00:00,0,2019-12-26,18,0,ACTUAL,PGE,Total Actual Hourly Integrated Load,SYS_FCST_ACT_MW,3.8,3137,ACTUAL,435
2019-12-26T22:00:00-00:00,2019-12-26T23:00:00-00:00,0,2019-12-26,15,0,ACTUAL,PGE,Total Actual Hourly Integrated Load,SYS_FCST_ACT_MW,3.8,2822,ACTUAL,435
2019-12-26T11:00:00-00:00,2019-12-26T12:00:00-00:00,0,2019-12-26,4,0,ACTUAL,PGE,Total Actual Hourly Integrated Load,SYS_FCST_ACT_MW,3.8,2164,ACTUAL,435
2019-12-26T08:00:00-00:00,2019-12-26T09:00:00-00:00,0,2019-12-26,1,0,ACTUAL,PGE,Total Actual Hourly Integrated Load,SYS_FCST_ACT_MW,3.8,2180,ACTUAL,435
2019-12-27T04:00:00-00:00,2019-12-27T05:00:00-00:00,0,2019-12-26,21,0,ACTUAL,PGE,Total Actual Hourly Integrated Load,SYS_FCST_ACT_MW,3.8,2954,ACTUAL,435
2019-12-27T03:00:00-00:00,2019-12-27T04:00:00-00:00,0,2019-12-26,20,0,ACTUAL,PGE,Total Actual Hourly Integrated Load,SYS_FCST_ACT_MW,3.8,3049,ACTUAL,435
2019-12-26T17:00:00-00:00,2019-12-26T18:00:00-00:00,0,2019-12-26,10,0,ACTUAL,PGE,Total Actual Hourly Integrated Load,SYS_FCST_ACT_MW,3.8,3039,ACTUAL,435
2019-12-27T06:00:00-00:00,2019-12-27T07:00:00-00:00,0,2019-12-26,23,0,ACTUAL,PGE,Total Actual Hourly Integrated Load,SYS_FCST_ACT_MW,3.8,2589,ACTUAL,435
2019-12-27T00:00:00-00:00,2019-12-27T01:00:00-00:00,0,2019-12-26,17,0,ACTUAL,PGE,Total Actual Hourly Integrated Load,SYS_FCST_ACT_MW,3.8,2973,ACTUAL,435
2019-12-26T09:00:00-00:00,2019-12-26T10:00:00-00:00,0,2019-12-26,2,0,ACTUAL,PGE,Total Actual Hourly Integrated Load,SYS_FCST_ACT_MW,3.8,2133,ACTUAL,435
2019-12-26T23:00:00-00:00,2019-12-27T00:00:00-00:00,0,2019-12-26,16,0,ACTUAL,PGE,Total Actual Hourly Integrated Load,SYS_FCST_ACT_MW,3.8,2838,ACTUAL,435
2019-12-26T18:00:00-00:00,2019-12-26T19:00:00-00:00,0,2019-12-26,11,0,ACTUAL,PGE,Total Actual Hourly Integrated Load,SYS_FCST_ACT_MW,3.8,3030,ACTUAL,435
2019-12-26T14:00:00-00:00,2019-12-26T15:00:00-00:00,0,2019-12-26,7,0,ACTUAL,PGE,Total Actual Hourly Integrated Load,SYS_FCST_ACT_MW,3.8,2728,ACTUAL,435
2019-12-26T12:00:00-00:00,2019-12-26T13:00:00-00:00,0,2019-12-26,5,0,ACTUAL,PGE,Total Actual Hourly Integrated Load,SYS_FCST_ACT_MW,3.8,2274,ACTUAL,435
2019-12-26T15:00:00-00:00,2019-12-26T16:00:00-00:00,0,2019-12-26,8,0,ACTUAL,PGE-TAC,Total Actual Hourly Integrated Load,SYS_FCST_ACT_MW,3.1,11160,ACTUAL,436
2019-12-26T14:00:00-00:00,2019-12-26T15:00:00-00:00,0,2019-12-26,7,0,ACTUAL,PGE-TAC,Total Actual Hourly Integrated Load,SYS_FCST_ACT_MW,3.1,10549,ACTUAL,436
2019-12-26T10:00:00-00:00,2019-12-26T11:00:00-00:00,0,2019-12-26,3,0,ACTUAL,PGE-TAC,Total Actual Hourly Integrated Load,SYS_FCST_ACT_MW,3.1,9300,ACTUAL,436
2019-12-27T07:00:00-00:00,2019-12-27T08:00:00-00:00,0,2019-12-26,24,0,ACTUAL,PGE-TAC,Total Actual Hourly Integrated Load,SYS_FCST_ACT_MW,3.1,10497,ACTUAL,436
2019-12-27T06:00:00-00:00,2019-12-27T07:00:00-00:00,0,2019-12-26,23,0,ACTUAL,PGE-TAC,Total Actual Hourly Integrated Load,SYS_FCST_ACT_MW,3.1,11263,ACTUAL,436
2019-12-26T12:00:00-00:00,2019-12-26T13:00:00-00:00,0,2019-12-26,5,0,ACTUAL,PGE-TAC,Total Actual Hourly Integrated Load,SYS_FCST_ACT_MW,3.1,9513,ACTUAL,436
2019-12-27T04:00:00-00:00,2019-12-27T05:00:00-00:00,0,2019-12-26,21,0,ACTUAL,PGE-TAC,Total Actual Hourly Integrated Load,SYS_FCST_ACT_MW,3.1,12473,ACTUAL,436
2019-12-26T22:00:00-00:00,2019-12-26T23:00:00-00:00,0,2019-12-26,15,0,ACTUAL,PGE-TAC,Total Actual Hourly Integrated Load,SYS_FCST_ACT_MW,3.1,10246,ACTUAL,436
2019-12-26T18:00:00-00:00,2019-12-26T19:00:00-00:00,0,2019-12-26,11,0,ACTUAL,PGE-TAC,Total Actual Hourly Integrated Load,SYS_FCST_ACT_MW,3.1,10517,ACTUAL,436
2019-12-26T13:00:00-00:00,2019-12-26T14:00:00-00:00,0,2019-12-26,6,0,ACTUAL,PGE-TAC,Total Actual Hourly Integrated Load,SYS_FCST_ACT_MW,3.1,9774,ACTUAL,436
2019-12-26T11:00:00-00:00,2019-12-26T12:00:00-00:00,0,2019-12-26,4,0,ACTUAL,PGE-TAC,Total Actual Hourly Integrated Load,SYS_FCST_ACT_MW,3.1,9296,ACTUAL,436
2019-12-26T08:00:00-00:00,2019-12-26T09:00:00-00:00,0,2019-12-26,1,0,ACTUAL,PGE-TAC,Total Actual Hourly Integrated Load,SYS_FCST_ACT_MW,3.1,9456,ACTUAL,436
2019-12-26T23:00:00-00:00,2019-12-27T00:00:00-00:00,0,2019-12-26,16,0,ACTUAL,PGE-TAC,Total Actual Hourly Integrated Load,SYS_FCST_ACT_MW,3.1,10803,ACTUAL,436
2019-12-26T09:00:00-00:00,2019-12-26T10:00:00-00:00,0,2019-12-26,2,0,ACTUAL,PGE-TAC,Total Actual Hourly Integrated Load,SYS_FCST_ACT_MW,3.1,9297,ACTUAL,436
2019-12-26T17:00:00-00:00,2019-12-26T18:00:00-00:00,0,2019-12-26,10,0,ACTUAL,PGE-TAC,Total Actual Hourly Integrated Load,SYS_FCST_ACT_MW,3.1,10998,ACTUAL,436
2019-12-26T16:00:00-00:00,2019-12-26T17:00:00-00:00,0,2019-12-26,9,0,ACTUAL,PGE-TAC,Total Actual Hourly Integrated Load,SYS_FCST_ACT_MW,3.1,11325,ACTUAL,436
2019-12-27T02:00:00-00:00,2019-12-27T03:00:00-00:00,0,2019-12-26,19,0,ACTUAL,PGE-TAC,Total Actual Hourly Integrated Load,SYS_FCST_ACT_MW,3.1,12944,ACTUAL,436
2019-12-27T01:00:00-00:00,2019-12-27T02:00:00-00:00,0,2019-12-26,18,0,ACTUAL,PGE-TAC,Total Actual Hourly Integrated Load,SYS_FCST_ACT_MW,3.1,12808,ACTUAL,436
2019-12-26T21:00:00-00:00,2019-12-26T22:00:00-00:00,0,2019-12-26,14,0,ACTUAL,PGE-TAC,Total Actual Hourly Integrated Load,SYS_FCST_ACT_MW,3.1,10049,ACTUAL,436
2019-12-26T20:00:00-00:00,2019-12-26T21:00:00-00:00,0,2019-12-26,13,0,ACTUAL,PGE-TAC,Total Actual Hourly Integrated Load,SYS_FCST_ACT_MW,3.1,10022,ACTUAL,436
2019-12-26T19:00:00-00:00,2019-12-26T20:00:00-00:00,0,2019-12-26,12,0,ACTUAL,PGE-TAC,Total Actual Hourly Integrated Load,SYS_FCST_ACT_MW,3.1,10104,ACTUAL,436
2019-12-27T05:00:00-00:00,2019-12-27T06:00:00-00:00,0,2019-12-26,22,0,ACTUAL,PGE-TAC,Total Actual Hourly Integrated Load,SYS_FCST_ACT_MW,3.1,12055,ACTUAL,436
2019-12-27T00:00:00-00:00,2019-12-27T01:00:00-00:00,0,2019-12-26,17,0,ACTUAL,PGE-TAC,Total Actual Hourly Integrated Load,SYS_FCST_ACT_MW,3.1,11691,ACTUAL,436
2019-12-27T03:00:00-00:00,2019-12-27T04:00:00-00:00,0,2019-12-26,20,0,ACTUAL,PGE-TAC,Total Actual Hourly Integrated Load,SYS_FCST_ACT_MW,3.1,12735,ACTUAL,436
2019-12-26T16:00:00-00:00,2019-12-26T17:00:00-00:00,0,2019-12-26,9,0,ACTUAL,PSEI,Total Actual Hourly Integrated Load,SYS_FCST_ACT_MW,3.8,3910,ACTUAL,437
2019-12-26T08:00:00-00:00,2019-12-26T09:00:00-00:00,0,2019-12-26,1,0,ACTUAL,PSEI,Total Actual Hourly Integrated Load,SYS_FCST_ACT_MW,3.8,2909,ACTUAL,437
2019-12-26T13:00:00-00:00,2019-12-26T14:00:00-00:00,0,2019-12-26,6,0,ACTUAL,PSEI,Total Actual Hourly Integrated Load,SYS_FCST_ACT_MW,3.8,3332,ACTUAL,437
2019-12-27T00:00:00-00:00,2019-12-27T01:00:00-00:00,0,2019-12-26,17,0,ACTUAL,PSEI,Total Actual Hourly Integrated Load,SYS_FCST_ACT_MW,3.8,4012,ACTUAL,437
2019-12-26T10:00:00-00:00,2019-12-26T11:00:00-00:00,0,2019-12-26,3,0,ACTUAL,PSEI,Total Actual Hourly Integrated Load,SYS_FCST_ACT_MW,3.8,2859,ACTUAL,437
2019-12-26T14:00:00-00:00,2019-12-26T15:00:00-00:00,0,2019-12-26,7,0,ACTUAL,PSEI,Total Actual Hourly Integrated Load,SYS_FCST_ACT_MW,3.8,3605,ACTUAL,437
2019-12-26T19:00:00-00:00,2019-12-26T20:00:00-00:00,0,2019-12-26,12,0,ACTUAL,PSEI,Total Actual Hourly Integrated Load,SYS_FCST_ACT_MW,3.8,3950,ACTUAL,437
2019-12-26T23:00:00-00:00,2019-12-27T00:00:00-00:00,0,2019-12-26,16,0,ACTUAL,PSEI,Total Actual Hourly Integrated Load,SYS_FCST_ACT_MW,3.8,3817,ACTUAL,437
2019-12-27T02:00:00-00:00,2019-12-27T03:00:00-00:00,0,2019-12-26,19,0,ACTUAL,PSEI,Total Actual Hourly Integrated Load,SYS_FCST_ACT_MW,3.8,4063,ACTUAL,437
2019-12-27T03:00:00-00:00,2019-12-27T04:00:00-00:00,0,2019-12-26,20,0,ACTUAL,PSEI,Total Actual Hourly Integrated Load,SYS_FCST_ACT_MW,3.8,3934,ACTUAL,437
2019-12-26T11:00:00-00:00,2019-12-26T12:00:00-00:00,0,2019-12-26,4,0,ACTUAL,PSEI,Total Actual Hourly Integrated Load,SYS_FCST_ACT_MW,3.8,2920,ACTUAL,437
2019-12-26T17:00:00-00:00,2019-12-26T18:00:00-00:00,0,2019-12-26,10,0,ACTUAL,PSEI,Total Actual Hourly Integrated Load,SYS_FCST_ACT_MW,3.8,3976,ACTUAL,437
2019-12-26T20:00:00-00:00,2019-12-26T21:00:00-00:00,0,2019-12-26,13,0,ACTUAL,PSEI,Total Actual Hourly Integrated Load,SYS_FCST_ACT_MW,3.8,3871,ACTUAL,437
2019-12-27T06:00:00-00:00,2019-12-27T07:00:00-00:00,0,2019-12-26,23,0,ACTUAL,PSEI,Total Actual Hourly Integrated Load,SYS_FCST_ACT_MW,3.8,3293,ACTUAL,437
2019-12-27T01:00:00-00:00,2019-12-27T02:00:00-00:00,0,2019-12-26,18,0,ACTUAL,PSEI,Total Actual Hourly Integrated Load,SYS_FCST_ACT_MW,3.8,4139,ACTUAL,437
2019-12-27T04:00:00-00:00,2019-12-27T05:00:00-00:00,0,2019-12-26,21,0,ACTUAL,PSEI,Total Actual Hourly Integrated Load,SYS_FCST_ACT_MW,3.8,3789,ACTUAL,437
2019-12-27T05:00:00-00:00,2019-12-27T06:00:00-00:00,0,2019-12-26,22,0,ACTUAL,PSEI,Total Actual Hourly Integrated Load,SYS_FCST_ACT_MW,3.8,3570,ACTUAL,437
2019-12-27T07:00:00-00:00,2019-12-27T08:00:00-00:00,0,2019-12-26,24,0,ACTUAL,PSEI,Total Actual Hourly Integrated Load,SYS_FCST_ACT_MW,3.8,3048,ACTUAL,437
2019-12-26T15:00:00-00:00,2019-12-26T16:00:00-00:00,0,2019-12-26,8,0,ACTUAL,PSEI,Total Actual Hourly Integrated Load,SYS_FCST_ACT_MW,3.8,3804,ACTUAL,437
2019-12-26T21:00:00-00:00,2019-12-26T22:00:00-00:00,0,2019-12-26,14,0,ACTUAL,PSEI,Total Actual Hourly Integrated Load,SYS_FCST_ACT_MW,3.8,3811,ACTUAL,437
2019-12-26T09:00:00-00:00,2019-12-26T10:00:00-00:00,0,2019-12-26,2,0,ACTUAL,PSEI,Total Actual Hourly Integrated Load,SYS_FCST_ACT_MW,3.8,2853,ACTUAL,437
2019-12-26T12:00:00-00:00,2019-12-26T13:00:00-00:00,0,2019-12-26,5,0,ACTUAL,PSEI,Total Actual Hourly Integrated Load,SYS_FCST_ACT_MW,3.8,3081,ACTUAL,437
2019-12-26T22:00:00-00:00,2019-12-26T23:00:00-00:00,0,2019-12-26,15,0,ACTUAL,PSEI,Total Actual Hourly Integrated Load,SYS_FCST_ACT_MW,3.8,3778,ACTUAL,437
2019-12-26T18:00:00-00:00,2019-12-26T19:00:00-00:00,0,2019-12-26,11,0,ACTUAL,PSEI,Total Actual Hourly Integrated Load,SYS_FCST_ACT_MW,3.8,4006,ACTUAL,437
2019-12-27T01:00:00-00:00,2019-12-27T02:00:00-00:00,0,2019-12-26,18,0,ACTUAL,SCE-TAC,Total Actual Hourly Integrated Load,SYS_FCST_ACT_MW,3.2,13149,ACTUAL,438
2019-12-26T08:00:00-00:00,2019-12-26T09:00:00-00:00,0,2019-12-26,1,0,ACTUAL,SCE-TAC,Total Actual Hourly Integrated Load,SYS_FCST_ACT_MW,3.2,9437,ACTUAL,438
2019-12-26T13:00:00-00:00,2019-12-26T14:00:00-00:00,0,2019-12-26,6,0,ACTUAL,SCE-TAC,Total Actual Hourly Integrated Load,SYS_FCST_ACT_MW,3.2,9773,ACTUAL,438
2019-12-26T20:00:00-00:00,2019-12-26T21:00:00-00:00,0,2019-12-26,13,0,ACTUAL,SCE-TAC,Total Actual Hourly Integrated Load,SYS_FCST_ACT_MW,3.2,11761,ACTUAL,438
2019-12-27T05:00:00-00:00,2019-12-27T06:00:00-00:00,0,2019-12-26,22,0,ACTUAL,SCE-TAC,Total Actual Hourly Integrated Load,SYS_FCST_ACT_MW,3.2,12493,ACTUAL,438
2019-12-26T14:00:00-00:00,2019-12-26T15:00:00-00:00,0,2019-12-26,7,0,ACTUAL,SCE-TAC,Total Actual Hourly Integrated Load,SYS_FCST_ACT_MW,3.2,10568,ACTUAL,438
2019-12-26T22:00:00-00:00,2019-12-26T23:00:00-00:00,0,2019-12-26,15,0,ACTUAL,SCE-TAC,Total Actual Hourly Integrated Load,SYS_FCST_ACT_MW,3.2,11623,ACTUAL,438
2019-12-27T02:00:00-00:00,2019-12-27T03:00:00-00:00,0,2019-12-26,19,0,ACTUAL,SCE-TAC,Total Actual Hourly Integrated Load,SYS_FCST_ACT_MW,3.2,13255,ACTUAL,438
2019-12-27T03:00:00-00:00,2019-12-27T04:00:00-00:00,0,2019-12-26,20,0,ACTUAL,SCE-TAC,Total Actual Hourly Integrated Load,SYS_FCST_ACT_MW,3.2,13099,ACTUAL,438
2019-12-27T04:00:00-00:00,2019-12-27T05:00:00-00:00,0,2019-12-26,21,0,ACTUAL,SCE-TAC,Total Actual Hourly Integrated Load,SYS_FCST_ACT_MW,3.2,12904,ACTUAL,438
2019-12-27T07:00:00-00:00,2019-12-27T08:00:00-00:00,0,2019-12-26,24,0,ACTUAL,SCE-TAC,Total Actual Hourly Integrated Load,SYS_FCST_ACT_MW,3.2,10937,ACTUAL,438
2019-12-26T21:00:00-00:00,2019-12-26T22:00:00-00:00,0,2019-12-26,14,0,ACTUAL,SCE-TAC,Total Actual Hourly Integrated Load,SYS_FCST_ACT_MW,3.2,11691,ACTUAL,438
2019-12-27T06:00:00-00:00,2019-12-27T07:00:00-00:00,0,2019-12-26,23,0,ACTUAL,SCE-TAC,Total Actual Hourly Integrated Load,SYS_FCST_ACT_MW,3.2,11739,ACTUAL,438
2019-12-26T19:00:00-00:00,2019-12-26T20:00:00-00:00,0,2019-12-26,12,0,ACTUAL,SCE-TAC,Total Actual Hourly Integrated Load,SYS_FCST_ACT_MW,3.2,11929,ACTUAL,438
2019-12-26T10:00:00-00:00,2019-12-26T11:00:00-00:00,0,2019-12-26,3,0,ACTUAL,SCE-TAC,Total Actual Hourly Integrated Load,SYS_FCST_ACT_MW,3.2,9020,ACTUAL,438
2019-12-26T16:00:00-00:00,2019-12-26T17:00:00-00:00,0,2019-12-26,9,0,ACTUAL,SCE-TAC,Total Actual Hourly Integrated Load,SYS_FCST_ACT_MW,3.2,11459,ACTUAL,438
2019-12-26T17:00:00-00:00,2019-12-26T18:00:00-00:00,0,2019-12-26,10,0,ACTUAL,SCE-TAC,Total Actual Hourly Integrated Load,SYS_FCST_ACT_MW,3.2,11717,ACTUAL,438
2019-12-26T15:00:00-00:00,2019-12-26T16:00:00-00:00,0,2019-12-26,8,0,ACTUAL,SCE-TAC,Total Actual Hourly Integrated Load,SYS_FCST_ACT_MW,3.2,11030,ACTUAL,438
2019-12-26T09:00:00-00:00,2019-12-26T10:00:00-00:00,0,2019-12-26,2,0,ACTUAL,SCE-TAC,Total Actual Hourly Integrated Load,SYS_FCST_ACT_MW,3.2,9153,ACTUAL,438
2019-12-26T11:00:00-00:00,2019-12-26T12:00:00-00:00,0,2019-12-26,4,0,ACTUAL,SCE-TAC,Total Actual Hourly Integrated Load,SYS_FCST_ACT_MW,3.2,9032,ACTUAL,438
2019-12-26T18:00:00-00:00,2019-12-26T19:00:00-00:00,0,2019-12-26,11,0,ACTUAL,SCE-TAC,Total Actual Hourly Integrated Load,SYS_FCST_ACT_MW,3.2,11923,ACTUAL,438
2019-12-26T23:00:00-00:00,2019-12-27T00:00:00-00:00,0,2019-12-26,16,0,ACTUAL,SCE-TAC,Total Actual Hourly Integrated Load,SYS_FCST_ACT_MW,3.2,11596,ACTUAL,438
2019-12-27T00:00:00-00:00,2019-12-27T01:00:00-00:00,0,2019-12-26,17,0,ACTUAL,SCE-TAC,Total Actual Hourly Integrated Load,SYS_FCST_ACT_MW,3.2,12154,ACTUAL,438
2019-12-26T12:00:00-00:00,2019-12-26T13:00:00-00:00,0,2019-12-26,5,0,ACTUAL,SCE-TAC,Total Actual Hourly Integrated Load,SYS_FCST_ACT_MW,3.2,9262,ACTUAL,438
2019-12-26T12:00:00-00:00,2019-12-26T13:00:00-00:00,0,2019-12-26,5,0,ACTUAL,SCL,Total Actual Hourly Integrated Load,SYS_FCST_ACT_MW,3.8,1110,ACTUAL,439
2019-12-27T06:00:00-00:00,2019-12-27T07:00:00-00:00,0,2019-12-26,23,0,ACTUAL,SCL,Total Actual Hourly Integrated Load,SYS_FCST_ACT_MW,3.8,1220,ACTUAL,439
2019-12-26T22:00:00-00:00,2019-12-26T23:00:00-00:00,0,2019-12-26,15,0,ACTUAL,SCL,Total Actual Hourly Integrated Load,SYS_FCST_ACT_MW,3.8,1410,ACTUAL,439
2019-12-26T15:00:00-00:00,2019-12-26T16:00:00-00:00,0,2019-12-26,8,0,ACTUAL,SCL,Total Actual Hourly Integrated Load,SYS_FCST_ACT_MW,3.8,1430,ACTUAL,439
2019-12-26T18:00:00-00:00,2019-12-26T19:00:00-00:00,0,2019-12-26,11,0,ACTUAL,SCL,Total Actual Hourly Integrated Load,SYS_FCST_ACT_MW,3.8,1494,ACTUAL,439
2019-12-27T02:00:00-00:00,2019-12-27T03:00:00-00:00,0,2019-12-26,19,0,ACTUAL,SCL,Total Actual Hourly Integrated Load,SYS_FCST_ACT_MW,3.8,1457,ACTUAL,439
2019-12-26T10:00:00-00:00,2019-12-26T11:00:00-00:00,0,2019-12-26,3,0,ACTUAL,SCL,Total Actual Hourly Integrated Load,SYS_FCST_ACT_MW,3.8,1026,ACTUAL,439
2019-12-26T20:00:00-00:00,2019-12-26T21:00:00-00:00,0,2019-12-26,13,0,ACTUAL,SCL,Total Actual Hourly Integrated Load,SYS_FCST_ACT_MW,3.8,1436,ACTUAL,439
2019-12-27T00:00:00-00:00,2019-12-27T01:00:00-00:00,0,2019-12-26,17,0,ACTUAL,SCL,Total Actual Hourly Integrated Load,SYS_FCST_ACT_MW,3.8,1483,ACTUAL,439
2019-12-27T01:00:00-00:00,2019-12-27T02:00:00-00:00,0,2019-12-26,18,0,ACTUAL,SCL,Total Actual Hourly Integrated Load,SYS_FCST_ACT_MW,3.8,1511,ACTUAL,439
2019-12-27T05:00:00-00:00,2019-12-27T06:00:00-00:00,0,2019-12-26,22,0,ACTUAL,SCL,Total Actual Hourly Integrated Load,SYS_FCST_ACT_MW,3.8,1305,ACTUAL,439
2019-12-27T07:00:00-00:00,2019-12-27T08:00:00-00:00,0,2019-12-26,24,0,ACTUAL,SCL,Total Actual Hourly Integrated Load,SYS_FCST_ACT_MW,3.8,1135,ACTUAL,439
2019-12-26T09:00:00-00:00,2019-12-26T10:00:00-00:00,0,2019-12-26,2,0,ACTUAL,SCL,Total Actual Hourly Integrated Load,SYS_FCST_ACT_MW,3.8,1026,ACTUAL,439
2019-12-26T13:00:00-00:00,2019-12-26T14:00:00-00:00,0,2019-12-26,6,0,ACTUAL,SCL,Total Actual Hourly Integrated Load,SYS_FCST_ACT_MW,3.8,1218,ACTUAL,439
2019-12-26T17:00:00-00:00,2019-12-26T18:00:00-00:00,0,2019-12-26,10,0,ACTUAL,SCL,Total Actual Hourly Integrated Load,SYS_FCST_ACT_MW,3.8,1488,ACTUAL,439
2019-12-26T19:00:00-00:00,2019-12-26T20:00:00-00:00,0,2019-12-26,12,0,ACTUAL,SCL,Total Actual Hourly Integrated Load,SYS_FCST_ACT_MW,3.8,1493,ACTUAL,439
2019-12-27T03:00:00-00:00,2019-12-27T04:00:00-00:00,0,2019-12-26,20,0,ACTUAL,SCL,Total Actual Hourly Integrated Load,SYS_FCST_ACT_MW,3.8,1414,ACTUAL,439
2019-12-27T04:00:00-00:00,2019-12-27T05:00:00-00:00,0,2019-12-26,21,0,ACTUAL,SCL,Total Actual Hourly Integrated Load,SYS_FCST_ACT_MW,3.8,1369,ACTUAL,439
2019-12-26T08:00:00-00:00,2019-12-26T09:00:00-00:00,0,2019-12-26,1,0,ACTUAL,SCL,Total Actual Hourly Integrated Load,SYS_FCST_ACT_MW,3.8,1049,ACTUAL,439
2019-12-26T11:00:00-00:00,2019-12-26T12:00:00-00:00,0,2019-12-26,4,0,ACTUAL,SCL,Total Actual Hourly Integrated Load,SYS_FCST_ACT_MW,3.8,1050,ACTUAL,439
2019-12-26T14:00:00-00:00,2019-12-26T15:00:00-00:00,0,2019-12-26,7,0,ACTUAL,SCL,Total Actual Hourly Integrated Load,SYS_FCST_ACT_MW,3.8,1347,ACTUAL,439
2019-12-26T16:00:00-00:00,2019-12-26T17:00:00-00:00,0,2019-12-26,9,0,ACTUAL,SCL,Total Actual Hourly Integrated Load,SYS_FCST_ACT_MW,3.8,1467,ACTUAL,439
2019-12-26T21:00:00-00:00,2019-12-26T22:00:00-00:00,0,2019-12-26,14,0,ACTUAL,SCL,Total Actual Hourly Integrated Load,SYS_FCST_ACT_MW,3.8,1408,ACTUAL,439
2019-12-26T23:00:00-00:00,2019-12-27T00:00:00-00:00,0,2019-12-26,16,0,ACTUAL,SCL,Total Actual Hourly Integrated Load,SYS_FCST_ACT_MW,3.8,1418,ACTUAL,439
2019-12-26T10:00:00-00:00,2019-12-26T11:00:00-00:00,0,2019-12-26,3,0,ACTUAL,SDGE-TAC,Total Actual Hourly Integrated Load,SYS_FCST_ACT_MW,3.4,1789,ACTUAL,440
2019-12-27T01:00:00-00:00,2019-12-27T02:00:00-00:00,0,2019-12-26,18,0,ACTUAL,SDGE-TAC,Total Actual Hourly Integrated Load,SYS_FCST_ACT_MW,3.4,2844,ACTUAL,440
2019-12-27T00:00:00-00:00,2019-12-27T01:00:00-00:00,0,2019-12-26,17,0,ACTUAL,SDGE-TAC,Total Actual Hourly Integrated Load,SYS_FCST_ACT_MW,3.4,2645,ACTUAL,440
2019-12-26T21:00:00-00:00,2019-12-26T22:00:00-00:00,0,2019-12-26,14,0,ACTUAL,SDGE-TAC,Total Actual Hourly Integrated Load,SYS_FCST_ACT_MW,3.4,2226,ACTUAL,440
2019-12-26T08:00:00-00:00,2019-12-26T09:00:00-00:00,0,2019-12-26,1,0,ACTUAL,SDGE-TAC,Total Actual Hourly Integrated Load,SYS_FCST_ACT_MW,3.4,1905,ACTUAL,440
2019-12-26T13:00:00-00:00,2019-12-26T14:00:00-00:00,0,2019-12-26,6,0,ACTUAL,SDGE-TAC,Total Actual Hourly Integrated Load,SYS_FCST_ACT_MW,3.4,2016,ACTUAL,440
2019-12-26T09:00:00-00:00,2019-12-26T10:00:00-00:00,0,2019-12-26,2,0,ACTUAL,SDGE-TAC,Total Actual Hourly Integrated Load,SYS_FCST_ACT_MW,3.4,1828,ACTUAL,440
2019-12-26T23:00:00-00:00,2019-12-27T00:00:00-00:00,0,2019-12-26,16,0,ACTUAL,SDGE-TAC,Total Actual Hourly Integrated Load,SYS_FCST_ACT_MW,3.4,2488,ACTUAL,440
2019-12-26T18:00:00-00:00,2019-12-26T19:00:00-00:00,0,2019-12-26,11,0,ACTUAL,SDGE-TAC,Total Actual Hourly Integrated Load,SYS_FCST_ACT_MW,3.4,2097,ACTUAL,440
2019-12-26T22:00:00-00:00,2019-12-26T23:00:00-00:00,0,2019-12-26,15,0,ACTUAL,SDGE-TAC,Total Actual Hourly Integrated Load,SYS_FCST_ACT_MW,3.4,2346,ACTUAL,440
2019-12-26T12:00:00-00:00,2019-12-26T13:00:00-00:00,0,2019-12-26,5,0,ACTUAL,SDGE-TAC,Total Actual Hourly Integrated Load,SYS_FCST_ACT_MW,3.4,1861,ACTUAL,440
2019-12-27T02:00:00-00:00,2019-12-27T03:00:00-00:00,0,2019-12-26,19,0,ACTUAL,SDGE-TAC,Total Actual Hourly Integrated Load,SYS_FCST_ACT_MW,3.4,2837,ACTUAL,440
2019-12-26T16:00:00-00:00,2019-12-26T17:00:00-00:00,0,2019-12-26,9,0,ACTUAL,SDGE-TAC,Total Actual Hourly Integrated Load,SYS_FCST_ACT_MW,3.4,2431,ACTUAL,440
2019-12-27T07:00:00-00:00,2019-12-27T08:00:00-00:00,0,2019-12-26,24,0,ACTUAL,SDGE-TAC,Total Actual Hourly Integrated Load,SYS_FCST_ACT_MW,3.4,2159,ACTUAL,440
2019-12-26T20:00:00-00:00,2019-12-26T21:00:00-00:00,0,2019-12-26,13,0,ACTUAL,SDGE-TAC,Total Actual Hourly Integrated Load,SYS_FCST_ACT_MW,3.4,2110,ACTUAL,440
2019-12-26T19:00:00-00:00,2019-12-26T20:00:00-00:00,0,2019-12-26,12,0,ACTUAL,SDGE-TAC,Total Actual Hourly Integrated Load,SYS_FCST_ACT_MW,3.4,2108,ACTUAL,440
2019-12-26T15:00:00-00:00,2019-12-26T16:00:00-00:00,0,2019-12-26,8,0,ACTUAL,SDGE-TAC,Total Actual Hourly Integrated Load,SYS_FCST_ACT_MW,3.4,2385,ACTUAL,440
2019-12-26T11:00:00-00:00,2019-12-26T12:00:00-00:00,0,2019-12-26,4,0,ACTUAL,SDGE-TAC,Total Actual Hourly Integrated Load,SYS_FCST_ACT_MW,3.4,1791,ACTUAL,440
2019-12-27T06:00:00-00:00,2019-12-27T07:00:00-00:00,0,2019-12-26,23,0,ACTUAL,SDGE-TAC,Total Actual Hourly Integrated Load,SYS_FCST_ACT_MW,3.4,2355,ACTUAL,440
2019-12-27T05:00:00-00:00,2019-12-27T06:00:00-00:00,0,2019-12-26,22,0,ACTUAL,SDGE-TAC,Total Actual Hourly Integrated Load,SYS_FCST_ACT_MW,3.4,2558,ACTUAL,440
2019-12-27T04:00:00-00:00,2019-12-27T05:00:00-00:00,0,2019-12-26,21,0,ACTUAL,SDGE-TAC,Total Actual Hourly Integrated Load,SYS_FCST_ACT_MW,3.4,2690,ACTUAL,440
2019-12-26T17:00:00-00:00,2019-12-26T18:00:00-00:00,0,2019-12-26,10,0,ACTUAL,SDGE-TAC,Total Actual Hourly Integrated Load,SYS_FCST_ACT_MW,3.4,2219,ACTUAL,440
2019-12-27T03:00:00-00:00,2019-12-27T04:00:00-00:00,0,2019-12-26,20,0,ACTUAL,SDGE-TAC,Total Actual Hourly Integrated Load,SYS_FCST_ACT_MW,3.4,2772,ACTUAL,440
2019-12-26T14:00:00-00:00,2019-12-26T15:00:00-00:00,0,2019-12-26,7,0,ACTUAL,SDGE-TAC,Total Actual Hourly Integrated Load,SYS_FCST_ACT_MW,3.4,2218,ACTUAL,440
2019-12-26T09:00:00-00:00,2019-12-26T10:00:00-00:00,0,2019-12-26,2,0,ACTUAL,SRP,Total Actual Hourly Integrated Load,SYS_FCST_ACT_MW,3.8,2601,ACTUAL,441
2019-12-27T05:00:00-00:00,2019-12-27T06:00:00-00:00,0,2019-12-26,22,0,ACTUAL,SRP,Total Actual Hourly Integrated Load,SYS_FCST_ACT_MW,3.8,2998,ACTUAL,441
2019-12-27T00:00:00-00:00,2019-12-27T01:00:00-00:00,0,2019-12-26,17,0,ACTUAL,SRP,Total Actual Hourly Integrated Load,SYS_FCST_ACT_MW,3.8,3135,ACTUAL,441
2019-12-26T13:00:00-00:00,2019-12-26T14:00:00-00:00,0,2019-12-26,6,0,ACTUAL,SRP,Total Actual Hourly Integrated Load,SYS_FCST_ACT_MW,3.8,3166,ACTUAL,441
2019-12-26T16:00:00-00:00,2019-12-26T17:00:00-00:00,0,2019-12-26,9,0,ACTUAL,SRP,Total Actual Hourly Integrated Load,SYS_FCST_ACT_MW,3.8,3191,ACTUAL,441
2019-12-26T21:00:00-00:00,2019-12-26T22:00:00-00:00,0,2019-12-26,14,0,ACTUAL,SRP,Total Actual Hourly Integrated Load,SYS_FCST_ACT_MW,3.8,2755,ACTUAL,441
2019-12-27T07:00:00-00:00,2019-12-27T08:00:00-00:00,0,2019-12-26,24,0,ACTUAL,SRP,Total Actual Hourly Integrated Load,SYS_FCST_ACT_MW,3.8,2716,ACTUAL,441
2019-12-26T20:00:00-00:00,2019-12-26T21:00:00-00:00,0,2019-12-26,13,0,ACTUAL,SRP,Total Actual Hourly Integrated Load,SYS_FCST_ACT_MW,3.8,2753,ACTUAL,441
2019-12-27T06:00:00-00:00,2019-12-27T07:00:00-00:00,0,2019-12-26,23,0,ACTUAL,SRP,Total Actual Hourly Integrated Load,SYS_FCST_ACT_MW,3.8,2841,ACTUAL,441
2019-12-26T11:00:00-00:00,2019-12-26T12:00:00-00:00,0,2019-12-26,4,0,ACTUAL,SRP,Total Actual Hourly Integrated Load,SYS_FCST_ACT_MW,3.8,2736,ACTUAL,441
2019-12-27T04:00:00-00:00,2019-12-27T05:00:00-00:00,0,2019-12-26,21,0,ACTUAL,SRP,Total Actual Hourly Integrated Load,SYS_FCST_ACT_MW,3.8,3142,ACTUAL,441
2019-12-26T10:00:00-00:00,2019-12-26T11:00:00-00:00,0,2019-12-26,3,0,ACTUAL,SRP,Total Actual Hourly Integrated Load,SYS_FCST_ACT_MW,3.8,2615,ACTUAL,441
2019-12-27T03:00:00-00:00,2019-12-27T04:00:00-00:00,0,2019-12-26,20,0,ACTUAL,SRP,Total Actual Hourly Integrated Load,SYS_FCST_ACT_MW,3.8,3213,ACTUAL,441
2019-12-26T19:00:00-00:00,2019-12-26T20:00:00-00:00,0,2019-12-26,12,0,ACTUAL,SRP,Total Actual Hourly Integrated Load,SYS_FCST_ACT_MW,3.8,2795,ACTUAL,441
2019-12-26T18:00:00-00:00,2019-12-26T19:00:00-00:00,0,2019-12-26,11,0,ACTUAL,SRP,Total Actual Hourly Integrated Load,SYS_FCST_ACT_MW,3.8,2932,ACTUAL,441
2019-12-27T02:00:00-00:00,2019-12-27T03:00:00-00:00,0,2019-12-26,19,0,ACTUAL,SRP,Total Actual Hourly Integrated Load,SYS_FCST_ACT_MW,3.8,3243,ACTUAL,441
2019-12-26T23:00:00-00:00,2019-12-27T00:00:00-00:00,0,2019-12-26,16,0,ACTUAL,SRP,Total Actual Hourly Integrated Load,SYS_FCST_ACT_MW,3.8,2923,ACTUAL,441
2019-12-26T22:00:00-00:00,2019-12-26T23:00:00-00:00,0,2019-12-26,15,0,ACTUAL,SRP,Total Actual Hourly Integrated Load,SYS_FCST_ACT_MW,3.8,2795,ACTUAL,441
2019-12-26T17:00:00-00:00,2019-12-26T18:00:00-00:00,0,2019-12-26,10,0,ACTUAL,SRP,Total Actual Hourly Integrated Load,SYS_FCST_ACT_MW,3.8,3055,ACTUAL,441
2019-12-26T14:00:00-00:00,2019-12-26T15:00:00-00:00,0,2019-12-26,7,0,ACTUAL,SRP,Total Actual Hourly Integrated Load,SYS_FCST_ACT_MW,3.8,3269,ACTUAL,441
2019-12-27T01:00:00-00:00,2019-12-27T02:00:00-00:00,0,2019-12-26,18,0,ACTUAL,SRP,Total Actual Hourly Integrated Load,SYS_FCST_ACT_MW,3.8,3230,ACTUAL,441
2019-12-26T12:00:00-00:00,2019-12-26T13:00:00-00:00,0,2019-12-26,5,0,ACTUAL,SRP,Total Actual Hourly Integrated Load,SYS_FCST_ACT_MW,3.8,2955,ACTUAL,441
2019-12-26T08:00:00-00:00,2019-12-26T09:00:00-00:00,0,2019-12-26,1,0,ACTUAL,SRP,Total Actual Hourly Integrated Load,SYS_FCST_ACT_MW,3.8,2603,ACTUAL,441
2019-12-26T15:00:00-00:00,2019-12-26T16:00:00-00:00,0,2019-12-26,8,0,ACTUAL,SRP,Total Actual Hourly Integrated Load,SYS_FCST_ACT_MW,3.8,3258,ACTUAL,441
2019-12-27T06:00:00-00:00,2019-12-27T07:00:00-00:00,0,2019-12-26,23,0,ACTUAL,VEA-TAC,Total Actual Hourly Integrated Load,SYS_FCST_ACT_MW,3.5,80,ACTUAL,442
2019-12-26T08:00:00-00:00,2019-12-26T09:00:00-00:00,0,2019-12-26,1,0,ACTUAL,VEA-TAC,Total Actual Hourly Integrated Load,SYS_FCST_ACT_MW,3.5,71,ACTUAL,442
2019-12-26T21:00:00-00:00,2019-12-26T22:00:00-00:00,0,2019-12-26,14,0,ACTUAL,VEA-TAC,Total Actual Hourly Integrated Load,SYS_FCST_ACT_MW,3.5,85,ACTUAL,442
2019-12-27T07:00:00-00:00,2019-12-27T08:00:00-00:00,0,2019-12-26,24,0,ACTUAL,VEA-TAC,Total Actual Hourly Integrated Load,SYS_FCST_ACT_MW,3.5,77,ACTUAL,442
2019-12-26T12:00:00-00:00,2019-12-26T13:00:00-00:00,0,2019-12-26,5,0,ACTUAL,VEA-TAC,Total Actual Hourly Integrated Load,SYS_FCST_ACT_MW,3.5,76,ACTUAL,442
2019-12-26T14:00:00-00:00,2019-12-26T15:00:00-00:00,0,2019-12-26,7,0,ACTUAL,VEA-TAC,Total Actual Hourly Integrated Load,SYS_FCST_ACT_MW,3.5,86,ACTUAL,442
2019-12-27T03:00:00-00:00,2019-12-27T04:00:00-00:00,0,2019-12-26,20,0,ACTUAL,VEA-TAC,Total Actual Hourly Integrated Load,SYS_FCST_ACT_MW,3.5,88,ACTUAL,442
2019-12-26T18:00:00-00:00,2019-12-26T19:00:00-00:00,0,2019-12-26,11,0,ACTUAL,VEA-TAC,Total Actual Hourly Integrated Load,SYS_FCST_ACT_MW,3.5,89,ACTUAL,442
2019-12-26T23:00:00-00:00,2019-12-27T00:00:00-00:00,0,2019-12-26,16,0,ACTUAL,VEA-TAC,Total Actual Hourly Integrated Load,SYS_FCST_ACT_MW,3.5,86,ACTUAL,442
2019-12-27T00:00:00-00:00,2019-12-27T01:00:00-00:00,0,2019-12-26,17,0,ACTUAL,VEA-TAC,Total Actual Hourly Integrated Load,SYS_FCST_ACT_MW,3.5,90,ACTUAL,442
2019-12-26T22:00:00-00:00,2019-12-26T23:00:00-00:00,0,2019-12-26,15,0,ACTUAL,VEA-TAC,Total Actual Hourly Integrated Load,SYS_FCST_ACT_MW,3.5,85,ACTUAL,442
2019-12-27T05:00:00-00:00,2019-12-27T06:00:00-00:00,0,2019-12-26,22,0,ACTUAL,VEA-TAC,Total Actual Hourly Integrated Load,SYS_FCST_ACT_MW,3.5,83,ACTUAL,442
2019-12-26T15:00:00-00:00,2019-12-26T16:00:00-00:00,0,2019-12-26,8,0,ACTUAL,VEA-TAC,Total Actual Hourly Integrated Load,SYS_FCST_ACT_MW,3.5,91,ACTUAL,442
2019-12-26T16:00:00-00:00,2019-12-26T17:00:00-00:00,0,2019-12-26,9,0,ACTUAL,VEA-TAC,Total Actual Hourly Integrated Load,SYS_FCST_ACT_MW,3.5,92,ACTUAL,442
2019-12-26T20:00:00-00:00,2019-12-26T21:00:00-00:00,0,2019-12-26,13,0,ACTUAL,VEA-TAC,Total Actual Hourly Integrated Load,SYS_FCST_ACT_MW,3.5,85,ACTUAL,442
2019-12-27T02:00:00-00:00,2019-12-27T03:00:00-00:00,0,2019-12-26,19,0,ACTUAL,VEA-TAC,Total Actual Hourly Integrated Load,SYS_FCST_ACT_MW,3.5,90,ACTUAL,442
2019-12-27T04:00:00-00:00,2019-12-27T05:00:00-00:00,0,2019-12-26,21,0,ACTUAL,VEA-TAC,Total Actual Hourly Integrated Load,SYS_FCST_ACT_MW,3.5,87,ACTUAL,442
2019-12-26T09:00:00-00:00,2019-12-26T10:00:00-00:00,0,2019-12-26,2,0,ACTUAL,VEA-TAC,Total Actual Hourly Integrated Load,SYS_FCST_ACT_MW,3.5,70,ACTUAL,442
2019-12-26T10:00:00-00:00,2019-12-26T11:00:00-00:00,0,2019-12-26,3,0,ACTUAL,VEA-TAC,Total Actual Hourly Integrated Load,SYS_FCST_ACT_MW,3.5,71,ACTUAL,442
2019-12-26T11:00:00-00:00,2019-12-26T12:00:00-00:00,0,2019-12-26,4,0,ACTUAL,VEA-TAC,Total Actual Hourly Integrated Load,SYS_FCST_ACT_MW,3.5,72,ACTUAL,442
2019-12-26T13:00:00-00:00,2019-12-26T14:00:00-00:00,0,2019-12-26,6,0,ACTUAL,VEA-TAC,Total Actual Hourly Integrated Load,SYS_FCST_ACT_MW,3.5,81,ACTUAL,442
2019-12-26T19:00:00-00:00,2019-12-26T20:00:00-00:00,0,2019-12-26,12,0,ACTUAL,VEA-TAC,Total Actual Hourly Integrated Load,SYS_FCST_ACT_MW,3.5,86,ACTUAL,442
2019-12-27T01:00:00-00:00,2019-12-27T02:00:00-00:00,0,2019-12-26,18,0,ACTUAL,VEA-TAC,Total Actual Hourly Integrated Load,SYS_FCST_ACT_MW,3.5,92,ACTUAL,442
2019-12-26T17:00:00-00:00,2019-12-26T18:00:00-00:00,0,2019-12-26,10,0,ACTUAL,VEA-TAC,Total Actual Hourly Integrated Load,SYS_FCST_ACT_MW,3.5,91,ACTUAL,442
2019-12-28T03:00:00-00:00,2019-12-28T04:00:00-00:00,0,2019-12-27,20,0,ACTUAL,AZPS,Total Actual Hourly Integrated Load,SYS_FCST_ACT_MW,3.8,3582,ACTUAL,443
2019-12-28T06:00:00-00:00,2019-12-28T07:00:00-00:00,0,2019-12-27,23,0,ACTUAL,AZPS,Total Actual Hourly Integrated Load,SYS_FCST_ACT_MW,3.8,3121,ACTUAL,443
2019-12-27T09:00:00-00:00,2019-12-27T10:00:00-00:00,0,2019-12-27,2,0,ACTUAL,AZPS,Total Actual Hourly Integrated Load,SYS_FCST_ACT_MW,3.8,2866,ACTUAL,443
2019-12-27T11:00:00-00:00,2019-12-27T12:00:00-00:00,0,2019-12-27,4,0,ACTUAL,AZPS,Total Actual Hourly Integrated Load,SYS_FCST_ACT_MW,3.8,2924,ACTUAL,443
2019-12-28T05:00:00-00:00,2019-12-28T06:00:00-00:00,0,2019-12-27,22,0,ACTUAL,AZPS,Total Actual Hourly Integrated Load,SYS_FCST_ACT_MW,3.8,3308,ACTUAL,443
2019-12-28T07:00:00-00:00,2019-12-28T08:00:00-00:00,0,2019-12-27,24,0,ACTUAL,AZPS,Total Actual Hourly Integrated Load,SYS_FCST_ACT_MW,3.8,3006,ACTUAL,443
2019-12-27T18:00:00-00:00,2019-12-27T19:00:00-00:00,0,2019-12-27,11,0,ACTUAL,AZPS,Total Actual Hourly Integrated Load,SYS_FCST_ACT_MW,3.8,3280,ACTUAL,443
2019-12-27T23:00:00-00:00,2019-12-28T00:00:00-00:00,0,2019-12-27,16,0,ACTUAL,AZPS,Total Actual Hourly Integrated Load,SYS_FCST_ACT_MW,3.8,3211,ACTUAL,443
2019-12-28T00:00:00-00:00,2019-12-28T01:00:00-00:00,0,2019-12-27,17,0,ACTUAL,AZPS,Total Actual Hourly Integrated Load,SYS_FCST_ACT_MW,3.8,3499,ACTUAL,443
2019-12-27T08:00:00-00:00,2019-12-27T09:00:00-00:00,0,2019-12-27,1,0,ACTUAL,AZPS,Total Actual Hourly Integrated Load,SYS_FCST_ACT_MW,3.8,2898,ACTUAL,443
2019-12-27T13:00:00-00:00,2019-12-27T14:00:00-00:00,0,2019-12-27,6,0,ACTUAL,AZPS,Total Actual Hourly Integrated Load,SYS_FCST_ACT_MW,3.8,3317,ACTUAL,443
2019-12-27T14:00:00-00:00,2019-12-27T15:00:00-00:00,0,2019-12-27,7,0,ACTUAL,AZPS,Total Actual Hourly Integrated Load,SYS_FCST_ACT_MW,3.8,3463,ACTUAL,443
2019-12-27T15:00:00-00:00,2019-12-27T16:00:00-00:00,0,2019-12-27,8,0,ACTUAL,AZPS,Total Actual Hourly Integrated Load,SYS_FCST_ACT_MW,3.8,3462,ACTUAL,443
2019-12-27T22:00:00-00:00,2019-12-27T23:00:00-00:00,0,2019-12-27,15,0,ACTUAL,AZPS,Total Actual Hourly Integrated Load,SYS_FCST_ACT_MW,3.8,3016,ACTUAL,443
2019-12-27T21:00:00-00:00,2019-12-27T22:00:00-00:00,0,2019-12-27,14,0,ACTUAL,AZPS,Total Actual Hourly Integrated Load,SYS_FCST_ACT_MW,3.8,3002,ACTUAL,443
2019-12-27T10:00:00-00:00,2019-12-27T11:00:00-00:00,0,2019-12-27,3,0,ACTUAL,AZPS,Total Actual Hourly Integrated Load,SYS_FCST_ACT_MW,3.8,2854,ACTUAL,443
2019-12-27T19:00:00-00:00,2019-12-27T20:00:00-00:00,0,2019-12-27,12,0,ACTUAL,AZPS,Total Actual Hourly Integrated Load,SYS_FCST_ACT_MW,3.8,3183,ACTUAL,443
2019-12-27T20:00:00-00:00,2019-12-27T21:00:00-00:00,0,2019-12-27,13,0,ACTUAL,AZPS,Total Actual Hourly Integrated Load,SYS_FCST_ACT_MW,3.8,3101,ACTUAL,443
2019-12-28T02:00:00-00:00,2019-12-28T03:00:00-00:00,0,2019-12-27,19,0,ACTUAL,AZPS,Total Actual Hourly Integrated Load,SYS_FCST_ACT_MW,3.8,3576,ACTUAL,443
2019-12-27T12:00:00-00:00,2019-12-27T13:00:00-00:00,0,2019-12-27,5,0,ACTUAL,AZPS,Total Actual Hourly Integrated Load,SYS_FCST_ACT_MW,3.8,3090,ACTUAL,443
2019-12-27T16:00:00-00:00,2019-12-27T17:00:00-00:00,0,2019-12-27,9,0,ACTUAL,AZPS,Total Actual Hourly Integrated Load,SYS_FCST_ACT_MW,3.8,3425,ACTUAL,443
2019-12-27T17:00:00-00:00,2019-12-27T18:00:00-00:00,0,2019-12-27,10,0,ACTUAL,AZPS,Total Actual Hourly Integrated Load,SYS_FCST_ACT_MW,3.8,3375,ACTUAL,443
2019-12-28T01:00:00-00:00,2019-12-28T02:00:00-00:00,0,2019-12-27,18,0,ACTUAL,AZPS,Total Actual Hourly Integrated Load,SYS_FCST_ACT_MW,3.8,3602,ACTUAL,443
2019-12-28T04:00:00-00:00,2019-12-28T05:00:00-00:00,0,2019-12-27,21,0,ACTUAL,AZPS,Total Actual Hourly Integrated Load,SYS_FCST_ACT_MW,3.8,3488,ACTUAL,443
2019-12-28T05:00:00-00:00,2019-12-28T06:00:00-00:00,0,2019-12-27,22,0,ACTUAL,BANCSMUD,Total Actual Hourly Integrated Load,SYS_FCST_ACT_MW,3.8,1298,ACTUAL,444
2019-12-27T20:00:00-00:00,2019-12-27T21:00:00-00:00,0,2019-12-27,13,0,ACTUAL,BANCSMUD,Total Actual Hourly Integrated Load,SYS_FCST_ACT_MW,3.8,1231,ACTUAL,444
2019-12-27T16:00:00-00:00,2019-12-27T17:00:00-00:00,0,2019-12-27,9,0,ACTUAL,BANCSMUD,Total Actual Hourly Integrated Load,SYS_FCST_ACT_MW,3.8,1385,ACTUAL,444
2019-12-27T13:00:00-00:00,2019-12-27T14:00:00-00:00,0,2019-12-27,6,0,ACTUAL,BANCSMUD,Total Actual Hourly Integrated Load,SYS_FCST_ACT_MW,3.8,1183,ACTUAL,444
2019-12-27T12:00:00-00:00,2019-12-27T13:00:00-00:00,0,2019-12-27,5,0,ACTUAL,BANCSMUD,Total Actual Hourly Integrated Load,SYS_FCST_ACT_MW,3.8,1089,ACTUAL,444
2019-12-28T07:00:00-00:00,2019-12-28T08:00:00-00:00,0,2019-12-27,24,0,ACTUAL,BANCSMUD,Total Actual Hourly Integrated Load,SYS_FCST_ACT_MW,3.8,1147,ACTUAL,444
2019-12-28T02:00:00-00:00,2019-12-28T03:00:00-00:00,0,2019-12-27,19,0,ACTUAL,BANCSMUD,Total Actual Hourly Integrated Load,SYS_FCST_ACT_MW,3.8,1371,ACTUAL,444
2019-12-27T17:00:00-00:00,2019-12-27T18:00:00-00:00,0,2019-12-27,10,0,ACTUAL,BANCSMUD,Total Actual Hourly Integrated Load,SYS_FCST_ACT_MW,3.8,1359,ACTUAL,444
2019-12-28T00:00:00-00:00,2019-12-28T01:00:00-00:00,0,2019-12-27,17,0,ACTUAL,BANCSMUD,Total Actual Hourly Integrated Load,SYS_FCST_ACT_MW,3.8,1267,ACTUAL,444
2019-12-27T15:00:00-00:00,2019-12-27T16:00:00-00:00,0,2019-12-27,8,0,ACTUAL,BANCSMUD,Total Actual Hourly Integrated Load,SYS_FCST_ACT_MW,3.8,1366,ACTUAL,444
2019-12-28T06:00:00-00:00,2019-12-28T07:00:00-00:00,0,2019-12-27,23,0,ACTUAL,BANCSMUD,Total Actual Hourly Integrated Load,SYS_FCST_ACT_MW,3.8,1228,ACTUAL,444
2019-12-27T22:00:00-00:00,2019-12-27T23:00:00-00:00,0,2019-12-27,15,0,ACTUAL,BANCSMUD,Total Actual Hourly Integrated Load,SYS_FCST_ACT_MW,3.8,1194,ACTUAL,444
2019-12-28T04:00:00-00:00,2019-12-28T05:00:00-00:00,0,2019-12-27,21,0,ACTUAL,BANCSMUD,Total Actual Hourly Integrated Load,SYS_FCST_ACT_MW,3.8,1341,ACTUAL,444
2019-12-28T01:00:00-00:00,2019-12-28T02:00:00-00:00,0,2019-12-27,18,0,ACTUAL,BANCSMUD,Total Actual Hourly Integrated Load,SYS_FCST_ACT_MW,3.8,1374,ACTUAL,444
2019-12-27T18:00:00-00:00,2019-12-27T19:00:00-00:00,0,2019-12-27,11,0,ACTUAL,BANCSMUD,Total Actual Hourly Integrated Load,SYS_FCST_ACT_MW,3.8,1316,ACTUAL,444
2019-12-27T19:00:00-00:00,2019-12-27T20:00:00-00:00,0,2019-12-27,12,0,ACTUAL,BANCSMUD,Total Actual Hourly Integrated Load,SYS_FCST_ACT_MW,3.8,1273,ACTUAL,444
2019-12-27T14:00:00-00:00,2019-12-27T15:00:00-00:00,0,2019-12-27,7,0,ACTUAL,BANCSMUD,Total Actual Hourly Integrated Load,SYS_FCST_ACT_MW,3.8,1296,ACTUAL,444
2019-12-27T08:00:00-00:00,2019-12-27T09:00:00-00:00,0,2019-12-27,1,0,ACTUAL,BANCSMUD,Total Actual Hourly Integrated Load,SYS_FCST_ACT_MW,3.8,1060,ACTUAL,444
2019-12-27T10:00:00-00:00,2019-12-27T11:00:00-00:00,0,2019-12-27,3,0,ACTUAL,BANCSMUD,Total Actual Hourly Integrated Load,SYS_FCST_ACT_MW,3.8,1018,ACTUAL,444
2019-12-27T11:00:00-00:00,2019-12-27T12:00:00-00:00,0,2019-12-27,4,0,ACTUAL,BANCSMUD,Total Actual Hourly Integrated Load,SYS_FCST_ACT_MW,3.8,1035,ACTUAL,444
2019-12-27T09:00:00-00:00,2019-12-27T10:00:00-00:00,0,2019-12-27,2,0,ACTUAL,BANCSMUD,Total Actual Hourly Integrated Load,SYS_FCST_ACT_MW,3.8,1026,ACTUAL,444
2019-12-27T23:00:00-00:00,2019-12-28T00:00:00-00:00,0,2019-12-27,16,0,ACTUAL,BANCSMUD,Total Actual Hourly Integrated Load,SYS_FCST_ACT_MW,3.8,1208,ACTUAL,444
2019-12-28T03:00:00-00:00,2019-12-28T04:00:00-00:00,0,2019-12-27,20,0,ACTUAL,BANCSMUD,Total Actual Hourly Integrated Load,SYS_FCST_ACT_MW,3.8,1356,ACTUAL,444
2019-12-27T21:00:00-00:00,2019-12-27T22:00:00-00:00,0,2019-12-27,14,0,ACTUAL,BANCSMUD,Total Actual Hourly Integrated Load,SYS_FCST_ACT_MW,3.8,1202,ACTUAL,444
2019-12-27T22:00:00-00:00,2019-12-27T23:00:00-00:00,0,2019-12-27,15,0,ACTUAL,BCHA,Total Actual Hourly Integrated Load,SYS_FCST_ACT_MW,3.8,8566,ACTUAL,445
2019-12-27T09:00:00-00:00,2019-12-27T10:00:00-00:00,0,2019-12-27,2,0,ACTUAL,BCHA,Total Actual Hourly Integrated Load,SYS_FCST_ACT_MW,3.8,7083,ACTUAL,445
2019-12-27T18:00:00-00:00,2019-12-27T19:00:00-00:00,0,2019-12-27,11,0,ACTUAL,BCHA,Total Actual Hourly Integrated Load,SYS_FCST_ACT_MW,3.8,8859,ACTUAL,445
2019-12-27T17:00:00-00:00,2019-12-27T18:00:00-00:00,0,2019-12-27,10,0,ACTUAL,BCHA,Total Actual Hourly Integrated Load,SYS_FCST_ACT_MW,3.8,8769,ACTUAL,445
2019-12-27T15:00:00-00:00,2019-12-27T16:00:00-00:00,0,2019-12-27,8,0,ACTUAL,BCHA,Total Actual Hourly Integrated Load,SYS_FCST_ACT_MW,3.8,8208,ACTUAL,445
2019-12-28T02:00:00-00:00,2019-12-28T03:00:00-00:00,0,2019-12-27,19,0,ACTUAL,BCHA,Total Actual Hourly Integrated Load,SYS_FCST_ACT_MW,3.8,9048,ACTUAL,445
2019-12-27T14:00:00-00:00,2019-12-27T15:00:00-00:00,0,2019-12-27,7,0,ACTUAL,BCHA,Total Actual Hourly Integrated Load,SYS_FCST_ACT_MW,3.8,7760,ACTUAL,445
2019-12-27T10:00:00-00:00,2019-12-27T11:00:00-00:00,0,2019-12-27,3,0,ACTUAL,BCHA,Total Actual Hourly Integrated Load,SYS_FCST_ACT_MW,3.8,7005,ACTUAL,445
2019-12-28T07:00:00-00:00,2019-12-28T08:00:00-00:00,0,2019-12-27,24,0,ACTUAL,BCHA,Total Actual Hourly Integrated Load,SYS_FCST_ACT_MW,3.8,7404,ACTUAL,445
2019-12-28T06:00:00-00:00,2019-12-28T07:00:00-00:00,0,2019-12-27,23,0,ACTUAL,BCHA,Total Actual Hourly Integrated Load,SYS_FCST_ACT_MW,3.8,7851,ACTUAL,445
2019-12-28T00:00:00-00:00,2019-12-28T01:00:00-00:00,0,2019-12-27,17,0,ACTUAL,BCHA,Total Actual Hourly Integrated Load,SYS_FCST_ACT_MW,3.8,9037,ACTUAL,445
2019-12-27T16:00:00-00:00,2019-12-27T17:00:00-00:00,0,2019-12-27,9,0,ACTUAL,BCHA,Total Actual Hourly Integrated Load,SYS_FCST_ACT_MW,3.8,8548,ACTUAL,445
2019-12-27T11:00:00-00:00,2019-12-27T12:00:00-00:00,0,2019-12-27,4,0,ACTUAL,BCHA,Total Actual Hourly Integrated Load,SYS_FCST_ACT_MW,3.8,7008,ACTUAL,445
2019-12-28T04:00:00-00:00,2019-12-28T05:00:00-00:00,0,2019-12-27,21,0,ACTUAL,BCHA,Total Actual Hourly Integrated Load,SYS_FCST_ACT_MW,3.8,8585,ACTUAL,445
2019-12-27T13:00:00-00:00,2019-12-27T14:00:00-00:00,0,2019-12-27,6,0,ACTUAL,BCHA,Total Actual Hourly Integrated Load,SYS_FCST_ACT_MW,3.8,7386,ACTUAL,445
2019-12-28T01:00:00-00:00,2019-12-28T02:00:00-00:00,0,2019-12-27,18,0,ACTUAL,BCHA,Total Actual Hourly Integrated Load,SYS_FCST_ACT_MW,3.8,9251,ACTUAL,445
2019-12-27T23:00:00-00:00,2019-12-28T00:00:00-00:00,0,2019-12-27,16,0,ACTUAL,BCHA,Total Actual Hourly Integrated Load,SYS_FCST_ACT_MW,3.8,8639,ACTUAL,445
2019-12-27T19:00:00-00:00,2019-12-27T20:00:00-00:00,0,2019-12-27,12,0,ACTUAL,BCHA,Total Actual Hourly Integrated Load,SYS_FCST_ACT_MW,3.8,8852,ACTUAL,445
2019-12-28T05:00:00-00:00,2019-12-28T06:00:00-00:00,0,2019-12-27,22,0,ACTUAL,BCHA,Total Actual Hourly Integrated Load,SYS_FCST_ACT_MW,3.8,8268,ACTUAL,445
2019-12-27T08:00:00-00:00,2019-12-27T09:00:00-00:00,0,2019-12-27,1,0,ACTUAL,BCHA,Total Actual Hourly Integrated Load,SYS_FCST_ACT_MW,3.8,7256,ACTUAL,445
2019-12-28T03:00:00-00:00,2019-12-28T04:00:00-00:00,0,2019-12-27,20,0,ACTUAL,BCHA,Total Actual Hourly Integrated Load,SYS_FCST_ACT_MW,3.8,8814,ACTUAL,445
2019-12-27T20:00:00-00:00,2019-12-27T21:00:00-00:00,0,2019-12-27,13,0,ACTUAL,BCHA,Total Actual Hourly Integrated Load,SYS_FCST_ACT_MW,3.8,8776,ACTUAL,445
2019-12-27T12:00:00-00:00,2019-12-27T13:00:00-00:00,0,2019-12-27,5,0,ACTUAL,BCHA,Total Actual Hourly Integrated Load,SYS_FCST_ACT_MW,3.8,7118,ACTUAL,445
2019-12-27T21:00:00-00:00,2019-12-27T22:00:00-00:00,0,2019-12-27,14,0,ACTUAL,BCHA,Total Actual Hourly Integrated Load,SYS_FCST_ACT_MW,3.8,8664,ACTUAL,445
2019-12-27T15:00:00-00:00,2019-12-27T16:00:00-00:00,0,2019-12-27,8,0,ACTUAL,CA ISO-TAC,Total Actual Hourly Integrated Load,SYS_FCST_ACT_MW,3,25543,ACTUAL,446
2019-12-27T19:00:00-00:00,2019-12-27T20:00:00-00:00,0,2019-12-27,12,0,ACTUAL,CA ISO-TAC,Total Actual Hourly Integrated Load,SYS_FCST_ACT_MW,3,22436,ACTUAL,446
2019-12-27T23:00:00-00:00,2019-12-28T00:00:00-00:00,0,2019-12-27,16,0,ACTUAL,CA ISO-TAC,Total Actual Hourly Integrated Load,SYS_FCST_ACT_MW,3,23625,ACTUAL,446
2019-12-28T00:00:00-00:00,2019-12-28T01:00:00-00:00,0,2019-12-27,17,0,ACTUAL,CA ISO-TAC,Total Actual Hourly Integrated Load,SYS_FCST_ACT_MW,3,25654,ACTUAL,446
2019-12-28T01:00:00-00:00,2019-12-28T02:00:00-00:00,0,2019-12-27,18,0,ACTUAL,CA ISO-TAC,Total Actual Hourly Integrated Load,SYS_FCST_ACT_MW,3,28161,ACTUAL,446
2019-12-28T05:00:00-00:00,2019-12-28T06:00:00-00:00,0,2019-12-27,22,0,ACTUAL,CA ISO-TAC,Total Actual Hourly Integrated Load,SYS_FCST_ACT_MW,3,26752,ACTUAL,446
2019-12-27T17:00:00-00:00,2019-12-27T18:00:00-00:00,0,2019-12-27,10,0,ACTUAL,CA ISO-TAC,Total Actual Hourly Integrated Load,SYS_FCST_ACT_MW,3,24128,ACTUAL,446
2019-12-28T04:00:00-00:00,2019-12-28T05:00:00-00:00,0,2019-12-27,21,0,ACTUAL,CA ISO-TAC,Total Actual Hourly Integrated Load,SYS_FCST_ACT_MW,3,27662,ACTUAL,446
2019-12-27T12:00:00-00:00,2019-12-27T13:00:00-00:00,0,2019-12-27,5,0,ACTUAL,CA ISO-TAC,Total Actual Hourly Integrated Load,SYS_FCST_ACT_MW,3,21833,ACTUAL,446
2019-12-28T02:00:00-00:00,2019-12-28T03:00:00-00:00,0,2019-12-27,19,0,ACTUAL,CA ISO-TAC,Total Actual Hourly Integrated Load,SYS_FCST_ACT_MW,3,28434,ACTUAL,446
2019-12-28T06:00:00-00:00,2019-12-28T07:00:00-00:00,0,2019-12-27,23,0,ACTUAL,CA ISO-TAC,Total Actual Hourly Integrated Load,SYS_FCST_ACT_MW,3,25263,ACTUAL,446
2019-12-28T07:00:00-00:00,2019-12-28T08:00:00-00:00,0,2019-12-27,24,0,ACTUAL,CA ISO-TAC,Total Actual Hourly Integrated Load,SYS_FCST_ACT_MW,3,23583,ACTUAL,446
2019-12-27T10:00:00-00:00,2019-12-27T11:00:00-00:00,0,2019-12-27,3,0,ACTUAL,CA ISO-TAC,Total Actual Hourly Integrated Load,SYS_FCST_ACT_MW,3,21663,ACTUAL,446
2019-12-27T14:00:00-00:00,2019-12-27T15:00:00-00:00,0,2019-12-27,7,0,ACTUAL,CA ISO-TAC,Total Actual Hourly Integrated Load,SYS_FCST_ACT_MW,3,24597,ACTUAL,446
2019-12-27T13:00:00-00:00,2019-12-27T14:00:00-00:00,0,2019-12-27,6,0,ACTUAL,CA ISO-TAC,Total Actual Hourly Integrated Load,SYS_FCST_ACT_MW,3,22812,ACTUAL,446
2019-12-27T20:00:00-00:00,2019-12-27T21:00:00-00:00,0,2019-12-27,13,0,ACTUAL,CA ISO-TAC,Total Actual Hourly Integrated Load,SYS_FCST_ACT_MW,3,22087,ACTUAL,446
2019-12-27T22:00:00-00:00,2019-12-27T23:00:00-00:00,0,2019-12-27,15,0,ACTUAL,CA ISO-TAC,Total Actual Hourly Integrated Load,SYS_FCST_ACT_MW,3,22444,ACTUAL,446
2019-12-28T03:00:00-00:00,2019-12-28T04:00:00-00:00,0,2019-12-27,20,0,ACTUAL,CA ISO-TAC,Total Actual Hourly Integrated Load,SYS_FCST_ACT_MW,3,28162,ACTUAL,446
2019-12-27T09:00:00-00:00,2019-12-27T10:00:00-00:00,0,2019-12-27,2,0,ACTUAL,CA ISO-TAC,Total Actual Hourly Integrated Load,SYS_FCST_ACT_MW,3,21973,ACTUAL,446
2019-12-27T11:00:00-00:00,2019-12-27T12:00:00-00:00,0,2019-12-27,4,0,ACTUAL,CA ISO-TAC,Total Actual Hourly Integrated Load,SYS_FCST_ACT_MW,3,21492,ACTUAL,446
2019-12-27T16:00:00-00:00,2019-12-27T17:00:00-00:00,0,2019-12-27,9,0,ACTUAL,CA ISO-TAC,Total Actual Hourly Integrated Load,SYS_FCST_ACT_MW,3,25093,ACTUAL,446
2019-12-27T18:00:00-00:00,2019-12-27T19:00:00-00:00,0,2019-12-27,11,0,ACTUAL,CA ISO-TAC,Total Actual Hourly Integrated Load,SYS_FCST_ACT_MW,3,23071,ACTUAL,446
2019-12-27T21:00:00-00:00,2019-12-27T22:00:00-00:00,0,2019-12-27,14,0,ACTUAL,CA ISO-TAC,Total Actual Hourly Integrated Load,SYS_FCST_ACT_MW,3,22252,ACTUAL,446
2019-12-27T08:00:00-00:00,2019-12-27T09:00:00-00:00,0,2019-12-27,1,0,ACTUAL,CA ISO-TAC,Total Actual Hourly Integrated Load,SYS_FCST_ACT_MW,3,22633,ACTUAL,446
2019-12-28T03:00:00-00:00,2019-12-28T04:00:00-00:00,0,2019-12-27,20,0,ACTUAL,IPCO,Total Actual Hourly Integrated Load,SYS_FCST_ACT_MW,3.8,2129,ACTUAL,447
2019-12-28T02:00:00-00:00,2019-12-28T03:00:00-00:00,0,2019-12-27,19,0,ACTUAL,IPCO,Total Actual Hourly Integrated Load,SYS_FCST_ACT_MW,3.8,2164,ACTUAL,447
2019-12-27T11:00:00-00:00,2019-12-27T12:00:00-00:00,0,2019-12-27,4,0,ACTUAL,IPCO,Total Actual Hourly Integrated Load,SYS_FCST_ACT_MW,3.8,1767,ACTUAL,447
2019-12-27T20:00:00-00:00,2019-12-27T21:00:00-00:00,0,2019-12-27,13,0,ACTUAL,IPCO,Total Actual Hourly Integrated Load,SYS_FCST_ACT_MW,3.8,2056,ACTUAL,447
2019-12-28T06:00:00-00:00,2019-12-28T07:00:00-00:00,0,2019-12-27,23,0,ACTUAL,IPCO,Total Actual Hourly Integrated Load,SYS_FCST_ACT_MW,3.8,1901,ACTUAL,447
2019-12-27T17:00:00-00:00,2019-12-27T18:00:00-00:00,0,2019-12-27,10,0,ACTUAL,IPCO,Total Actual Hourly Integrated Load,SYS_FCST_ACT_MW,3.8,2182,ACTUAL,447
2019-12-28T04:00:00-00:00,2019-12-28T05:00:00-00:00,0,2019-12-27,21,0,ACTUAL,IPCO,Total Actual Hourly Integrated Load,SYS_FCST_ACT_MW,3.8,2069,ACTUAL,447
2019-12-27T12:00:00-00:00,2019-12-27T13:00:00-00:00,0,2019-12-27,5,0,ACTUAL,IPCO,Total Actual Hourly Integrated Load,SYS_FCST_ACT_MW,3.8,1852,ACTUAL,447
2019-12-27T21:00:00-00:00,2019-12-27T22:00:00-00:00,0,2019-12-27,14,0,ACTUAL,IPCO,Total Actual Hourly Integrated Load,SYS_FCST_ACT_MW,3.8,2034,ACTUAL,447
2019-12-27T23:00:00-00:00,2019-12-28T00:00:00-00:00,0,2019-12-27,16,0,ACTUAL,IPCO,Total Actual Hourly Integrated Load,SYS_FCST_ACT_MW,3.8,2075,ACTUAL,447
2019-12-28T00:00:00-00:00,2019-12-28T01:00:00-00:00,0,2019-12-27,17,0,ACTUAL,IPCO,Total Actual Hourly Integrated Load,SYS_FCST_ACT_MW,3.8,2174,ACTUAL,447
2019-12-28T01:00:00-00:00,2019-12-28T02:00:00-00:00,0,2019-12-27,18,0,ACTUAL,IPCO,Total Actual Hourly Integrated Load,SYS_FCST_ACT_MW,3.8,2200,ACTUAL,447
2019-12-28T07:00:00-00:00,2019-12-28T08:00:00-00:00,0,2019-12-27,24,0,ACTUAL,IPCO,Total Actual Hourly Integrated Load,SYS_FCST_ACT_MW,3.8,1844,ACTUAL,447
2019-12-27T13:00:00-00:00,2019-12-27T14:00:00-00:00,0,2019-12-27,6,0,ACTUAL,IPCO,Total Actual Hourly Integrated Load,SYS_FCST_ACT_MW,3.8,1976,ACTUAL,447
2019-12-27T09:00:00-00:00,2019-12-27T10:00:00-00:00,0,2019-12-27,2,0,ACTUAL,IPCO,Total Actual Hourly Integrated Load,SYS_FCST_ACT_MW,3.8,1721,ACTUAL,447
2019-12-27T16:00:00-00:00,2019-12-27T17:00:00-00:00,0,2019-12-27,9,0,ACTUAL,IPCO,Total Actual Hourly Integrated Load,SYS_FCST_ACT_MW,3.8,2187,ACTUAL,447
2019-12-27T18:00:00-00:00,2019-12-27T19:00:00-00:00,0,2019-12-27,11,0,ACTUAL,IPCO,Total Actual Hourly Integrated Load,SYS_FCST_ACT_MW,3.8,2143,ACTUAL,447
2019-12-27T22:00:00-00:00,2019-12-27T23:00:00-00:00,0,2019-12-27,15,0,ACTUAL,IPCO,Total Actual Hourly Integrated Load,SYS_FCST_ACT_MW,3.8,2037,ACTUAL,447
2019-12-27T08:00:00-00:00,2019-12-27T09:00:00-00:00,0,2019-12-27,1,0,ACTUAL,IPCO,Total Actual Hourly Integrated Load,SYS_FCST_ACT_MW,3.8,1730,ACTUAL,447
2019-12-28T05:00:00-00:00,2019-12-28T06:00:00-00:00,0,2019-12-27,22,0,ACTUAL,IPCO,Total Actual Hourly Integrated Load,SYS_FCST_ACT_MW,3.8,1982,ACTUAL,447
2019-12-27T14:00:00-00:00,2019-12-27T15:00:00-00:00,0,2019-12-27,7,0,ACTUAL,IPCO,Total Actual Hourly Integrated Load,SYS_FCST_ACT_MW,3.8,2095,ACTUAL,447
2019-12-27T15:00:00-00:00,2019-12-27T16:00:00-00:00,0,2019-12-27,8,0,ACTUAL,IPCO,Total Actual Hourly Integrated Load,SYS_FCST_ACT_MW,3.8,2165,ACTUAL,447
2019-12-27T19:00:00-00:00,2019-12-27T20:00:00-00:00,0,2019-12-27,12,0,ACTUAL,IPCO,Total Actual Hourly Integrated Load,SYS_FCST_ACT_MW,3.8,2088,ACTUAL,447
2019-12-27T10:00:00-00:00,2019-12-27T11:00:00-00:00,0,2019-12-27,3,0,ACTUAL,IPCO,Total Actual Hourly Integrated Load,SYS_FCST_ACT_MW,3.8,1729,ACTUAL,447
2019-12-27T08:00:00-00:00,2019-12-27T09:00:00-00:00,0,2019-12-27,1,0,ACTUAL,MWD-TAC,Total Actual Hourly Integrated Load,SYS_FCST_ACT_MW,3.3,132,ACTUAL,448
2019-12-27T13:00:00-00:00,2019-12-27T14:00:00-00:00,0,2019-12-27,6,0,ACTUAL,MWD-TAC,Total Actual Hourly Integrated Load,SYS_FCST_ACT_MW,3.3,127,ACTUAL,448
2019-12-27T18:00:00-00:00,2019-12-27T19:00:00-00:00,0,2019-12-27,11,0,ACTUAL,MWD-TAC,Total Actual Hourly Integrated Load,SYS_FCST_ACT_MW,3.3,122,ACTUAL,448
2019-12-27T14:00:00-00:00,2019-12-27T15:00:00-00:00,0,2019-12-27,7,0,ACTUAL,MWD-TAC,Total Actual Hourly Integrated Load,SYS_FCST_ACT_MW,3.3,126,ACTUAL,448
2019-12-27T15:00:00-00:00,2019-12-27T16:00:00-00:00,0,2019-12-27,8,0,ACTUAL,MWD-TAC,Total Actual Hourly Integrated Load,SYS_FCST_ACT_MW,3.3,128,ACTUAL,448
2019-12-27T17:00:00-00:00,2019-12-27T18:00:00-00:00,0,2019-12-27,10,0,ACTUAL,MWD-TAC,Total Actual Hourly Integrated Load,SYS_FCST_ACT_MW,3.3,129,ACTUAL,448
2019-12-27T23:00:00-00:00,2019-12-28T00:00:00-00:00,0,2019-12-27,16,0,ACTUAL,MWD-TAC,Total Actual Hourly Integrated Load,SYS_FCST_ACT_MW,3.3,138,ACTUAL,448
2019-12-28T05:00:00-00:00,2019-12-28T06:00:00-00:00,0,2019-12-27,22,0,ACTUAL,MWD-TAC,Total Actual Hourly Integrated Load,SYS_FCST_ACT_MW,3.3,152,ACTUAL,448
2019-12-27T16:00:00-00:00,2019-12-27T17:00:00-00:00,0,2019-12-27,9,0,ACTUAL,MWD-TAC,Total Actual Hourly Integrated Load,SYS_FCST_ACT_MW,3.3,132,ACTUAL,448
2019-12-28T01:00:00-00:00,2019-12-28T02:00:00-00:00,0,2019-12-27,18,0,ACTUAL,MWD-TAC,Total Actual Hourly Integrated Load,SYS_FCST_ACT_MW,3.3,138,ACTUAL,448
2019-12-28T06:00:00-00:00,2019-12-28T07:00:00-00:00,0,2019-12-27,23,0,ACTUAL,MWD-TAC,Total Actual Hourly Integrated Load,SYS_FCST_ACT_MW,3.3,146,ACTUAL,448
2019-12-27T11:00:00-00:00,2019-12-27T12:00:00-00:00,0,2019-12-27,4,0,ACTUAL,MWD-TAC,Total Actual Hourly Integrated Load,SYS_FCST_ACT_MW,3.3,132,ACTUAL,448
2019-12-27T20:00:00-00:00,2019-12-27T21:00:00-00:00,0,2019-12-27,13,0,ACTUAL,MWD-TAC,Total Actual Hourly Integrated Load,SYS_FCST_ACT_MW,3.3,126,ACTUAL,448
2019-12-27T22:00:00-00:00,2019-12-27T23:00:00-00:00,0,2019-12-27,15,0,ACTUAL,MWD-TAC,Total Actual Hourly Integrated Load,SYS_FCST_ACT_MW,3.3,127,ACTUAL,448
2019-12-28T03:00:00-00:00,2019-12-28T04:00:00-00:00,0,2019-12-27,20,0,ACTUAL,MWD-TAC,Total Actual Hourly Integrated Load,SYS_FCST_ACT_MW,3.3,145,ACTUAL,448
2019-12-28T04:00:00-00:00,2019-12-28T05:00:00-00:00,0,2019-12-27,21,0,ACTUAL,MWD-TAC,Total Actual Hourly Integrated Load,SYS_FCST_ACT_MW,3.3,147,ACTUAL,448
2019-12-28T07:00:00-00:00,2019-12-28T08:00:00-00:00,0,2019-12-27,24,0,ACTUAL,MWD-TAC,Total Actual Hourly Integrated Load,SYS_FCST_ACT_MW,3.3,146,ACTUAL,448
2019-12-27T19:00:00-00:00,2019-12-27T20:00:00-00:00,0,2019-12-27,12,0,ACTUAL,MWD-TAC,Total Actual Hourly Integrated Load,SYS_FCST_ACT_MW,3.3,124,ACTUAL,448
2019-12-28T00:00:00-00:00,2019-12-28T01:00:00-00:00,0,2019-12-27,17,0,ACTUAL,MWD-TAC,Total Actual Hourly Integrated Load,SYS_FCST_ACT_MW,3.3,134,ACTUAL,448
2019-12-28T02:00:00-00:00,2019-12-28T03:00:00-00:00,0,2019-12-27,19,0,ACTUAL,MWD-TAC,Total Actual Hourly Integrated Load,SYS_FCST_ACT_MW,3.3,145,ACTUAL,448
2019-12-27T10:00:00-00:00,2019-12-27T11:00:00-00:00,0,2019-12-27,3,0,ACTUAL,MWD-TAC,Total Actual Hourly Integrated Load,SYS_FCST_ACT_MW,3.3,131,ACTUAL,448
2019-12-27T21:00:00-00:00,2019-12-27T22:00:00-00:00,0,2019-12-27,14,0,ACTUAL,MWD-TAC,Total Actual Hourly Integrated Load,SYS_FCST_ACT_MW,3.3,127,ACTUAL,448
2019-12-27T09:00:00-00:00,2019-12-27T10:00:00-00:00,0,2019-12-27,2,0,ACTUAL,MWD-TAC,Total Actual Hourly Integrated Load,SYS_FCST_ACT_MW,3.3,132,ACTUAL,448
2019-12-27T12:00:00-00:00,2019-12-27T13:00:00-00:00,0,2019-12-27,5,0,ACTUAL,MWD-TAC,Total Actual Hourly Integrated Load,SYS_FCST_ACT_MW,3.3,130,ACTUAL,448
2019-12-28T00:00:00-00:00,2019-12-28T01:00:00-00:00,0,2019-12-27,17,0,ACTUAL,NEVP,Total Actual Hourly Integrated Load,SYS_FCST_ACT_MW,3.8,4196,ACTUAL,449
2019-12-27T09:00:00-00:00,2019-12-27T10:00:00-00:00,0,2019-12-27,2,0,ACTUAL,NEVP,Total Actual Hourly Integrated Load,SYS_FCST_ACT_MW,3.8,3713,ACTUAL,449
2019-12-28T06:00:00-00:00,2019-12-28T07:00:00-00:00,0,2019-12-27,23,0,ACTUAL,NEVP,Total Actual Hourly Integrated Load,SYS_FCST_ACT_MW,3.8,4135,ACTUAL,449
2019-12-27T22:00:00-00:00,2019-12-27T23:00:00-00:00,0,2019-12-27,15,0,ACTUAL,NEVP,Total Actual Hourly Integrated Load,SYS_FCST_ACT_MW,3.8,3832,ACTUAL,449
2019-12-27T12:00:00-00:00,2019-12-27T13:00:00-00:00,0,2019-12-27,5,0,ACTUAL,NEVP,Total Actual Hourly Integrated Load,SYS_FCST_ACT_MW,3.8,3730,ACTUAL,449
2019-12-27T14:00:00-00:00,2019-12-27T15:00:00-00:00,0,2019-12-27,7,0,ACTUAL,NEVP,Total Actual Hourly Integrated Load,SYS_FCST_ACT_MW,3.8,4010,ACTUAL,449
2019-12-27T15:00:00-00:00,2019-12-27T16:00:00-00:00,0,2019-12-27,8,0,ACTUAL,NEVP,Total Actual Hourly Integrated Load,SYS_FCST_ACT_MW,3.8,4065,ACTUAL,449
2019-12-27T16:00:00-00:00,2019-12-27T17:00:00-00:00,0,2019-12-27,9,0,ACTUAL,NEVP,Total Actual Hourly Integrated Load,SYS_FCST_ACT_MW,3.8,4103,ACTUAL,449
2019-12-27T20:00:00-00:00,2019-12-27T21:00:00-00:00,0,2019-12-27,13,0,ACTUAL,NEVP,Total Actual Hourly Integrated Load,SYS_FCST_ACT_MW,3.8,3859,ACTUAL,449
2019-12-28T02:00:00-00:00,2019-12-28T03:00:00-00:00,0,2019-12-27,19,0,ACTUAL,NEVP,Total Actual Hourly Integrated Load,SYS_FCST_ACT_MW,3.8,4464,ACTUAL,449
2019-12-28T03:00:00-00:00,2019-12-28T04:00:00-00:00,0,2019-12-27,20,0,ACTUAL,NEVP,Total Actual Hourly Integrated Load,SYS_FCST_ACT_MW,3.8,4439,ACTUAL,449
2019-12-27T11:00:00-00:00,2019-12-27T12:00:00-00:00,0,2019-12-27,4,0,ACTUAL,NEVP,Total Actual Hourly Integrated Load,SYS_FCST_ACT_MW,3.8,3670,ACTUAL,449
2019-12-27T13:00:00-00:00,2019-12-27T14:00:00-00:00,0,2019-12-27,6,0,ACTUAL,NEVP,Total Actual Hourly Integrated Load,SYS_FCST_ACT_MW,3.8,3852,ACTUAL,449
2019-12-28T04:00:00-00:00,2019-12-28T05:00:00-00:00,0,2019-12-27,21,0,ACTUAL,NEVP,Total Actual Hourly Integrated Load,SYS_FCST_ACT_MW,3.8,4386,ACTUAL,449
2019-12-27T08:00:00-00:00,2019-12-27T09:00:00-00:00,0,2019-12-27,1,0,ACTUAL,NEVP,Total Actual Hourly Integrated Load,SYS_FCST_ACT_MW,3.8,3793,ACTUAL,449
2019-12-27T17:00:00-00:00,2019-12-27T18:00:00-00:00,0,2019-12-27,10,0,ACTUAL,NEVP,Total Actual Hourly Integrated Load,SYS_FCST_ACT_MW,3.8,4052,ACTUAL,449
2019-12-28T05:00:00-00:00,2019-12-28T06:00:00-00:00,0,2019-12-27,22,0,ACTUAL,NEVP,Total Actual Hourly Integrated Load,SYS_FCST_ACT_MW,3.8,4275,ACTUAL,449
2019-12-28T07:00:00-00:00,2019-12-28T08:00:00-00:00,0,2019-12-27,24,0,ACTUAL,NEVP,Total Actual Hourly Integrated Load,SYS_FCST_ACT_MW,3.8,3981,ACTUAL,449
2019-12-27T23:00:00-00:00,2019-12-28T00:00:00-00:00,0,2019-12-27,16,0,ACTUAL,NEVP,Total Actual Hourly Integrated Load,SYS_FCST_ACT_MW,3.8,3929,ACTUAL,449
2019-12-28T01:00:00-00:00,2019-12-28T02:00:00-00:00,0,2019-12-27,18,0,ACTUAL,NEVP,Total Actual Hourly Integrated Load,SYS_FCST_ACT_MW,3.8,4448,ACTUAL,449
2019-12-27T21:00:00-00:00,2019-12-27T22:00:00-00:00,0,2019-12-27,14,0,ACTUAL,NEVP,Total Actual Hourly Integrated Load,SYS_FCST_ACT_MW,3.8,3829,ACTUAL,449
2019-12-27T18:00:00-00:00,2019-12-27T19:00:00-00:00,0,2019-12-27,11,0,ACTUAL,NEVP,Total Actual Hourly Integrated Load,SYS_FCST_ACT_MW,3.8,4028,ACTUAL,449
2019-12-27T19:00:00-00:00,2019-12-27T20:00:00-00:00,0,2019-12-27,12,0,ACTUAL,NEVP,Total Actual Hourly Integrated Load,SYS_FCST_ACT_MW,3.8,3950,ACTUAL,449
2019-12-27T10:00:00-00:00,2019-12-27T11:00:00-00:00,0,2019-12-27,3,0,ACTUAL,NEVP,Total Actual Hourly Integrated Load,SYS_FCST_ACT_MW,3.8,3673,ACTUAL,449
2019-12-27T19:00:00-00:00,2019-12-27T20:00:00-00:00,0,2019-12-27,12,0,ACTUAL,PACE,Total Actual Hourly Integrated Load,SYS_FCST_ACT_MW,3.8,5751,ACTUAL,450
2019-12-27T12:00:00-00:00,2019-12-27T13:00:00-00:00,0,2019-12-27,5,0,ACTUAL,PACE,Total Actual Hourly Integrated Load,SYS_FCST_ACT_MW,3.8,5227,ACTUAL,450
2019-12-27T23:00:00-00:00,2019-12-28T00:00:00-00:00,0,2019-12-27,16,0,ACTUAL,PACE,Total Actual Hourly Integrated Load,SYS_FCST_ACT_MW,3.8,5881,ACTUAL,450
2019-12-28T07:00:00-00:00,2019-12-28T08:00:00-00:00,0,2019-12-27,24,0,ACTUAL,PACE,Total Actual Hourly Integrated Load,SYS_FCST_ACT_MW,3.8,5219,ACTUAL,450
2019-12-28T04:00:00-00:00,2019-12-28T05:00:00-00:00,0,2019-12-27,21,0,ACTUAL,PACE,Total Actual Hourly Integrated Load,SYS_FCST_ACT_MW,3.8,5872,ACTUAL,450
2019-12-28T05:00:00-00:00,2019-12-28T06:00:00-00:00,0,2019-12-27,22,0,ACTUAL,PACE,Total Actual Hourly Integrated Load,SYS_FCST_ACT_MW,3.8,5657,ACTUAL,450
2019-12-27T18:00:00-00:00,2019-12-27T19:00:00-00:00,0,2019-12-27,11,0,ACTUAL,PACE,Total Actual Hourly Integrated Load,SYS_FCST_ACT_MW,3.8,5835,ACTUAL,450
2019-12-27T21:00:00-00:00,2019-12-27T22:00:00-00:00,0,2019-12-27,14,0,ACTUAL,PACE,Total Actual Hourly Integrated Load,SYS_FCST_ACT_MW,3.8,5715,ACTUAL,450
2019-12-27T13:00:00-00:00,2019-12-27T14:00:00-00:00,0,2019-12-27,6,0,ACTUAL,PACE,Total Actual Hourly Integrated Load,SYS_FCST_ACT_MW,3.8,5470,ACTUAL,450
2019-12-27T11:00:00-00:00,2019-12-27T12:00:00-00:00,0,2019-12-27,4,0,ACTUAL,PACE,Total Actual Hourly Integrated Load,SYS_FCST_ACT_MW,3.8,5063,ACTUAL,450
2019-12-27T16:00:00-00:00,2019-12-27T17:00:00-00:00,0,2019-12-27,9,0,ACTUAL,PACE,Total Actual Hourly Integrated Load,SYS_FCST_ACT_MW,3.8,5919,ACTUAL,450
2019-12-28T00:00:00-00:00,2019-12-28T01:00:00-00:00,0,2019-12-27,17,0,ACTUAL,PACE,Total Actual Hourly Integrated Load,SYS_FCST_ACT_MW,3.8,6186,ACTUAL,450
2019-12-27T22:00:00-00:00,2019-12-27T23:00:00-00:00,0,2019-12-27,15,0,ACTUAL,PACE,Total Actual Hourly Integrated Load,SYS_FCST_ACT_MW,3.8,5732,ACTUAL,450
2019-12-27T17:00:00-00:00,2019-12-27T18:00:00-00:00,0,2019-12-27,10,0,ACTUAL,PACE,Total Actual Hourly Integrated Load,SYS_FCST_ACT_MW,3.8,5928,ACTUAL,450
2019-12-27T08:00:00-00:00,2019-12-27T09:00:00-00:00,0,2019-12-27,1,0,ACTUAL,PACE,Total Actual Hourly Integrated Load,SYS_FCST_ACT_MW,3.8,5004,ACTUAL,450
2019-12-28T06:00:00-00:00,2019-12-28T07:00:00-00:00,0,2019-12-27,23,0,ACTUAL,PACE,Total Actual Hourly Integrated Load,SYS_FCST_ACT_MW,3.8,5407,ACTUAL,450
2019-12-27T15:00:00-00:00,2019-12-27T16:00:00-00:00,0,2019-12-27,8,0,ACTUAL,PACE,Total Actual Hourly Integrated Load,SYS_FCST_ACT_MW,3.8,5848,ACTUAL,450
2019-12-27T14:00:00-00:00,2019-12-27T15:00:00-00:00,0,2019-12-27,7,0,ACTUAL,PACE,Total Actual Hourly Integrated Load,SYS_FCST_ACT_MW,3.8,5712,ACTUAL,450
2019-12-27T20:00:00-00:00,2019-12-27T21:00:00-00:00,0,2019-12-27,13,0,ACTUAL,PACE,Total Actual Hourly Integrated Load,SYS_FCST_ACT_MW,3.8,5721,ACTUAL,450
2019-12-27T10:00:00-00:00,2019-12-27T11:00:00-00:00,0,2019-12-27,3,0,ACTUAL,PACE,Total Actual Hourly Integrated Load,SYS_FCST_ACT_MW,3.8,4997,ACTUAL,450
2019-12-27T09:00:00-00:00,2019-12-27T10:00:00-00:00,0,2019-12-27,2,0,ACTUAL,PACE,Total Actual Hourly Integrated Load,SYS_FCST_ACT_MW,3.8,4992,ACTUAL,450
2019-12-28T01:00:00-00:00,2019-12-28T02:00:00-00:00,0,2019-12-27,18,0,ACTUAL,PACE,Total Actual Hourly Integrated Load,SYS_FCST_ACT_MW,3.8,6205,ACTUAL,450
2019-12-28T03:00:00-00:00,2019-12-28T04:00:00-00:00,0,2019-12-27,20,0,ACTUAL,PACE,Total Actual Hourly Integrated Load,SYS_FCST_ACT_MW,3.8,6039,ACTUAL,450
2019-12-28T02:00:00-00:00,2019-12-28T03:00:00-00:00,0,2019-12-27,19,0,ACTUAL,PACE,Total Actual Hourly Integrated Load,SYS_FCST_ACT_MW,3.8,6128,ACTUAL,450
2019-12-28T03:00:00-00:00,2019-12-28T04:00:00-00:00,0,2019-12-27,20,0,ACTUAL,PACW,Total Actual Hourly Integrated Load,SYS_FCST_ACT_MW,3.8,2920,ACTUAL,451
2019-12-28T01:00:00-00:00,2019-12-28T02:00:00-00:00,0,2019-12-27,18,0,ACTUAL,PACW,Total Actual Hourly Integrated Load,SYS_FCST_ACT_MW,3.8,2988,ACTUAL,451
2019-12-27T23:00:00-00:00,2019-12-28T00:00:00-00:00,0,2019-12-27,16,0,ACTUAL,PACW,Total Actual Hourly Integrated Load,SYS_FCST_ACT_MW,3.8,2728,ACTUAL,451
2019-12-27T14:00:00-00:00,2019-12-27T15:00:00-00:00,0,2019-12-27,7,0,ACTUAL,PACW,Total Actual Hourly Integrated Load,SYS_FCST_ACT_MW,3.8,2931,ACTUAL,451
2019-12-27T12:00:00-00:00,2019-12-27T13:00:00-00:00,0,2019-12-27,5,0,ACTUAL,PACW,Total Actual Hourly Integrated Load,SYS_FCST_ACT_MW,3.8,2502,ACTUAL,451
2019-12-27T16:00:00-00:00,2019-12-27T17:00:00-00:00,0,2019-12-27,9,0,ACTUAL,PACW,Total Actual Hourly Integrated Load,SYS_FCST_ACT_MW,3.8,3174,ACTUAL,451
2019-12-28T04:00:00-00:00,2019-12-28T05:00:00-00:00,0,2019-12-27,21,0,ACTUAL,PACW,Total Actual Hourly Integrated Load,SYS_FCST_ACT_MW,3.8,2857,ACTUAL,451
2019-12-27T20:00:00-00:00,2019-12-27T21:00:00-00:00,0,2019-12-27,13,0,ACTUAL,PACW,Total Actual Hourly Integrated Load,SYS_FCST_ACT_MW,3.8,2859,ACTUAL,451
2019-12-28T06:00:00-00:00,2019-12-28T07:00:00-00:00,0,2019-12-27,23,0,ACTUAL,PACW,Total Actual Hourly Integrated Load,SYS_FCST_ACT_MW,3.8,2585,ACTUAL,451
2019-12-27T15:00:00-00:00,2019-12-27T16:00:00-00:00,0,2019-12-27,8,0,ACTUAL,PACW,Total Actual Hourly Integrated Load,SYS_FCST_ACT_MW,3.8,3115,ACTUAL,451
2019-12-27T11:00:00-00:00,2019-12-27T12:00:00-00:00,0,2019-12-27,4,0,ACTUAL,PACW,Total Actual Hourly Integrated Load,SYS_FCST_ACT_MW,3.8,2426,ACTUAL,451
2019-12-27T09:00:00-00:00,2019-12-27T10:00:00-00:00,0,2019-12-27,2,0,ACTUAL,PACW,Total Actual Hourly Integrated Load,SYS_FCST_ACT_MW,3.8,2408,ACTUAL,451
2019-12-28T05:00:00-00:00,2019-12-28T06:00:00-00:00,0,2019-12-27,22,0,ACTUAL,PACW,Total Actual Hourly Integrated Load,SYS_FCST_ACT_MW,3.8,2737,ACTUAL,451
2019-12-27T13:00:00-00:00,2019-12-27T14:00:00-00:00,0,2019-12-27,6,0,ACTUAL,PACW,Total Actual Hourly Integrated Load,SYS_FCST_ACT_MW,3.8,2685,ACTUAL,451
2019-12-27T22:00:00-00:00,2019-12-27T23:00:00-00:00,0,2019-12-27,15,0,ACTUAL,PACW,Total Actual Hourly Integrated Load,SYS_FCST_ACT_MW,3.8,2716,ACTUAL,451
2019-12-27T08:00:00-00:00,2019-12-27T09:00:00-00:00,0,2019-12-27,1,0,ACTUAL,PACW,Total Actual Hourly Integrated Load,SYS_FCST_ACT_MW,3.8,2448,ACTUAL,451
2019-12-28T00:00:00-00:00,2019-12-28T01:00:00-00:00,0,2019-12-27,17,0,ACTUAL,PACW,Total Actual Hourly Integrated Load,SYS_FCST_ACT_MW,3.8,2857,ACTUAL,451
2019-12-27T21:00:00-00:00,2019-12-27T22:00:00-00:00,0,2019-12-27,14,0,ACTUAL,PACW,Total Actual Hourly Integrated Load,SYS_FCST_ACT_MW,3.8,2773,ACTUAL,451
2019-12-27T18:00:00-00:00,2019-12-27T19:00:00-00:00,0,2019-12-27,11,0,ACTUAL,PACW,Total Actual Hourly Integrated Load,SYS_FCST_ACT_MW,3.8,3077,ACTUAL,451
2019-12-27T10:00:00-00:00,2019-12-27T11:00:00-00:00,0,2019-12-27,3,0,ACTUAL,PACW,Total Actual Hourly Integrated Load,SYS_FCST_ACT_MW,3.8,2402,ACTUAL,451
2019-12-28T07:00:00-00:00,2019-12-28T08:00:00-00:00,0,2019-12-27,24,0,ACTUAL,PACW,Total Actual Hourly Integrated Load,SYS_FCST_ACT_MW,3.8,2449,ACTUAL,451
2019-12-27T19:00:00-00:00,2019-12-27T20:00:00-00:00,0,2019-12-27,12,0,ACTUAL,PACW,Total Actual Hourly Integrated Load,SYS_FCST_ACT_MW,3.8,2959,ACTUAL,451
2019-12-28T02:00:00-00:00,2019-12-28T03:00:00-00:00,0,2019-12-27,19,0,ACTUAL,PACW,Total Actual Hourly Integrated Load,SYS_FCST_ACT_MW,3.8,2971,ACTUAL,451
2019-12-27T17:00:00-00:00,2019-12-27T18:00:00-00:00,0,2019-12-27,10,0,ACTUAL,PACW,Total Actual Hourly Integrated Load,SYS_FCST_ACT_MW,3.8,3152,ACTUAL,451
2019-12-28T00:00:00-00:00,2019-12-28T01:00:00-00:00,0,2019-12-27,17,0,ACTUAL,PGE,Total Actual Hourly Integrated Load,SYS_FCST_ACT_MW,3.8,2928,ACTUAL,452
2019-12-27T12:00:00-00:00,2019-12-27T13:00:00-00:00,0,2019-12-27,5,0,ACTUAL,PGE,Total Actual Hourly Integrated Load,SYS_FCST_ACT_MW,3.8,2219,ACTUAL,452
2019-12-28T05:00:00-00:00,2019-12-28T06:00:00-00:00,0,2019-12-27,22,0,ACTUAL,PGE,Total Actual Hourly Integrated Load,SYS_FCST_ACT_MW,3.8,2616,ACTUAL,452
2019-12-28T03:00:00-00:00,2019-12-28T04:00:00-00:00,0,2019-12-27,20,0,ACTUAL,PGE,Total Actual Hourly Integrated Load,SYS_FCST_ACT_MW,3.8,2845,ACTUAL,452
2019-12-27T14:00:00-00:00,2019-12-27T15:00:00-00:00,0,2019-12-27,7,0,ACTUAL,PGE,Total Actual Hourly Integrated Load,SYS_FCST_ACT_MW,3.8,2609,ACTUAL,452
2019-12-27T18:00:00-00:00,2019-12-27T19:00:00-00:00,0,2019-12-27,11,0,ACTUAL,PGE,Total Actual Hourly Integrated Load,SYS_FCST_ACT_MW,3.8,2952,ACTUAL,452
2019-12-28T02:00:00-00:00,2019-12-28T03:00:00-00:00,0,2019-12-27,19,0,ACTUAL,PGE,Total Actual Hourly Integrated Load,SYS_FCST_ACT_MW,3.8,2943,ACTUAL,452
2019-12-27T13:00:00-00:00,2019-12-27T14:00:00-00:00,0,2019-12-27,6,0,ACTUAL,PGE,Total Actual Hourly Integrated Load,SYS_FCST_ACT_MW,3.8,2395,ACTUAL,452
2019-12-27T17:00:00-00:00,2019-12-27T18:00:00-00:00,0,2019-12-27,10,0,ACTUAL,PGE,Total Actual Hourly Integrated Load,SYS_FCST_ACT_MW,3.8,2912,ACTUAL,452
2019-12-28T04:00:00-00:00,2019-12-28T05:00:00-00:00,0,2019-12-27,21,0,ACTUAL,PGE,Total Actual Hourly Integrated Load,SYS_FCST_ACT_MW,3.8,2753,ACTUAL,452
2019-12-27T08:00:00-00:00,2019-12-27T09:00:00-00:00,0,2019-12-27,1,0,ACTUAL,PGE,Total Actual Hourly Integrated Load,SYS_FCST_ACT_MW,3.8,2254,ACTUAL,452
2019-12-27T16:00:00-00:00,2019-12-27T17:00:00-00:00,0,2019-12-27,9,0,ACTUAL,PGE,Total Actual Hourly Integrated Load,SYS_FCST_ACT_MW,3.8,2852,ACTUAL,452
2019-12-27T23:00:00-00:00,2019-12-28T00:00:00-00:00,0,2019-12-27,16,0,ACTUAL,PGE,Total Actual Hourly Integrated Load,SYS_FCST_ACT_MW,3.8,2838,ACTUAL,452
2019-12-28T06:00:00-00:00,2019-12-28T07:00:00-00:00,0,2019-12-27,23,0,ACTUAL,PGE,Total Actual Hourly Integrated Load,SYS_FCST_ACT_MW,3.8,2443,ACTUAL,452
2019-12-27T15:00:00-00:00,2019-12-27T16:00:00-00:00,0,2019-12-27,8,0,ACTUAL,PGE,Total Actual Hourly Integrated Load,SYS_FCST_ACT_MW,3.8,2766,ACTUAL,452
2019-12-27T19:00:00-00:00,2019-12-27T20:00:00-00:00,0,2019-12-27,12,0,ACTUAL,PGE,Total Actual Hourly Integrated Load,SYS_FCST_ACT_MW,3.8,2944,ACTUAL,452
2019-12-27T20:00:00-00:00,2019-12-27T21:00:00-00:00,0,2019-12-27,13,0,ACTUAL,PGE,Total Actual Hourly Integrated Load,SYS_FCST_ACT_MW,3.8,2923,ACTUAL,452
2019-12-27T21:00:00-00:00,2019-12-27T22:00:00-00:00,0,2019-12-27,14,0,ACTUAL,PGE,Total Actual Hourly Integrated Load,SYS_FCST_ACT_MW,3.8,2879,ACTUAL,452
2019-12-27T22:00:00-00:00,2019-12-27T23:00:00-00:00,0,2019-12-27,15,0,ACTUAL,PGE,Total Actual Hourly Integrated Load,SYS_FCST_ACT_MW,3.8,2848,ACTUAL,452
2019-12-28T07:00:00-00:00,2019-12-28T08:00:00-00:00,0,2019-12-27,24,0,ACTUAL,PGE,Total Actual Hourly Integrated Load,SYS_FCST_ACT_MW,3.8,2272,ACTUAL,452
2019-12-27T09:00:00-00:00,2019-12-27T10:00:00-00:00,0,2019-12-27,2,0,ACTUAL,PGE,Total Actual Hourly Integrated Load,SYS_FCST_ACT_MW,3.8,2175,ACTUAL,452
2019-12-27T10:00:00-00:00,2019-12-27T11:00:00-00:00,0,2019-12-27,3,0,ACTUAL,PGE,Total Actual Hourly Integrated Load,SYS_FCST_ACT_MW,3.8,2134,ACTUAL,452
2019-12-27T11:00:00-00:00,2019-12-27T12:00:00-00:00,0,2019-12-27,4,0,ACTUAL,PGE,Total Actual Hourly Integrated Load,SYS_FCST_ACT_MW,3.8,2142,ACTUAL,452
2019-12-28T01:00:00-00:00,2019-12-28T02:00:00-00:00,0,2019-12-27,18,0,ACTUAL,PGE,Total Actual Hourly Integrated Load,SYS_FCST_ACT_MW,3.8,3008,ACTUAL,452
2019-12-27T12:00:00-00:00,2019-12-27T13:00:00-00:00,0,2019-12-27,5,0,ACTUAL,PGE-TAC,Total Actual Hourly Integrated Load,SYS_FCST_ACT_MW,3.1,10021,ACTUAL,453
2019-12-27T14:00:00-00:00,2019-12-27T15:00:00-00:00,0,2019-12-27,7,0,ACTUAL,PGE-TAC,Total Actual Hourly Integrated Load,SYS_FCST_ACT_MW,3.1,11098,ACTUAL,453
2019-12-28T05:00:00-00:00,2019-12-28T06:00:00-00:00,0,2019-12-27,22,0,ACTUAL,PGE-TAC,Total Actual Hourly Integrated Load,SYS_FCST_ACT_MW,3.1,11987,ACTUAL,453
2019-12-27T18:00:00-00:00,2019-12-27T19:00:00-00:00,0,2019-12-27,11,0,ACTUAL,PGE-TAC,Total Actual Hourly Integrated Load,SYS_FCST_ACT_MW,3.1,10648,ACTUAL,453
2019-12-27T19:00:00-00:00,2019-12-27T20:00:00-00:00,0,2019-12-27,12,0,ACTUAL,PGE-TAC,Total Actual Hourly Integrated Load,SYS_FCST_ACT_MW,3.1,10445,ACTUAL,453
2019-12-27T13:00:00-00:00,2019-12-27T14:00:00-00:00,0,2019-12-27,6,0,ACTUAL,PGE-TAC,Total Actual Hourly Integrated Load,SYS_FCST_ACT_MW,3.1,10287,ACTUAL,453
2019-12-27T15:00:00-00:00,2019-12-27T16:00:00-00:00,0,2019-12-27,8,0,ACTUAL,PGE-TAC,Total Actual Hourly Integrated Load,SYS_FCST_ACT_MW,3.1,11664,ACTUAL,453
2019-12-28T01:00:00-00:00,2019-12-28T02:00:00-00:00,0,2019-12-27,18,0,ACTUAL,PGE-TAC,Total Actual Hourly Integrated Load,SYS_FCST_ACT_MW,3.1,12760,ACTUAL,453
2019-12-28T03:00:00-00:00,2019-12-28T04:00:00-00:00,0,2019-12-27,20,0,ACTUAL,PGE-TAC,Total Actual Hourly Integrated Load,SYS_FCST_ACT_MW,3.1,12699,ACTUAL,453
2019-12-28T04:00:00-00:00,2019-12-28T05:00:00-00:00,0,2019-12-27,21,0,ACTUAL,PGE-TAC,Total Actual Hourly Integrated Load,SYS_FCST_ACT_MW,3.1,12429,ACTUAL,453
2019-12-27T10:00:00-00:00,2019-12-27T11:00:00-00:00,0,2019-12-27,3,0,ACTUAL,PGE-TAC,Total Actual Hourly Integrated Load,SYS_FCST_ACT_MW,3.1,9898,ACTUAL,453
2019-12-27T16:00:00-00:00,2019-12-27T17:00:00-00:00,0,2019-12-27,9,0,ACTUAL,PGE-TAC,Total Actual Hourly Integrated Load,SYS_FCST_ACT_MW,3.1,11618,ACTUAL,453
2019-12-27T22:00:00-00:00,2019-12-27T23:00:00-00:00,0,2019-12-27,15,0,ACTUAL,PGE-TAC,Total Actual Hourly Integrated Load,SYS_FCST_ACT_MW,3.1,10362,ACTUAL,453
2019-12-28T06:00:00-00:00,2019-12-28T07:00:00-00:00,0,2019-12-27,23,0,ACTUAL,PGE-TAC,Total Actual Hourly Integrated Load,SYS_FCST_ACT_MW,3.1,11314,ACTUAL,453
2019-12-27T17:00:00-00:00,2019-12-27T18:00:00-00:00,0,2019-12-27,10,0,ACTUAL,PGE-TAC,Total Actual Hourly Integrated Load,SYS_FCST_ACT_MW,3.1,11150,ACTUAL,453
2019-12-27T11:00:00-00:00,2019-12-27T12:00:00-00:00,0,2019-12-27,4,0,ACTUAL,PGE-TAC,Total Actual Hourly Integrated Load,SYS_FCST_ACT_MW,3.1,9900,ACTUAL,453
2019-12-27T20:00:00-00:00,2019-12-27T21:00:00-00:00,0,2019-12-27,13,0,ACTUAL,PGE-TAC,Total Actual Hourly Integrated Load,SYS_FCST_ACT_MW,3.1,10368,ACTUAL,453
2019-12-27T21:00:00-00:00,2019-12-27T22:00:00-00:00,0,2019-12-27,14,0,ACTUAL,PGE-TAC,Total Actual Hourly Integrated Load,SYS_FCST_ACT_MW,3.1,10542,ACTUAL,453
2019-12-27T23:00:00-00:00,2019-12-28T00:00:00-00:00,0,2019-12-27,16,0,ACTUAL,PGE-TAC,Total Actual Hourly Integrated Load,SYS_FCST_ACT_MW,3.1,10787,ACTUAL,453
2019-12-28T00:00:00-00:00,2019-12-28T01:00:00-00:00,0,2019-12-27,17,0,ACTUAL,PGE-TAC,Total Actual Hourly Integrated Load,SYS_FCST_ACT_MW,3.1,11666,ACTUAL,453
2019-12-28T02:00:00-00:00,2019-12-28T03:00:00-00:00,0,2019-12-27,19,0,ACTUAL,PGE-TAC,Total Actual Hourly Integrated Load,SYS_FCST_ACT_MW,3.1,12884,ACTUAL,453
2019-12-27T08:00:00-00:00,2019-12-27T09:00:00-00:00,0,2019-12-27,1,0,ACTUAL,PGE-TAC,Total Actual Hourly Integrated Load,SYS_FCST_ACT_MW,3.1,10054,ACTUAL,453
2019-12-27T09:00:00-00:00,2019-12-27T10:00:00-00:00,0,2019-12-27,2,0,ACTUAL,PGE-TAC,Total Actual Hourly Integrated Load,SYS_FCST_ACT_MW,3.1,9886,ACTUAL,453
2019-12-28T07:00:00-00:00,2019-12-28T08:00:00-00:00,0,2019-12-27,24,0,ACTUAL,PGE-TAC,Total Actual Hourly Integrated Load,SYS_FCST_ACT_MW,3.1,10582,ACTUAL,453
2019-12-27T15:00:00-00:00,2019-12-27T16:00:00-00:00,0,2019-12-27,8,0,ACTUAL,PSEI,Total Actual Hourly Integrated Load,SYS_FCST_ACT_MW,3.8,3584,ACTUAL,454
2019-12-27T16:00:00-00:00,2019-12-27T17:00:00-00:00,0,2019-12-27,9,0,ACTUAL,PSEI,Total Actual Hourly Integrated Load,SYS_FCST_ACT_MW,3.8,3675,ACTUAL,454
2019-12-27T23:00:00-00:00,2019-12-28T00:00:00-00:00,0,2019-12-27,16,0,ACTUAL,PSEI,Total Actual Hourly Integrated Load,SYS_FCST_ACT_MW,3.8,3631,ACTUAL,454
2019-12-28T06:00:00-00:00,2019-12-28T07:00:00-00:00,0,2019-12-27,23,0,ACTUAL,PSEI,Total Actual Hourly Integrated Load,SYS_FCST_ACT_MW,3.8,3116,ACTUAL,454
2019-12-27T09:00:00-00:00,2019-12-27T10:00:00-00:00,0,2019-12-27,2,0,ACTUAL,PSEI,Total Actual Hourly Integrated Load,SYS_FCST_ACT_MW,3.8,2782,ACTUAL,454
2019-12-27T13:00:00-00:00,2019-12-27T14:00:00-00:00,0,2019-12-27,6,0,ACTUAL,PSEI,Total Actual Hourly Integrated Load,SYS_FCST_ACT_MW,3.8,3128,ACTUAL,454
2019-12-27T17:00:00-00:00,2019-12-27T18:00:00-00:00,0,2019-12-27,10,0,ACTUAL,PSEI,Total Actual Hourly Integrated Load,SYS_FCST_ACT_MW,3.8,3738,ACTUAL,454
2019-12-27T18:00:00-00:00,2019-12-27T19:00:00-00:00,0,2019-12-27,11,0,ACTUAL,PSEI,Total Actual Hourly Integrated Load,SYS_FCST_ACT_MW,3.8,3764,ACTUAL,454
2019-12-27T21:00:00-00:00,2019-12-27T22:00:00-00:00,0,2019-12-27,14,0,ACTUAL,PSEI,Total Actual Hourly Integrated Load,SYS_FCST_ACT_MW,3.8,3653,ACTUAL,454
2019-12-27T10:00:00-00:00,2019-12-27T11:00:00-00:00,0,2019-12-27,3,0,ACTUAL,PSEI,Total Actual Hourly Integrated Load,SYS_FCST_ACT_MW,3.8,2749,ACTUAL,454
2019-12-27T11:00:00-00:00,2019-12-27T12:00:00-00:00,0,2019-12-27,4,0,ACTUAL,PSEI,Total Actual Hourly Integrated Load,SYS_FCST_ACT_MW,3.8,2783,ACTUAL,454
2019-12-27T20:00:00-00:00,2019-12-27T21:00:00-00:00,0,2019-12-27,13,0,ACTUAL,PSEI,Total Actual Hourly Integrated Load,SYS_FCST_ACT_MW,3.8,3710,ACTUAL,454
2019-12-28T05:00:00-00:00,2019-12-28T06:00:00-00:00,0,2019-12-27,22,0,ACTUAL,PSEI,Total Actual Hourly Integrated Load,SYS_FCST_ACT_MW,3.8,3343,ACTUAL,454
2019-12-28T07:00:00-00:00,2019-12-28T08:00:00-00:00,0,2019-12-27,24,0,ACTUAL,PSEI,Total Actual Hourly Integrated Load,SYS_FCST_ACT_MW,3.8,2900,ACTUAL,454
2019-12-28T00:00:00-00:00,2019-12-28T01:00:00-00:00,0,2019-12-27,17,0,ACTUAL,PSEI,Total Actual Hourly Integrated Load,SYS_FCST_ACT_MW,3.8,3765,ACTUAL,454
2019-12-28T02:00:00-00:00,2019-12-28T03:00:00-00:00,0,2019-12-27,19,0,ACTUAL,PSEI,Total Actual Hourly Integrated Load,SYS_FCST_ACT_MW,3.8,3762,ACTUAL,454
2019-12-28T03:00:00-00:00,2019-12-28T04:00:00-00:00,0,2019-12-27,20,0,ACTUAL,PSEI,Total Actual Hourly Integrated Load,SYS_FCST_ACT_MW,3.8,3645,ACTUAL,454
2019-12-27T12:00:00-00:00,2019-12-27T13:00:00-00:00,0,2019-12-27,5,0,ACTUAL,PSEI,Total Actual Hourly Integrated Load,SYS_FCST_ACT_MW,3.8,2901,ACTUAL,454
2019-12-27T22:00:00-00:00,2019-12-27T23:00:00-00:00,0,2019-12-27,15,0,ACTUAL,PSEI,Total Actual Hourly Integrated Load,SYS_FCST_ACT_MW,3.8,3613,ACTUAL,454
2019-12-28T01:00:00-00:00,2019-12-28T02:00:00-00:00,0,2019-12-27,18,0,ACTUAL,PSEI,Total Actual Hourly Integrated Load,SYS_FCST_ACT_MW,3.8,3842,ACTUAL,454
2019-12-28T04:00:00-00:00,2019-12-28T05:00:00-00:00,0,2019-12-27,21,0,ACTUAL,PSEI,Total Actual Hourly Integrated Load,SYS_FCST_ACT_MW,3.8,3521,ACTUAL,454
2019-12-27T19:00:00-00:00,2019-12-27T20:00:00-00:00,0,2019-12-27,12,0,ACTUAL,PSEI,Total Actual Hourly Integrated Load,SYS_FCST_ACT_MW,3.8,3749,ACTUAL,454
2019-12-27T14:00:00-00:00,2019-12-27T15:00:00-00:00,0,2019-12-27,7,0,ACTUAL,PSEI,Total Actual Hourly Integrated Load,SYS_FCST_ACT_MW,3.8,3395,ACTUAL,454
2019-12-27T08:00:00-00:00,2019-12-27T09:00:00-00:00,0,2019-12-27,1,0,ACTUAL,PSEI,Total Actual Hourly Integrated Load,SYS_FCST_ACT_MW,3.8,2869,ACTUAL,454
2019-12-28T06:00:00-00:00,2019-12-28T07:00:00-00:00,0,2019-12-27,23,0,ACTUAL,SCE-TAC,Total Actual Hourly Integrated Load,SYS_FCST_ACT_MW,3.2,11343,ACTUAL,455
2019-12-28T04:00:00-00:00,2019-12-28T05:00:00-00:00,0,2019-12-27,21,0,ACTUAL,SCE-TAC,Total Actual Hourly Integrated Load,SYS_FCST_ACT_MW,3.2,12331,ACTUAL,455
2019-12-28T07:00:00-00:00,2019-12-28T08:00:00-00:00,0,2019-12-27,24,0,ACTUAL,SCE-TAC,Total Actual Hourly Integrated Load,SYS_FCST_ACT_MW,3.2,10595,ACTUAL,455
2019-12-28T03:00:00-00:00,2019-12-28T04:00:00-00:00,0,2019-12-27,20,0,ACTUAL,SCE-TAC,Total Actual Hourly Integrated Load,SYS_FCST_ACT_MW,3.2,12502,ACTUAL,455
2019-12-28T02:00:00-00:00,2019-12-28T03:00:00-00:00,0,2019-12-27,19,0,ACTUAL,SCE-TAC,Total Actual Hourly Integrated Load,SYS_FCST_ACT_MW,3.2,12542,ACTUAL,455
2019-12-27T19:00:00-00:00,2019-12-27T20:00:00-00:00,0,2019-12-27,12,0,ACTUAL,SCE-TAC,Total Actual Hourly Integrated Load,SYS_FCST_ACT_MW,3.2,10031,ACTUAL,455
2019-12-27T18:00:00-00:00,2019-12-27T19:00:00-00:00,0,2019-12-27,11,0,ACTUAL,SCE-TAC,Total Actual Hourly Integrated Load,SYS_FCST_ACT_MW,3.2,10347,ACTUAL,455
2019-12-28T05:00:00-00:00,2019-12-28T06:00:00-00:00,0,2019-12-27,22,0,ACTUAL,SCE-TAC,Total Actual Hourly Integrated Load,SYS_FCST_ACT_MW,3.2,11965,ACTUAL,455
2019-12-27T13:00:00-00:00,2019-12-27T14:00:00-00:00,0,2019-12-27,6,0,ACTUAL,SCE-TAC,Total Actual Hourly Integrated Load,SYS_FCST_ACT_MW,3.2,10212,ACTUAL,455
2019-12-27T22:00:00-00:00,2019-12-27T23:00:00-00:00,0,2019-12-27,15,0,ACTUAL,SCE-TAC,Total Actual Hourly Integrated Load,SYS_FCST_ACT_MW,3.2,9963,ACTUAL,455
2019-12-27T20:00:00-00:00,2019-12-27T21:00:00-00:00,0,2019-12-27,13,0,ACTUAL,SCE-TAC,Total Actual Hourly Integrated Load,SYS_FCST_ACT_MW,3.2,9804,ACTUAL,455
2019-12-27T15:00:00-00:00,2019-12-27T16:00:00-00:00,0,2019-12-27,8,0,ACTUAL,SCE-TAC,Total Actual Hourly Integrated Load,SYS_FCST_ACT_MW,3.2,11299,ACTUAL,455
2019-12-27T14:00:00-00:00,2019-12-27T15:00:00-00:00,0,2019-12-27,7,0,ACTUAL,SCE-TAC,Total Actual Hourly Integrated Load,SYS_FCST_ACT_MW,3.2,10979,ACTUAL,455
2019-12-27T16:00:00-00:00,2019-12-27T17:00:00-00:00,0,2019-12-27,9,0,ACTUAL,SCE-TAC,Total Actual Hourly Integrated Load,SYS_FCST_ACT_MW,3.2,11014,ACTUAL,455
2019-12-27T11:00:00-00:00,2019-12-27T12:00:00-00:00,0,2019-12-27,4,0,ACTUAL,SCE-TAC,Total Actual Hourly Integrated Load,SYS_FCST_ACT_MW,3.2,9456,ACTUAL,455
2019-12-27T09:00:00-00:00,2019-12-27T10:00:00-00:00,0,2019-12-27,2,0,ACTUAL,SCE-TAC,Total Actual Hourly Integrated Load,SYS_FCST_ACT_MW,3.2,9884,ACTUAL,455
2019-12-27T08:00:00-00:00,2019-12-27T09:00:00-00:00,0,2019-12-27,1,0,ACTUAL,SCE-TAC,Total Actual Hourly Integrated Load,SYS_FCST_ACT_MW,3.2,10321,ACTUAL,455
2019-12-28T01:00:00-00:00,2019-12-28T02:00:00-00:00,0,2019-12-27,18,0,ACTUAL,SCE-TAC,Total Actual Hourly Integrated Load,SYS_FCST_ACT_MW,3.2,12420,ACTUAL,455
2019-12-27T23:00:00-00:00,2019-12-28T00:00:00-00:00,0,2019-12-27,16,0,ACTUAL,SCE-TAC,Total Actual Hourly Integrated Load,SYS_FCST_ACT_MW,3.2,10452,ACTUAL,455
2019-12-27T10:00:00-00:00,2019-12-27T11:00:00-00:00,0,2019-12-27,3,0,ACTUAL,SCE-TAC,Total Actual Hourly Integrated Load,SYS_FCST_ACT_MW,3.2,9614,ACTUAL,455
2019-12-27T21:00:00-00:00,2019-12-27T22:00:00-00:00,0,2019-12-27,14,0,ACTUAL,SCE-TAC,Total Actual Hourly Integrated Load,SYS_FCST_ACT_MW,3.2,9752,ACTUAL,455
2019-12-27T17:00:00-00:00,2019-12-27T18:00:00-00:00,0,2019-12-27,10,0,ACTUAL,SCE-TAC,Total Actual Hourly Integrated Load,SYS_FCST_ACT_MW,3.2,10687,ACTUAL,455
2019-12-27T12:00:00-00:00,2019-12-27T13:00:00-00:00,0,2019-12-27,5,0,ACTUAL,SCE-TAC,Total Actual Hourly Integrated Load,SYS_FCST_ACT_MW,3.2,9611,ACTUAL,455
2019-12-28T00:00:00-00:00,2019-12-28T01:00:00-00:00,0,2019-12-27,17,0,ACTUAL,SCE-TAC,Total Actual Hourly Integrated Load,SYS_FCST_ACT_MW,3.2,11321,ACTUAL,455
2019-12-28T05:00:00-00:00,2019-12-28T06:00:00-00:00,0,2019-12-27,22,0,ACTUAL,SCL,Total Actual Hourly Integrated Load,SYS_FCST_ACT_MW,3.8,1242,ACTUAL,456
2019-12-27T22:00:00-00:00,2019-12-27T23:00:00-00:00,0,2019-12-27,15,0,ACTUAL,SCL,Total Actual Hourly Integrated Load,SYS_FCST_ACT_MW,3.8,1404,ACTUAL,456
2019-12-28T06:00:00-00:00,2019-12-28T07:00:00-00:00,0,2019-12-27,23,0,ACTUAL,SCL,Total Actual Hourly Integrated Load,SYS_FCST_ACT_MW,3.8,1170,ACTUAL,456
2019-12-27T13:00:00-00:00,2019-12-27T14:00:00-00:00,0,2019-12-27,6,0,ACTUAL,SCL,Total Actual Hourly Integrated Load,SYS_FCST_ACT_MW,3.8,1178,ACTUAL,456
2019-12-27T10:00:00-00:00,2019-12-27T11:00:00-00:00,0,2019-12-27,3,0,ACTUAL,SCL,Total Actual Hourly Integrated Load,SYS_FCST_ACT_MW,3.8,1028,ACTUAL,456
2019-12-28T03:00:00-00:00,2019-12-28T04:00:00-00:00,0,2019-12-27,20,0,ACTUAL,SCL,Total Actual Hourly Integrated Load,SYS_FCST_ACT_MW,3.8,1349,ACTUAL,456
2019-12-27T09:00:00-00:00,2019-12-27T10:00:00-00:00,0,2019-12-27,2,0,ACTUAL,SCL,Total Actual Hourly Integrated Load,SYS_FCST_ACT_MW,3.8,1043,ACTUAL,456
2019-12-28T04:00:00-00:00,2019-12-28T05:00:00-00:00,0,2019-12-27,21,0,ACTUAL,SCL,Total Actual Hourly Integrated Load,SYS_FCST_ACT_MW,3.8,1302,ACTUAL,456
2019-12-27T14:00:00-00:00,2019-12-27T15:00:00-00:00,0,2019-12-27,7,0,ACTUAL,SCL,Total Actual Hourly Integrated Load,SYS_FCST_ACT_MW,3.8,1298,ACTUAL,456
2019-12-28T07:00:00-00:00,2019-12-28T08:00:00-00:00,0,2019-12-27,24,0,ACTUAL,SCL,Total Actual Hourly Integrated Load,SYS_FCST_ACT_MW,3.8,1096,ACTUAL,456
2019-12-27T23:00:00-00:00,2019-12-28T00:00:00-00:00,0,2019-12-27,16,0,ACTUAL,SCL,Total Actual Hourly Integrated Load,SYS_FCST_ACT_MW,3.8,1406,ACTUAL,456
2019-12-27T21:00:00-00:00,2019-12-27T22:00:00-00:00,0,2019-12-27,14,0,ACTUAL,SCL,Total Actual Hourly Integrated Load,SYS_FCST_ACT_MW,3.8,1420,ACTUAL,456
2019-12-27T08:00:00-00:00,2019-12-27T09:00:00-00:00,0,2019-12-27,1,0,ACTUAL,SCL,Total Actual Hourly Integrated Load,SYS_FCST_ACT_MW,3.8,1079,ACTUAL,456
2019-12-27T15:00:00-00:00,2019-12-27T16:00:00-00:00,0,2019-12-27,8,0,ACTUAL,SCL,Total Actual Hourly Integrated Load,SYS_FCST_ACT_MW,3.8,1381,ACTUAL,456
2019-12-27T12:00:00-00:00,2019-12-27T13:00:00-00:00,0,2019-12-27,5,0,ACTUAL,SCL,Total Actual Hourly Integrated Load,SYS_FCST_ACT_MW,3.8,1080,ACTUAL,456
2019-12-27T18:00:00-00:00,2019-12-27T19:00:00-00:00,0,2019-12-27,11,0,ACTUAL,SCL,Total Actual Hourly Integrated Load,SYS_FCST_ACT_MW,3.8,1445,ACTUAL,456
2019-12-28T02:00:00-00:00,2019-12-28T03:00:00-00:00,0,2019-12-27,19,0,ACTUAL,SCL,Total Actual Hourly Integrated Load,SYS_FCST_ACT_MW,3.8,1400,ACTUAL,456
2019-12-27T20:00:00-00:00,2019-12-27T21:00:00-00:00,0,2019-12-27,13,0,ACTUAL,SCL,Total Actual Hourly Integrated Load,SYS_FCST_ACT_MW,3.8,1435,ACTUAL,456
2019-12-27T17:00:00-00:00,2019-12-27T18:00:00-00:00,0,2019-12-27,10,0,ACTUAL,SCL,Total Actual Hourly Integrated Load,SYS_FCST_ACT_MW,3.8,1438,ACTUAL,456
2019-12-27T11:00:00-00:00,2019-12-27T12:00:00-00:00,0,2019-12-27,4,0,ACTUAL,SCL,Total Actual Hourly Integrated Load,SYS_FCST_ACT_MW,3.8,1032,ACTUAL,456
2019-12-28T01:00:00-00:00,2019-12-28T02:00:00-00:00,0,2019-12-27,18,0,ACTUAL,SCL,Total Actual Hourly Integrated Load,SYS_FCST_ACT_MW,3.8,1458,ACTUAL,456
2019-12-28T00:00:00-00:00,2019-12-28T01:00:00-00:00,0,2019-12-27,17,0,ACTUAL,SCL,Total Actual Hourly Integrated Load,SYS_FCST_ACT_MW,3.8,1435,ACTUAL,456
2019-12-27T19:00:00-00:00,2019-12-27T20:00:00-00:00,0,2019-12-27,12,0,ACTUAL,SCL,Total Actual Hourly Integrated Load,SYS_FCST_ACT_MW,3.8,1446,ACTUAL,456
2019-12-27T16:00:00-00:00,2019-12-27T17:00:00-00:00,0,2019-12-27,9,0,ACTUAL,SCL,Total Actual Hourly Integrated Load,SYS_FCST_ACT_MW,3.8,1410,ACTUAL,456
2019-12-28T06:00:00-00:00,2019-12-28T07:00:00-00:00,0,2019-12-27,23,0,ACTUAL,SDGE-TAC,Total Actual Hourly Integrated Load,SYS_FCST_ACT_MW,3.4,2372,ACTUAL,457
2019-12-27T23:00:00-00:00,2019-12-28T00:00:00-00:00,0,2019-12-27,16,0,ACTUAL,SDGE-TAC,Total Actual Hourly Integrated Load,SYS_FCST_ACT_MW,3.4,2176,ACTUAL,457
2019-12-28T00:00:00-00:00,2019-12-28T01:00:00-00:00,0,2019-12-27,17,0,ACTUAL,SDGE-TAC,Total Actual Hourly Integrated Load,SYS_FCST_ACT_MW,3.4,2451,ACTUAL,457
2019-12-28T01:00:00-00:00,2019-12-28T02:00:00-00:00,0,2019-12-27,18,0,ACTUAL,SDGE-TAC,Total Actual Hourly Integrated Load,SYS_FCST_ACT_MW,3.4,2752,ACTUAL,457
2019-12-27T09:00:00-00:00,2019-12-27T10:00:00-00:00,0,2019-12-27,2,0,ACTUAL,SDGE-TAC,Total Actual Hourly Integrated Load,SYS_FCST_ACT_MW,3.4,1995,ACTUAL,457
2019-12-28T04:00:00-00:00,2019-12-28T05:00:00-00:00,0,2019-12-27,21,0,ACTUAL,SDGE-TAC,Total Actual Hourly Integrated Load,SYS_FCST_ACT_MW,3.4,2662,ACTUAL,457
2019-12-28T05:00:00-00:00,2019-12-28T06:00:00-00:00,0,2019-12-27,22,0,ACTUAL,SDGE-TAC,Total Actual Hourly Integrated Load,SYS_FCST_ACT_MW,3.4,2557,ACTUAL,457
2019-12-27T10:00:00-00:00,2019-12-27T11:00:00-00:00,0,2019-12-27,3,0,ACTUAL,SDGE-TAC,Total Actual Hourly Integrated Load,SYS_FCST_ACT_MW,3.4,1942,ACTUAL,457
2019-12-27T19:00:00-00:00,2019-12-27T20:00:00-00:00,0,2019-12-27,12,0,ACTUAL,SDGE-TAC,Total Actual Hourly Integrated Load,SYS_FCST_ACT_MW,3.4,1761,ACTUAL,457
2019-12-28T02:00:00-00:00,2019-12-28T03:00:00-00:00,0,2019-12-27,19,0,ACTUAL,SDGE-TAC,Total Actual Hourly Integrated Load,SYS_FCST_ACT_MW,3.4,2770,ACTUAL,457
2019-12-27T14:00:00-00:00,2019-12-27T15:00:00-00:00,0,2019-12-27,7,0,ACTUAL,SDGE-TAC,Total Actual Hourly Integrated Load,SYS_FCST_ACT_MW,3.4,2297,ACTUAL,457
2019-12-27T17:00:00-00:00,2019-12-27T18:00:00-00:00,0,2019-12-27,10,0,ACTUAL,SDGE-TAC,Total Actual Hourly Integrated Load,SYS_FCST_ACT_MW,3.4,2078,ACTUAL,457
2019-12-27T20:00:00-00:00,2019-12-27T21:00:00-00:00,0,2019-12-27,13,0,ACTUAL,SDGE-TAC,Total Actual Hourly Integrated Load,SYS_FCST_ACT_MW,3.4,1718,ACTUAL,457
2019-12-28T03:00:00-00:00,2019-12-28T04:00:00-00:00,0,2019-12-27,20,0,ACTUAL,SDGE-TAC,Total Actual Hourly Integrated Load,SYS_FCST_ACT_MW,3.4,2722,ACTUAL,457
2019-12-28T07:00:00-00:00,2019-12-28T08:00:00-00:00,0,2019-12-27,24,0,ACTUAL,SDGE-TAC,Total Actual Hourly Integrated Load,SYS_FCST_ACT_MW,3.4,2174,ACTUAL,457
2019-12-27T15:00:00-00:00,2019-12-27T16:00:00-00:00,0,2019-12-27,8,0,ACTUAL,SDGE-TAC,Total Actual Hourly Integrated Load,SYS_FCST_ACT_MW,3.4,2353,ACTUAL,457
2019-12-27T21:00:00-00:00,2019-12-27T22:00:00-00:00,0,2019-12-27,14,0,ACTUAL,SDGE-TAC,Total Actual Hourly Integrated Load,SYS_FCST_ACT_MW,3.4,1761,ACTUAL,457
2019-12-27T22:00:00-00:00,2019-12-27T23:00:00-00:00,0,2019-12-27,15,0,ACTUAL,SDGE-TAC,Total Actual Hourly Integrated Load,SYS_FCST_ACT_MW,3.4,1923,ACTUAL,457
2019-12-27T13:00:00-00:00,2019-12-27T14:00:00-00:00,0,2019-12-27,6,0,ACTUAL,SDGE-TAC,Total Actual Hourly Integrated Load,SYS_FCST_ACT_MW,3.4,2095,ACTUAL,457
2019-12-27T11:00:00-00:00,2019-12-27T12:00:00-00:00,0,2019-12-27,4,0,ACTUAL,SDGE-TAC,Total Actual Hourly Integrated Load,SYS_FCST_ACT_MW,3.4,1923,ACTUAL,457
2019-12-27T08:00:00-00:00,2019-12-27T09:00:00-00:00,0,2019-12-27,1,0,ACTUAL,SDGE-TAC,Total Actual Hourly Integrated Load,SYS_FCST_ACT_MW,3.4,2050,ACTUAL,457
2019-12-27T12:00:00-00:00,2019-12-27T13:00:00-00:00,0,2019-12-27,5,0,ACTUAL,SDGE-TAC,Total Actual Hourly Integrated Load,SYS_FCST_ACT_MW,3.4,1986,ACTUAL,457
2019-12-27T16:00:00-00:00,2019-12-27T17:00:00-00:00,0,2019-12-27,9,0,ACTUAL,SDGE-TAC,Total Actual Hourly Integrated Load,SYS_FCST_ACT_MW,3.4,2238,ACTUAL,457
2019-12-27T18:00:00-00:00,2019-12-27T19:00:00-00:00,0,2019-12-27,11,0,ACTUAL,SDGE-TAC,Total Actual Hourly Integrated Load,SYS_FCST_ACT_MW,3.4,1874,ACTUAL,457
2019-12-28T05:00:00-00:00,2019-12-28T06:00:00-00:00,0,2019-12-27,22,0,ACTUAL,SRP,Total Actual Hourly Integrated Load,SYS_FCST_ACT_MW,3.8,3053,ACTUAL,458
2019-12-27T17:00:00-00:00,2019-12-27T18:00:00-00:00,0,2019-12-27,10,0,ACTUAL,SRP,Total Actual Hourly Integrated Load,SYS_FCST_ACT_MW,3.8,3309,ACTUAL,458
2019-12-27T20:00:00-00:00,2019-12-27T21:00:00-00:00,0,2019-12-27,13,0,ACTUAL,SRP,Total Actual Hourly Integrated Load,SYS_FCST_ACT_MW,3.8,3205,ACTUAL,458
2019-12-27T21:00:00-00:00,2019-12-27T22:00:00-00:00,0,2019-12-27,14,0,ACTUAL,SRP,Total Actual Hourly Integrated Load,SYS_FCST_ACT_MW,3.8,3124,ACTUAL,458
2019-12-27T23:00:00-00:00,2019-12-28T00:00:00-00:00,0,2019-12-27,16,0,ACTUAL,SRP,Total Actual Hourly Integrated Load,SYS_FCST_ACT_MW,3.8,3070,ACTUAL,458
2019-12-27T13:00:00-00:00,2019-12-27T14:00:00-00:00,0,2019-12-27,6,0,ACTUAL,SRP,Total Actual Hourly Integrated Load,SYS_FCST_ACT_MW,3.8,2992,ACTUAL,458
2019-12-27T16:00:00-00:00,2019-12-27T17:00:00-00:00,0,2019-12-27,9,0,ACTUAL,SRP,Total Actual Hourly Integrated Load,SYS_FCST_ACT_MW,3.8,3231,ACTUAL,458
2019-12-28T00:00:00-00:00,2019-12-28T01:00:00-00:00,0,2019-12-27,17,0,ACTUAL,SRP,Total Actual Hourly Integrated Load,SYS_FCST_ACT_MW,3.8,3265,ACTUAL,458
2019-12-27T14:00:00-00:00,2019-12-27T15:00:00-00:00,0,2019-12-27,7,0,ACTUAL,SRP,Total Actual Hourly Integrated Load,SYS_FCST_ACT_MW,3.8,3088,ACTUAL,458
2019-12-28T04:00:00-00:00,2019-12-28T05:00:00-00:00,0,2019-12-27,21,0,ACTUAL,SRP,Total Actual Hourly Integrated Load,SYS_FCST_ACT_MW,3.8,3209,ACTUAL,458
2019-12-28T06:00:00-00:00,2019-12-28T07:00:00-00:00,0,2019-12-27,23,0,ACTUAL,SRP,Total Actual Hourly Integrated Load,SYS_FCST_ACT_MW,3.8,2891,ACTUAL,458
2019-12-28T02:00:00-00:00,2019-12-28T03:00:00-00:00,0,2019-12-27,19,0,ACTUAL,SRP,Total Actual Hourly Integrated Load,SYS_FCST_ACT_MW,3.8,3364,ACTUAL,458
2019-12-27T12:00:00-00:00,2019-12-27T13:00:00-00:00,0,2019-12-27,5,0,ACTUAL,SRP,Total Actual Hourly Integrated Load,SYS_FCST_ACT_MW,3.8,2825,ACTUAL,458
2019-12-27T18:00:00-00:00,2019-12-27T19:00:00-00:00,0,2019-12-27,11,0,ACTUAL,SRP,Total Actual Hourly Integrated Load,SYS_FCST_ACT_MW,3.8,3313,ACTUAL,458
2019-12-27T19:00:00-00:00,2019-12-27T20:00:00-00:00,0,2019-12-27,12,0,ACTUAL,SRP,Total Actual Hourly Integrated Load,SYS_FCST_ACT_MW,3.8,3270,ACTUAL,458
2019-12-27T22:00:00-00:00,2019-12-27T23:00:00-00:00,0,2019-12-27,15,0,ACTUAL,SRP,Total Actual Hourly Integrated Load,SYS_FCST_ACT_MW,3.8,3092,ACTUAL,458
2019-12-28T01:00:00-00:00,2019-12-28T02:00:00-00:00,0,2019-12-27,18,0,ACTUAL,SRP,Total Actual Hourly Integrated Load,SYS_FCST_ACT_MW,3.8,3410,ACTUAL,458
2019-12-28T03:00:00-00:00,2019-12-28T04:00:00-00:00,0,2019-12-27,20,0,ACTUAL,SRP,Total Actual Hourly Integrated Load,SYS_FCST_ACT_MW,3.8,3300,ACTUAL,458
2019-12-28T07:00:00-00:00,2019-12-28T08:00:00-00:00,0,2019-12-27,24,0,ACTUAL,SRP,Total Actual Hourly Integrated Load,SYS_FCST_ACT_MW,3.8,2752,ACTUAL,458
2019-12-27T08:00:00-00:00,2019-12-27T09:00:00-00:00,0,2019-12-27,1,0,ACTUAL,SRP,Total Actual Hourly Integrated Load,SYS_FCST_ACT_MW,3.8,2652,ACTUAL,458
2019-12-27T09:00:00-00:00,2019-12-27T10:00:00-00:00,0,2019-12-27,2,0,ACTUAL,SRP,Total Actual Hourly Integrated Load,SYS_FCST_ACT_MW,3.8,2591,ACTUAL,458
2019-12-27T10:00:00-00:00,2019-12-27T11:00:00-00:00,0,2019-12-27,3,0,ACTUAL,SRP,Total Actual Hourly Integrated Load,SYS_FCST_ACT_MW,3.8,2581,ACTUAL,458
2019-12-27T15:00:00-00:00,2019-12-27T16:00:00-00:00,0,2019-12-27,8,0,ACTUAL,SRP,Total Actual Hourly Integrated Load,SYS_FCST_ACT_MW,3.8,3162,ACTUAL,458
2019-12-27T11:00:00-00:00,2019-12-27T12:00:00-00:00,0,2019-12-27,4,0,ACTUAL,SRP,Total Actual Hourly Integrated Load,SYS_FCST_ACT_MW,3.8,2661,ACTUAL,458
2019-12-27T23:00:00-00:00,2019-12-28T00:00:00-00:00,0,2019-12-27,16,0,ACTUAL,VEA-TAC,Total Actual Hourly Integrated Load,SYS_FCST_ACT_MW,3.5,72,ACTUAL,459
2019-12-27T10:00:00-00:00,2019-12-27T11:00:00-00:00,0,2019-12-27,3,0,ACTUAL,VEA-TAC,Total Actual Hourly Integrated Load,SYS_FCST_ACT_MW,3.5,78,ACTUAL,459
2019-12-27T11:00:00-00:00,2019-12-27T12:00:00-00:00,0,2019-12-27,4,0,ACTUAL,VEA-TAC,Total Actual Hourly Integrated Load,SYS_FCST_ACT_MW,3.5,81,ACTUAL,459
2019-12-28T02:00:00-00:00,2019-12-28T03:00:00-00:00,0,2019-12-27,19,0,ACTUAL,VEA-TAC,Total Actual Hourly Integrated Load,SYS_FCST_ACT_MW,3.5,93,ACTUAL,459
2019-12-28T04:00:00-00:00,2019-12-28T05:00:00-00:00,0,2019-12-27,21,0,ACTUAL,VEA-TAC,Total Actual Hourly Integrated Load,SYS_FCST_ACT_MW,3.5,93,ACTUAL,459
2019-12-27T13:00:00-00:00,2019-12-27T14:00:00-00:00,0,2019-12-27,6,0,ACTUAL,VEA-TAC,Total Actual Hourly Integrated Load,SYS_FCST_ACT_MW,3.5,91,ACTUAL,459
2019-12-27T14:00:00-00:00,2019-12-27T15:00:00-00:00,0,2019-12-27,7,0,ACTUAL,VEA-TAC,Total Actual Hourly Integrated Load,SYS_FCST_ACT_MW,3.5,97,ACTUAL,459
2019-12-27T17:00:00-00:00,2019-12-27T18:00:00-00:00,0,2019-12-27,10,0,ACTUAL,VEA-TAC,Total Actual Hourly Integrated Load,SYS_FCST_ACT_MW,3.5,84,ACTUAL,459
2019-12-27T21:00:00-00:00,2019-12-27T22:00:00-00:00,0,2019-12-27,14,0,ACTUAL,VEA-TAC,Total Actual Hourly Integrated Load,SYS_FCST_ACT_MW,3.5,70,ACTUAL,459
2019-12-28T03:00:00-00:00,2019-12-28T04:00:00-00:00,0,2019-12-27,20,0,ACTUAL,VEA-TAC,Total Actual Hourly Integrated Load,SYS_FCST_ACT_MW,3.5,94,ACTUAL,459
2019-12-28T06:00:00-00:00,2019-12-28T07:00:00-00:00,0,2019-12-27,23,0,ACTUAL,VEA-TAC,Total Actual Hourly Integrated Load,SYS_FCST_ACT_MW,3.5,88,ACTUAL,459
2019-12-27T22:00:00-00:00,2019-12-27T23:00:00-00:00,0,2019-12-27,15,0,ACTUAL,VEA-TAC,Total Actual Hourly Integrated Load,SYS_FCST_ACT_MW,3.5,69,ACTUAL,459
2019-12-28T05:00:00-00:00,2019-12-28T06:00:00-00:00,0,2019-12-27,22,0,ACTUAL,VEA-TAC,Total Actual Hourly Integrated Load,SYS_FCST_ACT_MW,3.5,91,ACTUAL,459
2019-12-27T08:00:00-00:00,2019-12-27T09:00:00-00:00,0,2019-12-27,1,0,ACTUAL,VEA-TAC,Total Actual Hourly Integrated Load,SYS_FCST_ACT_MW,3.5,76,ACTUAL,459
2019-12-27T19:00:00-00:00,2019-12-27T20:00:00-00:00,0,2019-12-27,12,0,ACTUAL,VEA-TAC,Total Actual Hourly Integrated Load,SYS_FCST_ACT_MW,3.5,75,ACTUAL,459
2019-12-27T12:00:00-00:00,2019-12-27T13:00:00-00:00,0,2019-12-27,5,0,ACTUAL,VEA-TAC,Total Actual Hourly Integrated Load,SYS_FCST_ACT_MW,3.5,85,ACTUAL,459
2019-12-27T15:00:00-00:00,2019-12-27T16:00:00-00:00,0,2019-12-27,8,0,ACTUAL,VEA-TAC,Total Actual Hourly Integrated Load,SYS_FCST_ACT_MW,3.5,99,ACTUAL,459
2019-12-27T18:00:00-00:00,2019-12-27T19:00:00-00:00,0,2019-12-27,11,0,ACTUAL,VEA-TAC,Total Actual Hourly Integrated Load,SYS_FCST_ACT_MW,3.5,80,ACTUAL,459
2019-12-27T20:00:00-00:00,2019-12-27T21:00:00-00:00,0,2019-12-27,13,0,ACTUAL,VEA-TAC,Total Actual Hourly Integrated Load,SYS_FCST_ACT_MW,3.5,71,ACTUAL,459
2019-12-28T01:00:00-00:00,2019-12-28T02:00:00-00:00,0,2019-12-27,18,0,ACTUAL,VEA-TAC,Total Actual Hourly Integrated Load,SYS_FCST_ACT_MW,3.5,91,ACTUAL,459
2019-12-27T16:00:00-00:00,2019-12-27T17:00:00-00:00,0,2019-12-27,9,0,ACTUAL,VEA-TAC,Total Actual Hourly Integrated Load,SYS_FCST_ACT_MW,3.5,91,ACTUAL,459
2019-12-28T00:00:00-00:00,2019-12-28T01:00:00-00:00,0,2019-12-27,17,0,ACTUAL,VEA-TAC,Total Actual Hourly Integrated Load,SYS_FCST_ACT_MW,3.5,82,ACTUAL,459
2019-12-28T07:00:00-00:00,2019-12-28T08:00:00-00:00,0,2019-12-27,24,0,ACTUAL,VEA-TAC,Total Actual Hourly Integrated Load,SYS_FCST_ACT_MW,3.5,86,ACTUAL,459
2019-12-27T09:00:00-00:00,2019-12-27T10:00:00-00:00,0,2019-12-27,2,0,ACTUAL,VEA-TAC,Total Actual Hourly Integrated Load,SYS_FCST_ACT_MW,3.5,76,ACTUAL,459
2019-12-28T08:00:00-00:00,2019-12-28T09:00:00-00:00,0,2019-12-28,1,0,ACTUAL,AZPS,Total Actual Hourly Integrated Load,SYS_FCST_ACT_MW,3.8,2947,ACTUAL,460
2019-12-29T04:00:00-00:00,2019-12-29T05:00:00-00:00,0,2019-12-28,21,0,ACTUAL,AZPS,Total Actual Hourly Integrated Load,SYS_FCST_ACT_MW,3.8,3583,ACTUAL,460
2019-12-28T20:00:00-00:00,2019-12-28T21:00:00-00:00,0,2019-12-28,13,0,ACTUAL,AZPS,Total Actual Hourly Integrated Load,SYS_FCST_ACT_MW,3.8,2680,ACTUAL,460
2019-12-29T03:00:00-00:00,2019-12-29T04:00:00-00:00,0,2019-12-28,20,0,ACTUAL,AZPS,Total Actual Hourly Integrated Load,SYS_FCST_ACT_MW,3.8,3633,ACTUAL,460
2019-12-29T07:00:00-00:00,2019-12-29T08:00:00-00:00,0,2019-12-28,24,0,ACTUAL,AZPS,Total Actual Hourly Integrated Load,SYS_FCST_ACT_MW,3.8,3254,ACTUAL,460
2019-12-28T13:00:00-00:00,2019-12-28T14:00:00-00:00,0,2019-12-28,6,0,ACTUAL,AZPS,Total Actual Hourly Integrated Load,SYS_FCST_ACT_MW,3.8,3224,ACTUAL,460
2019-12-28T14:00:00-00:00,2019-12-28T15:00:00-00:00,0,2019-12-28,7,0,ACTUAL,AZPS,Total Actual Hourly Integrated Load,SYS_FCST_ACT_MW,3.8,3402,ACTUAL,460
2019-12-28T16:00:00-00:00,2019-12-28T17:00:00-00:00,0,2019-12-28,9,0,ACTUAL,AZPS,Total Actual Hourly Integrated Load,SYS_FCST_ACT_MW,3.8,3174,ACTUAL,460
2019-12-28T12:00:00-00:00,2019-12-28T13:00:00-00:00,0,2019-12-28,5,0,ACTUAL,AZPS,Total Actual Hourly Integrated Load,SYS_FCST_ACT_MW,3.8,3036,ACTUAL,460
2019-12-28T15:00:00-00:00,2019-12-28T16:00:00-00:00,0,2019-12-28,8,0,ACTUAL,AZPS,Total Actual Hourly Integrated Load,SYS_FCST_ACT_MW,3.8,3383,ACTUAL,460
2019-12-29T02:00:00-00:00,2019-12-29T03:00:00-00:00,0,2019-12-28,19,0,ACTUAL,AZPS,Total Actual Hourly Integrated Load,SYS_FCST_ACT_MW,3.8,3627,ACTUAL,460
2019-12-28T17:00:00-00:00,2019-12-28T18:00:00-00:00,0,2019-12-28,10,0,ACTUAL,AZPS,Total Actual Hourly Integrated Load,SYS_FCST_ACT_MW,3.8,2961,ACTUAL,460
2019-12-28T23:00:00-00:00,2019-12-29T00:00:00-00:00,0,2019-12-28,16,0,ACTUAL,AZPS,Total Actual Hourly Integrated Load,SYS_FCST_ACT_MW,3.8,3029,ACTUAL,460
2019-12-29T01:00:00-00:00,2019-12-29T02:00:00-00:00,0,2019-12-28,18,0,ACTUAL,AZPS,Total Actual Hourly Integrated Load,SYS_FCST_ACT_MW,3.8,3637,ACTUAL,460
2019-12-29T05:00:00-00:00,2019-12-29T06:00:00-00:00,0,2019-12-28,22,0,ACTUAL,AZPS,Total Actual Hourly Integrated Load,SYS_FCST_ACT_MW,3.8,3470,ACTUAL,460
2019-12-29T06:00:00-00:00,2019-12-29T07:00:00-00:00,0,2019-12-28,23,0,ACTUAL,AZPS,Total Actual Hourly Integrated Load,SYS_FCST_ACT_MW,3.8,3338,ACTUAL,460
2019-12-28T10:00:00-00:00,2019-12-28T11:00:00-00:00,0,2019-12-28,3,0,ACTUAL,AZPS,Total Actual Hourly Integrated Load,SYS_FCST_ACT_MW,3.8,2891,ACTUAL,460
2019-12-28T11:00:00-00:00,2019-12-28T12:00:00-00:00,0,2019-12-28,4,0,ACTUAL,AZPS,Total Actual Hourly Integrated Load,SYS_FCST_ACT_MW,3.8,2936,ACTUAL,460
2019-12-28T18:00:00-00:00,2019-12-28T19:00:00-00:00,0,2019-12-28,11,0,ACTUAL,AZPS,Total Actual Hourly Integrated Load,SYS_FCST_ACT_MW,3.8,2792,ACTUAL,460
2019-12-28T21:00:00-00:00,2019-12-28T22:00:00-00:00,0,2019-12-28,14,0,ACTUAL,AZPS,Total Actual Hourly Integrated Load,SYS_FCST_ACT_MW,3.8,2710,ACTUAL,460
2019-12-28T09:00:00-00:00,2019-12-28T10:00:00-00:00,0,2019-12-28,2,0,ACTUAL,AZPS,Total Actual Hourly Integrated Load,SYS_FCST_ACT_MW,3.8,2919,ACTUAL,460
2019-12-28T19:00:00-00:00,2019-12-28T20:00:00-00:00,0,2019-12-28,12,0,ACTUAL,AZPS,Total Actual Hourly Integrated Load,SYS_FCST_ACT_MW,3.8,2700,ACTUAL,460
2019-12-29T00:00:00-00:00,2019-12-29T01:00:00-00:00,0,2019-12-28,17,0,ACTUAL,AZPS,Total Actual Hourly Integrated Load,SYS_FCST_ACT_MW,3.8,3424,ACTUAL,460
2019-12-28T22:00:00-00:00,2019-12-28T23:00:00-00:00,0,2019-12-28,15,0,ACTUAL,AZPS,Total Actual Hourly Integrated Load,SYS_FCST_ACT_MW,3.8,2809,ACTUAL,460
2019-12-28T20:00:00-00:00,2019-12-28T21:00:00-00:00,0,2019-12-28,13,0,ACTUAL,BANCSMUD,Total Actual Hourly Integrated Load,SYS_FCST_ACT_MW,3.8,1150,ACTUAL,461
2019-12-28T22:00:00-00:00,2019-12-28T23:00:00-00:00,0,2019-12-28,15,0,ACTUAL,BANCSMUD,Total Actual Hourly Integrated Load,SYS_FCST_ACT_MW,3.8,1107,ACTUAL,461
2019-12-28T10:00:00-00:00,2019-12-28T11:00:00-00:00,0,2019-12-28,3,0,ACTUAL,BANCSMUD,Total Actual Hourly Integrated Load,SYS_FCST_ACT_MW,3.8,1032,ACTUAL,461
2019-12-28T09:00:00-00:00,2019-12-28T10:00:00-00:00,0,2019-12-28,2,0,ACTUAL,BANCSMUD,Total Actual Hourly Integrated Load,SYS_FCST_ACT_MW,3.8,1050,ACTUAL,461
2019-12-29T04:00:00-00:00,2019-12-29T05:00:00-00:00,0,2019-12-28,21,0,ACTUAL,BANCSMUD,Total Actual Hourly Integrated Load,SYS_FCST_ACT_MW,3.8,1285,ACTUAL,461
2019-12-28T23:00:00-00:00,2019-12-29T00:00:00-00:00,0,2019-12-28,16,0,ACTUAL,BANCSMUD,Total Actual Hourly Integrated Load,SYS_FCST_ACT_MW,3.8,1126,ACTUAL,461
2019-12-29T05:00:00-00:00,2019-12-29T06:00:00-00:00,0,2019-12-28,22,0,ACTUAL,BANCSMUD,Total Actual Hourly Integrated Load,SYS_FCST_ACT_MW,3.8,1246,ACTUAL,461
2019-12-29T01:00:00-00:00,2019-12-29T02:00:00-00:00,0,2019-12-28,18,0,ACTUAL,BANCSMUD,Total Actual Hourly Integrated Load,SYS_FCST_ACT_MW,3.8,1310,ACTUAL,461
2019-12-28T15:00:00-00:00,2019-12-28T16:00:00-00:00,0,2019-12-28,8,0,ACTUAL,BANCSMUD,Total Actual Hourly Integrated Load,SYS_FCST_ACT_MW,3.8,1239,ACTUAL,461
2019-12-29T00:00:00-00:00,2019-12-29T01:00:00-00:00,0,2019-12-28,17,0,ACTUAL,BANCSMUD,Total Actual Hourly Integrated Load,SYS_FCST_ACT_MW,3.8,1197,ACTUAL,461
2019-12-28T17:00:00-00:00,2019-12-28T18:00:00-00:00,0,2019-12-28,10,0,ACTUAL,BANCSMUD,Total Actual Hourly Integrated Load,SYS_FCST_ACT_MW,3.8,1264,ACTUAL,461
2019-12-28T14:00:00-00:00,2019-12-28T15:00:00-00:00,0,2019-12-28,7,0,ACTUAL,BANCSMUD,Total Actual Hourly Integrated Load,SYS_FCST_ACT_MW,3.8,1177,ACTUAL,461
2019-12-29T07:00:00-00:00,2019-12-29T08:00:00-00:00,0,2019-12-28,24,0,ACTUAL,BANCSMUD,Total Actual Hourly Integrated Load,SYS_FCST_ACT_MW,3.8,1100,ACTUAL,461
2019-12-28T08:00:00-00:00,2019-12-28T09:00:00-00:00,0,2019-12-28,1,0,ACTUAL,BANCSMUD,Total Actual Hourly Integrated Load,SYS_FCST_ACT_MW,3.8,1090,ACTUAL,461
2019-12-29T06:00:00-00:00,2019-12-29T07:00:00-00:00,0,2019-12-28,23,0,ACTUAL,BANCSMUD,Total Actual Hourly Integrated Load,SYS_FCST_ACT_MW,3.8,1178,ACTUAL,461
2019-12-28T21:00:00-00:00,2019-12-28T22:00:00-00:00,0,2019-12-28,14,0,ACTUAL,BANCSMUD,Total Actual Hourly Integrated Load,SYS_FCST_ACT_MW,3.8,1120,ACTUAL,461
2019-12-29T03:00:00-00:00,2019-12-29T04:00:00-00:00,0,2019-12-28,20,0,ACTUAL,BANCSMUD,Total Actual Hourly Integrated Load,SYS_FCST_ACT_MW,3.8,1304,ACTUAL,461
2019-12-28T19:00:00-00:00,2019-12-28T20:00:00-00:00,0,2019-12-28,12,0,ACTUAL,BANCSMUD,Total Actual Hourly Integrated Load,SYS_FCST_ACT_MW,3.8,1192,ACTUAL,461
2019-12-28T16:00:00-00:00,2019-12-28T17:00:00-00:00,0,2019-12-28,9,0,ACTUAL,BANCSMUD,Total Actual Hourly Integrated Load,SYS_FCST_ACT_MW,3.8,1271,ACTUAL,461
2019-12-28T13:00:00-00:00,2019-12-28T14:00:00-00:00,0,2019-12-28,6,0,ACTUAL,BANCSMUD,Total Actual Hourly Integrated Load,SYS_FCST_ACT_MW,3.8,1108,ACTUAL,461
2019-12-28T12:00:00-00:00,2019-12-28T13:00:00-00:00,0,2019-12-28,5,0,ACTUAL,BANCSMUD,Total Actual Hourly Integrated Load,SYS_FCST_ACT_MW,3.8,1057,ACTUAL,461
2019-12-29T02:00:00-00:00,2019-12-29T03:00:00-00:00,0,2019-12-28,19,0,ACTUAL,BANCSMUD,Total Actual Hourly Integrated Load,SYS_FCST_ACT_MW,3.8,1317,ACTUAL,461
2019-12-28T18:00:00-00:00,2019-12-28T19:00:00-00:00,0,2019-12-28,11,0,ACTUAL,BANCSMUD,Total Actual Hourly Integrated Load,SYS_FCST_ACT_MW,3.8,1232,ACTUAL,461
2019-12-28T11:00:00-00:00,2019-12-28T12:00:00-00:00,0,2019-12-28,4,0,ACTUAL,BANCSMUD,Total Actual Hourly Integrated Load,SYS_FCST_ACT_MW,3.8,1031,ACTUAL,461
2019-12-28T16:00:00-00:00,2019-12-28T17:00:00-00:00,0,2019-12-28,9,0,ACTUAL,BCHA,Total Actual Hourly Integrated Load,SYS_FCST_ACT_MW,3.8,7979,ACTUAL,462
2019-12-28T14:00:00-00:00,2019-12-28T15:00:00-00:00,0,2019-12-28,7,0,ACTUAL,BCHA,Total Actual Hourly Integrated Load,SYS_FCST_ACT_MW,3.8,7219,ACTUAL,462
2019-12-29T06:00:00-00:00,2019-12-29T07:00:00-00:00,0,2019-12-28,23,0,ACTUAL,BCHA,Total Actual Hourly Integrated Load,SYS_FCST_ACT_MW,3.8,7621,ACTUAL,462
2019-12-29T01:00:00-00:00,2019-12-29T02:00:00-00:00,0,2019-12-28,18,0,ACTUAL,BCHA,Total Actual Hourly Integrated Load,SYS_FCST_ACT_MW,3.8,8981,ACTUAL,462
2019-12-29T00:00:00-00:00,2019-12-29T01:00:00-00:00,0,2019-12-28,17,0,ACTUAL,BCHA,Total Actual Hourly Integrated Load,SYS_FCST_ACT_MW,3.8,8836,ACTUAL,462
2019-12-28T18:00:00-00:00,2019-12-28T19:00:00-00:00,0,2019-12-28,11,0,ACTUAL,BCHA,Total Actual Hourly Integrated Load,SYS_FCST_ACT_MW,3.8,8404,ACTUAL,462
2019-12-28T12:00:00-00:00,2019-12-28T13:00:00-00:00,0,2019-12-28,5,0,ACTUAL,BCHA,Total Actual Hourly Integrated Load,SYS_FCST_ACT_MW,3.8,6768,ACTUAL,462
2019-12-29T05:00:00-00:00,2019-12-29T06:00:00-00:00,0,2019-12-28,22,0,ACTUAL,BCHA,Total Actual Hourly Integrated Load,SYS_FCST_ACT_MW,3.8,8039,ACTUAL,462
2019-12-28T15:00:00-00:00,2019-12-28T16:00:00-00:00,0,2019-12-28,8,0,ACTUAL,BCHA,Total Actual Hourly Integrated Load,SYS_FCST_ACT_MW,3.8,7608,ACTUAL,462
2019-12-28T11:00:00-00:00,2019-12-28T12:00:00-00:00,0,2019-12-28,4,0,ACTUAL,BCHA,Total Actual Hourly Integrated Load,SYS_FCST_ACT_MW,3.8,6729,ACTUAL,462
2019-12-28T09:00:00-00:00,2019-12-28T10:00:00-00:00,0,2019-12-28,2,0,ACTUAL,BCHA,Total Actual Hourly Integrated Load,SYS_FCST_ACT_MW,3.8,6874,ACTUAL,462
2019-12-28T08:00:00-00:00,2019-12-28T09:00:00-00:00,0,2019-12-28,1,0,ACTUAL,BCHA,Total Actual Hourly Integrated Load,SYS_FCST_ACT_MW,3.8,7064,ACTUAL,462
2019-12-28T23:00:00-00:00,2019-12-29T00:00:00-00:00,0,2019-12-28,16,0,ACTUAL,BCHA,Total Actual Hourly Integrated Load,SYS_FCST_ACT_MW,3.8,8449,ACTUAL,462
2019-12-28T22:00:00-00:00,2019-12-28T23:00:00-00:00,0,2019-12-28,15,0,ACTUAL,BCHA,Total Actual Hourly Integrated Load,SYS_FCST_ACT_MW,3.8,8321,ACTUAL,462
2019-12-28T21:00:00-00:00,2019-12-28T22:00:00-00:00,0,2019-12-28,14,0,ACTUAL,BCHA,Total Actual Hourly Integrated Load,SYS_FCST_ACT_MW,3.8,8358,ACTUAL,462
2019-12-28T17:00:00-00:00,2019-12-28T18:00:00-00:00,0,2019-12-28,10,0,ACTUAL,BCHA,Total Actual Hourly Integrated Load,SYS_FCST_ACT_MW,3.8,8225,ACTUAL,462
2019-12-28T19:00:00-00:00,2019-12-28T20:00:00-00:00,0,2019-12-28,12,0,ACTUAL,BCHA,Total Actual Hourly Integrated Load,SYS_FCST_ACT_MW,3.8,8464,ACTUAL,462
2019-12-29T02:00:00-00:00,2019-12-29T03:00:00-00:00,0,2019-12-28,19,0,ACTUAL,BCHA,Total Actual Hourly Integrated Load,SYS_FCST_ACT_MW,3.8,8818,ACTUAL,462
2019-12-28T20:00:00-00:00,2019-12-28T21:00:00-00:00,0,2019-12-28,13,0,ACTUAL,BCHA,Total Actual Hourly Integrated Load,SYS_FCST_ACT_MW,3.8,8418,ACTUAL,462
2019-12-29T04:00:00-00:00,2019-12-29T05:00:00-00:00,0,2019-12-28,21,0,ACTUAL,BCHA,Total Actual Hourly Integrated Load,SYS_FCST_ACT_MW,3.8,8322,ACTUAL,462
2019-12-29T03:00:00-00:00,2019-12-29T04:00:00-00:00,0,2019-12-28,20,0,ACTUAL,BCHA,Total Actual Hourly Integrated Load,SYS_FCST_ACT_MW,3.8,8554,ACTUAL,462
2019-12-28T13:00:00-00:00,2019-12-28T14:00:00-00:00,0,2019-12-28,6,0,ACTUAL,BCHA,Total Actual Hourly Integrated Load,SYS_FCST_ACT_MW,3.8,6922,ACTUAL,462
2019-12-28T10:00:00-00:00,2019-12-28T11:00:00-00:00,0,2019-12-28,3,0,ACTUAL,BCHA,Total Actual Hourly Integrated Load,SYS_FCST_ACT_MW,3.8,6776,ACTUAL,462
2019-12-29T07:00:00-00:00,2019-12-29T08:00:00-00:00,0,2019-12-28,24,0,ACTUAL,BCHA,Total Actual Hourly Integrated Load,SYS_FCST_ACT_MW,3.8,7238,ACTUAL,462
2019-12-28T13:00:00-00:00,2019-12-28T14:00:00-00:00,0,2019-12-28,6,0,ACTUAL,CA ISO-TAC,Total Actual Hourly Integrated Load,SYS_FCST_ACT_MW,3,21737,ACTUAL,463
2019-12-29T06:00:00-00:00,2019-12-29T07:00:00-00:00,0,2019-12-28,23,0,ACTUAL,CA ISO-TAC,Total Actual Hourly Integrated Load,SYS_FCST_ACT_MW,3,24336,ACTUAL,463
2019-12-28T11:00:00-00:00,2019-12-28T12:00:00-00:00,0,2019-12-28,4,0,ACTUAL,CA ISO-TAC,Total Actual Hourly Integrated Load,SYS_FCST_ACT_MW,3,20831,ACTUAL,463
2019-12-28T14:00:00-00:00,2019-12-28T15:00:00-00:00,0,2019-12-28,7,0,ACTUAL,CA ISO-TAC,Total Actual Hourly Integrated Load,SYS_FCST_ACT_MW,3,22798,ACTUAL,463
2019-12-28T15:00:00-00:00,2019-12-28T16:00:00-00:00,0,2019-12-28,8,0,ACTUAL,CA ISO-TAC,Total Actual Hourly Integrated Load,SYS_FCST_ACT_MW,3,23305,ACTUAL,463
2019-12-28T17:00:00-00:00,2019-12-28T18:00:00-00:00,0,2019-12-28,10,0,ACTUAL,CA ISO-TAC,Total Actual Hourly Integrated Load,SYS_FCST_ACT_MW,3,22149,ACTUAL,463
2019-12-28T23:00:00-00:00,2019-12-29T00:00:00-00:00,0,2019-12-28,16,0,ACTUAL,CA ISO-TAC,Total Actual Hourly Integrated Load,SYS_FCST_ACT_MW,3,21862,ACTUAL,463
2019-12-29T02:00:00-00:00,2019-12-29T03:00:00-00:00,0,2019-12-28,19,0,ACTUAL,CA ISO-TAC,Total Actual Hourly Integrated Load,SYS_FCST_ACT_MW,3,27091,ACTUAL,463
2019-12-28T10:00:00-00:00,2019-12-28T11:00:00-00:00,0,2019-12-28,3,0,ACTUAL,CA ISO-TAC,Total Actual Hourly Integrated Load,SYS_FCST_ACT_MW,3,21009,ACTUAL,463
2019-12-29T00:00:00-00:00,2019-12-29T01:00:00-00:00,0,2019-12-28,17,0,ACTUAL,CA ISO-TAC,Total Actual Hourly Integrated Load,SYS_FCST_ACT_MW,3,23909,ACTUAL,463
2019-12-29T01:00:00-00:00,2019-12-29T02:00:00-00:00,0,2019-12-28,18,0,ACTUAL,CA ISO-TAC,Total Actual Hourly Integrated Load,SYS_FCST_ACT_MW,3,26702,ACTUAL,463
2019-12-29T03:00:00-00:00,2019-12-29T04:00:00-00:00,0,2019-12-28,20,0,ACTUAL,CA ISO-TAC,Total Actual Hourly Integrated Load,SYS_FCST_ACT_MW,3,26874,ACTUAL,463
2019-12-28T09:00:00-00:00,2019-12-28T10:00:00-00:00,0,2019-12-28,2,0,ACTUAL,CA ISO-TAC,Total Actual Hourly Integrated Load,SYS_FCST_ACT_MW,3,21567,ACTUAL,463
2019-12-28T22:00:00-00:00,2019-12-28T23:00:00-00:00,0,2019-12-28,15,0,ACTUAL,CA ISO-TAC,Total Actual Hourly Integrated Load,SYS_FCST_ACT_MW,3,20931,ACTUAL,463
2019-12-29T05:00:00-00:00,2019-12-29T06:00:00-00:00,0,2019-12-28,22,0,ACTUAL,CA ISO-TAC,Total Actual Hourly Integrated Load,SYS_FCST_ACT_MW,3,25674,ACTUAL,463
2019-12-29T04:00:00-00:00,2019-12-29T05:00:00-00:00,0,2019-12-28,21,0,ACTUAL,CA ISO-TAC,Total Actual Hourly Integrated Load,SYS_FCST_ACT_MW,3,26456,ACTUAL,463
2019-12-29T07:00:00-00:00,2019-12-29T08:00:00-00:00,0,2019-12-28,24,0,ACTUAL,CA ISO-TAC,Total Actual Hourly Integrated Load,SYS_FCST_ACT_MW,3,22886,ACTUAL,463
2019-12-28T12:00:00-00:00,2019-12-28T13:00:00-00:00,0,2019-12-28,5,0,ACTUAL,CA ISO-TAC,Total Actual Hourly Integrated Load,SYS_FCST_ACT_MW,3,21017,ACTUAL,463
2019-12-28T16:00:00-00:00,2019-12-28T17:00:00-00:00,0,2019-12-28,9,0,ACTUAL,CA ISO-TAC,Total Actual Hourly Integrated Load,SYS_FCST_ACT_MW,3,23014,ACTUAL,463
2019-12-28T18:00:00-00:00,2019-12-28T19:00:00-00:00,0,2019-12-28,11,0,ACTUAL,CA ISO-TAC,Total Actual Hourly Integrated Load,SYS_FCST_ACT_MW,3,21442,ACTUAL,463
2019-12-28T19:00:00-00:00,2019-12-28T20:00:00-00:00,0,2019-12-28,12,0,ACTUAL,CA ISO-TAC,Total Actual Hourly Integrated Load,SYS_FCST_ACT_MW,3,20928,ACTUAL,463
2019-12-28T21:00:00-00:00,2019-12-28T22:00:00-00:00,0,2019-12-28,14,0,ACTUAL,CA ISO-TAC,Total Actual Hourly Integrated Load,SYS_FCST_ACT_MW,3,20430,ACTUAL,463
2019-12-28T08:00:00-00:00,2019-12-28T09:00:00-00:00,0,2019-12-28,1,0,ACTUAL,CA ISO-TAC,Total Actual Hourly Integrated Load,SYS_FCST_ACT_MW,3,22393,ACTUAL,463
2019-12-28T20:00:00-00:00,2019-12-28T21:00:00-00:00,0,2019-12-28,13,0,ACTUAL,CA ISO-TAC,Total Actual Hourly Integrated Load,SYS_FCST_ACT_MW,3,20477,ACTUAL,463
2019-12-28T16:00:00-00:00,2019-12-28T17:00:00-00:00,0,2019-12-28,9,0,ACTUAL,IPCO,Total Actual Hourly Integrated Load,SYS_FCST_ACT_MW,3.8,2146,ACTUAL,464
2019-12-28T22:00:00-00:00,2019-12-28T23:00:00-00:00,0,2019-12-28,15,0,ACTUAL,IPCO,Total Actual Hourly Integrated Load,SYS_FCST_ACT_MW,3.8,1887,ACTUAL,464
2019-12-28T23:00:00-00:00,2019-12-29T00:00:00-00:00,0,2019-12-28,16,0,ACTUAL,IPCO,Total Actual Hourly Integrated Load,SYS_FCST_ACT_MW,3.8,1942,ACTUAL,464
2019-12-29T03:00:00-00:00,2019-12-29T04:00:00-00:00,0,2019-12-28,20,0,ACTUAL,IPCO,Total Actual Hourly Integrated Load,SYS_FCST_ACT_MW,3.8,2082,ACTUAL,464
2019-12-29T05:00:00-00:00,2019-12-29T06:00:00-00:00,0,2019-12-28,22,0,ACTUAL,IPCO,Total Actual Hourly Integrated Load,SYS_FCST_ACT_MW,3.8,1932,ACTUAL,464
2019-12-29T07:00:00-00:00,2019-12-29T08:00:00-00:00,0,2019-12-28,24,0,ACTUAL,IPCO,Total Actual Hourly Integrated Load,SYS_FCST_ACT_MW,3.8,1776,ACTUAL,464
2019-12-28T08:00:00-00:00,2019-12-28T09:00:00-00:00,0,2019-12-28,1,0,ACTUAL,IPCO,Total Actual Hourly Integrated Load,SYS_FCST_ACT_MW,3.8,1811,ACTUAL,464
2019-12-28T10:00:00-00:00,2019-12-28T11:00:00-00:00,0,2019-12-28,3,0,ACTUAL,IPCO,Total Actual Hourly Integrated Load,SYS_FCST_ACT_MW,3.8,1795,ACTUAL,464
2019-12-28T12:00:00-00:00,2019-12-28T13:00:00-00:00,0,2019-12-28,5,0,ACTUAL,IPCO,Total Actual Hourly Integrated Load,SYS_FCST_ACT_MW,3.8,1872,ACTUAL,464
2019-12-28T15:00:00-00:00,2019-12-28T16:00:00-00:00,0,2019-12-28,8,0,ACTUAL,IPCO,Total Actual Hourly Integrated Load,SYS_FCST_ACT_MW,3.8,2114,ACTUAL,464
2019-12-28T18:00:00-00:00,2019-12-28T19:00:00-00:00,0,2019-12-28,11,0,ACTUAL,IPCO,Total Actual Hourly Integrated Load,SYS_FCST_ACT_MW,3.8,2096,ACTUAL,464
2019-12-28T13:00:00-00:00,2019-12-28T14:00:00-00:00,0,2019-12-28,6,0,ACTUAL,IPCO,Total Actual Hourly Integrated Load,SYS_FCST_ACT_MW,3.8,1955,ACTUAL,464
2019-12-28T17:00:00-00:00,2019-12-28T18:00:00-00:00,0,2019-12-28,10,0,ACTUAL,IPCO,Total Actual Hourly Integrated Load,SYS_FCST_ACT_MW,3.8,2141,ACTUAL,464
2019-12-28T19:00:00-00:00,2019-12-28T20:00:00-00:00,0,2019-12-28,12,0,ACTUAL,IPCO,Total Actual Hourly Integrated Load,SYS_FCST_ACT_MW,3.8,2024,ACTUAL,464
2019-12-29T06:00:00-00:00,2019-12-29T07:00:00-00:00,0,2019-12-28,23,0,ACTUAL,IPCO,Total Actual Hourly Integrated Load,SYS_FCST_ACT_MW,3.8,1844,ACTUAL,464
2019-12-28T14:00:00-00:00,2019-12-28T15:00:00-00:00,0,2019-12-28,7,0,ACTUAL,IPCO,Total Actual Hourly Integrated Load,SYS_FCST_ACT_MW,3.8,2040,ACTUAL,464
2019-12-29T01:00:00-00:00,2019-12-29T02:00:00-00:00,0,2019-12-28,18,0,ACTUAL,IPCO,Total Actual Hourly Integrated Load,SYS_FCST_ACT_MW,3.8,2136,ACTUAL,464
2019-12-29T02:00:00-00:00,2019-12-29T03:00:00-00:00,0,2019-12-28,19,0,ACTUAL,IPCO,Total Actual Hourly Integrated Load,SYS_FCST_ACT_MW,3.8,2113,ACTUAL,464
2019-12-29T04:00:00-00:00,2019-12-29T05:00:00-00:00,0,2019-12-28,21,0,ACTUAL,IPCO,Total Actual Hourly Integrated Load,SYS_FCST_ACT_MW,3.8,2020,ACTUAL,464
2019-12-28T09:00:00-00:00,2019-12-28T10:00:00-00:00,0,2019-12-28,2,0,ACTUAL,IPCO,Total Actual Hourly Integrated Load,SYS_FCST_ACT_MW,3.8,1796,ACTUAL,464
2019-12-28T11:00:00-00:00,2019-12-28T12:00:00-00:00,0,2019-12-28,4,0,ACTUAL,IPCO,Total Actual Hourly Integrated Load,SYS_FCST_ACT_MW,3.8,1818,ACTUAL,464
2019-12-28T21:00:00-00:00,2019-12-28T22:00:00-00:00,0,2019-12-28,14,0,ACTUAL,IPCO,Total Actual Hourly Integrated Load,SYS_FCST_ACT_MW,3.8,1901,ACTUAL,464
2019-12-29T00:00:00-00:00,2019-12-29T01:00:00-00:00,0,2019-12-28,17,0,ACTUAL,IPCO,Total Actual Hourly Integrated Load,SYS_FCST_ACT_MW,3.8,2086,ACTUAL,464
2019-12-28T20:00:00-00:00,2019-12-28T21:00:00-00:00,0,2019-12-28,13,0,ACTUAL,IPCO,Total Actual Hourly Integrated Load,SYS_FCST_ACT_MW,3.8,1945,ACTUAL,464
2019-12-28T14:00:00-00:00,2019-12-28T15:00:00-00:00,0,2019-12-28,7,0,ACTUAL,MWD-TAC,Total Actual Hourly Integrated Load,SYS_FCST_ACT_MW,3.3,139,ACTUAL,465
2019-12-28T18:00:00-00:00,2019-12-28T19:00:00-00:00,0,2019-12-28,11,0,ACTUAL,MWD-TAC,Total Actual Hourly Integrated Load,SYS_FCST_ACT_MW,3.3,122,ACTUAL,465
2019-12-29T00:00:00-00:00,2019-12-29T01:00:00-00:00,0,2019-12-28,17,0,ACTUAL,MWD-TAC,Total Actual Hourly Integrated Load,SYS_FCST_ACT_MW,3.3,136,ACTUAL,465
2019-12-29T01:00:00-00:00,2019-12-29T02:00:00-00:00,0,2019-12-28,18,0,ACTUAL,MWD-TAC,Total Actual Hourly Integrated Load,SYS_FCST_ACT_MW,3.3,134,ACTUAL,465
2019-12-29T04:00:00-00:00,2019-12-29T05:00:00-00:00,0,2019-12-28,21,0,ACTUAL,MWD-TAC,Total Actual Hourly Integrated Load,SYS_FCST_ACT_MW,3.3,139,ACTUAL,465
2019-12-29T07:00:00-00:00,2019-12-29T08:00:00-00:00,0,2019-12-28,24,0,ACTUAL,MWD-TAC,Total Actual Hourly Integrated Load,SYS_FCST_ACT_MW,3.3,130,ACTUAL,465
2019-12-28T17:00:00-00:00,2019-12-28T18:00:00-00:00,0,2019-12-28,10,0,ACTUAL,MWD-TAC,Total Actual Hourly Integrated Load,SYS_FCST_ACT_MW,3.3,124,ACTUAL,465
2019-12-29T05:00:00-00:00,2019-12-29T06:00:00-00:00,0,2019-12-28,22,0,ACTUAL,MWD-TAC,Total Actual Hourly Integrated Load,SYS_FCST_ACT_MW,3.3,140,ACTUAL,465
2019-12-28T08:00:00-00:00,2019-12-28T09:00:00-00:00,0,2019-12-28,1,0,ACTUAL,MWD-TAC,Total Actual Hourly Integrated Load,SYS_FCST_ACT_MW,3.3,140,ACTUAL,465
2019-12-28T15:00:00-00:00,2019-12-28T16:00:00-00:00,0,2019-12-28,8,0,ACTUAL,MWD-TAC,Total Actual Hourly Integrated Load,SYS_FCST_ACT_MW,3.3,124,ACTUAL,465
2019-12-28T16:00:00-00:00,2019-12-28T17:00:00-00:00,0,2019-12-28,9,0,ACTUAL,MWD-TAC,Total Actual Hourly Integrated Load,SYS_FCST_ACT_MW,3.3,123,ACTUAL,465
2019-12-28T12:00:00-00:00,2019-12-28T13:00:00-00:00,0,2019-12-28,5,0,ACTUAL,MWD-TAC,Total Actual Hourly Integrated Load,SYS_FCST_ACT_MW,3.3,151,ACTUAL,465
2019-12-28T13:00:00-00:00,2019-12-28T14:00:00-00:00,0,2019-12-28,6,0,ACTUAL,MWD-TAC,Total Actual Hourly Integrated Load,SYS_FCST_ACT_MW,3.3,150,ACTUAL,465
2019-12-28T19:00:00-00:00,2019-12-28T20:00:00-00:00,0,2019-12-28,12,0,ACTUAL,MWD-TAC,Total Actual Hourly Integrated Load,SYS_FCST_ACT_MW,3.3,126,ACTUAL,465
2019-12-28T10:00:00-00:00,2019-12-28T11:00:00-00:00,0,2019-12-28,3,0,ACTUAL,MWD-TAC,Total Actual Hourly Integrated Load,SYS_FCST_ACT_MW,3.3,151,ACTUAL,465
2019-12-28T11:00:00-00:00,2019-12-28T12:00:00-00:00,0,2019-12-28,4,0,ACTUAL,MWD-TAC,Total Actual Hourly Integrated Load,SYS_FCST_ACT_MW,3.3,152,ACTUAL,465
2019-12-28T21:00:00-00:00,2019-12-28T22:00:00-00:00,0,2019-12-28,14,0,ACTUAL,MWD-TAC,Total Actual Hourly Integrated Load,SYS_FCST_ACT_MW,3.3,125,ACTUAL,465
2019-12-28T23:00:00-00:00,2019-12-29T00:00:00-00:00,0,2019-12-28,16,0,ACTUAL,MWD-TAC,Total Actual Hourly Integrated Load,SYS_FCST_ACT_MW,3.3,124,ACTUAL,465
2019-12-29T03:00:00-00:00,2019-12-29T04:00:00-00:00,0,2019-12-28,20,0,ACTUAL,MWD-TAC,Total Actual Hourly Integrated Load,SYS_FCST_ACT_MW,3.3,133,ACTUAL,465
2019-12-28T09:00:00-00:00,2019-12-28T10:00:00-00:00,0,2019-12-28,2,0,ACTUAL,MWD-TAC,Total Actual Hourly Integrated Load,SYS_FCST_ACT_MW,3.3,149,ACTUAL,465
2019-12-28T22:00:00-00:00,2019-12-28T23:00:00-00:00,0,2019-12-28,15,0,ACTUAL,MWD-TAC,Total Actual Hourly Integrated Load,SYS_FCST_ACT_MW,3.3,122,ACTUAL,465
2019-12-29T02:00:00-00:00,2019-12-29T03:00:00-00:00,0,2019-12-28,19,0,ACTUAL,MWD-TAC,Total Actual Hourly Integrated Load,SYS_FCST_ACT_MW,3.3,132,ACTUAL,465
2019-12-29T06:00:00-00:00,2019-12-29T07:00:00-00:00,0,2019-12-28,23,0,ACTUAL,MWD-TAC,Total Actual Hourly Integrated Load,SYS_FCST_ACT_MW,3.3,129,ACTUAL,465
2019-12-28T20:00:00-00:00,2019-12-28T21:00:00-00:00,0,2019-12-28,13,0,ACTUAL,MWD-TAC,Total Actual Hourly Integrated Load,SYS_FCST_ACT_MW,3.3,126,ACTUAL,465
2019-12-29T00:00:00-00:00,2019-12-29T01:00:00-00:00,0,2019-12-28,17,0,ACTUAL,NEVP,Total Actual Hourly Integrated Load,SYS_FCST_ACT_MW,3.8,4125,ACTUAL,466
2019-12-28T21:00:00-00:00,2019-12-28T22:00:00-00:00,0,2019-12-28,14,0,ACTUAL,NEVP,Total Actual Hourly Integrated Load,SYS_FCST_ACT_MW,3.8,3752,ACTUAL,466
2019-12-29T02:00:00-00:00,2019-12-29T03:00:00-00:00,0,2019-12-28,19,0,ACTUAL,NEVP,Total Actual Hourly Integrated Load,SYS_FCST_ACT_MW,3.8,4402,ACTUAL,466
2019-12-28T10:00:00-00:00,2019-12-28T11:00:00-00:00,0,2019-12-28,3,0,ACTUAL,NEVP,Total Actual Hourly Integrated Load,SYS_FCST_ACT_MW,3.8,3760,ACTUAL,466
2019-12-28T14:00:00-00:00,2019-12-28T15:00:00-00:00,0,2019-12-28,7,0,ACTUAL,NEVP,Total Actual Hourly Integrated Load,SYS_FCST_ACT_MW,3.8,3953,ACTUAL,466
2019-12-28T16:00:00-00:00,2019-12-28T17:00:00-00:00,0,2019-12-28,9,0,ACTUAL,NEVP,Total Actual Hourly Integrated Load,SYS_FCST_ACT_MW,3.8,3901,ACTUAL,466
2019-12-28T15:00:00-00:00,2019-12-28T16:00:00-00:00,0,2019-12-28,8,0,ACTUAL,NEVP,Total Actual Hourly Integrated Load,SYS_FCST_ACT_MW,3.8,3923,ACTUAL,466
2019-12-28T20:00:00-00:00,2019-12-28T21:00:00-00:00,0,2019-12-28,13,0,ACTUAL,NEVP,Total Actual Hourly Integrated Load,SYS_FCST_ACT_MW,3.8,3766,ACTUAL,466
2019-12-29T06:00:00-00:00,2019-12-29T07:00:00-00:00,0,2019-12-28,23,0,ACTUAL,NEVP,Total Actual Hourly Integrated Load,SYS_FCST_ACT_MW,3.8,4146,ACTUAL,466
2019-12-28T17:00:00-00:00,2019-12-28T18:00:00-00:00,0,2019-12-28,10,0,ACTUAL,NEVP,Total Actual Hourly Integrated Load,SYS_FCST_ACT_MW,3.8,3880,ACTUAL,466
2019-12-28T22:00:00-00:00,2019-12-28T23:00:00-00:00,0,2019-12-28,15,0,ACTUAL,NEVP,Total Actual Hourly Integrated Load,SYS_FCST_ACT_MW,3.8,3759,ACTUAL,466
2019-12-29T04:00:00-00:00,2019-12-29T05:00:00-00:00,0,2019-12-28,21,0,ACTUAL,NEVP,Total Actual Hourly Integrated Load,SYS_FCST_ACT_MW,3.8,4346,ACTUAL,466
2019-12-28T08:00:00-00:00,2019-12-28T09:00:00-00:00,0,2019-12-28,1,0,ACTUAL,NEVP,Total Actual Hourly Integrated Load,SYS_FCST_ACT_MW,3.8,3862,ACTUAL,466
2019-12-28T09:00:00-00:00,2019-12-28T10:00:00-00:00,0,2019-12-28,2,0,ACTUAL,NEVP,Total Actual Hourly Integrated Load,SYS_FCST_ACT_MW,3.8,3788,ACTUAL,466
2019-12-29T03:00:00-00:00,2019-12-29T04:00:00-00:00,0,2019-12-28,20,0,ACTUAL,NEVP,Total Actual Hourly Integrated Load,SYS_FCST_ACT_MW,3.8,4383,ACTUAL,466
2019-12-29T07:00:00-00:00,2019-12-29T08:00:00-00:00,0,2019-12-28,24,0,ACTUAL,NEVP,Total Actual Hourly Integrated Load,SYS_FCST_ACT_MW,3.8,4018,ACTUAL,466
2019-12-28T11:00:00-00:00,2019-12-28T12:00:00-00:00,0,2019-12-28,4,0,ACTUAL,NEVP,Total Actual Hourly Integrated Load,SYS_FCST_ACT_MW,3.8,3750,ACTUAL,466
2019-12-28T18:00:00-00:00,2019-12-28T19:00:00-00:00,0,2019-12-28,11,0,ACTUAL,NEVP,Total Actual Hourly Integrated Load,SYS_FCST_ACT_MW,3.8,3849,ACTUAL,466
2019-12-28T19:00:00-00:00,2019-12-28T20:00:00-00:00,0,2019-12-28,12,0,ACTUAL,NEVP,Total Actual Hourly Integrated Load,SYS_FCST_ACT_MW,3.8,3812,ACTUAL,466
2019-12-28T12:00:00-00:00,2019-12-28T13:00:00-00:00,0,2019-12-28,5,0,ACTUAL,NEVP,Total Actual Hourly Integrated Load,SYS_FCST_ACT_MW,3.8,3782,ACTUAL,466
2019-12-28T23:00:00-00:00,2019-12-29T00:00:00-00:00,0,2019-12-28,16,0,ACTUAL,NEVP,Total Actual Hourly Integrated Load,SYS_FCST_ACT_MW,3.8,3845,ACTUAL,466
2019-12-29T05:00:00-00:00,2019-12-29T06:00:00-00:00,0,2019-12-28,22,0,ACTUAL,NEVP,Total Actual Hourly Integrated Load,SYS_FCST_ACT_MW,3.8,4254,ACTUAL,466
2019-12-28T13:00:00-00:00,2019-12-28T14:00:00-00:00,0,2019-12-28,6,0,ACTUAL,NEVP,Total Actual Hourly Integrated Load,SYS_FCST_ACT_MW,3.8,3866,ACTUAL,466
2019-12-29T01:00:00-00:00,2019-12-29T02:00:00-00:00,0,2019-12-28,18,0,ACTUAL,NEVP,Total Actual Hourly Integrated Load,SYS_FCST_ACT_MW,3.8,4387,ACTUAL,466
2019-12-28T16:00:00-00:00,2019-12-28T17:00:00-00:00,0,2019-12-28,9,0,ACTUAL,PACE,Total Actual Hourly Integrated Load,SYS_FCST_ACT_MW,3.8,5689,ACTUAL,467
2019-12-28T10:00:00-00:00,2019-12-28T11:00:00-00:00,0,2019-12-28,3,0,ACTUAL,PACE,Total Actual Hourly Integrated Load,SYS_FCST_ACT_MW,3.8,5084,ACTUAL,467
2019-12-29T01:00:00-00:00,2019-12-29T02:00:00-00:00,0,2019-12-28,18,0,ACTUAL,PACE,Total Actual Hourly Integrated Load,SYS_FCST_ACT_MW,3.8,6157,ACTUAL,467
2019-12-28T14:00:00-00:00,2019-12-28T15:00:00-00:00,0,2019-12-28,7,0,ACTUAL,PACE,Total Actual Hourly Integrated Load,SYS_FCST_ACT_MW,3.8,5511,ACTUAL,467
2019-12-28T08:00:00-00:00,2019-12-28T09:00:00-00:00,0,2019-12-28,1,0,ACTUAL,PACE,Total Actual Hourly Integrated Load,SYS_FCST_ACT_MW,3.8,5130,ACTUAL,467
2019-12-28T21:00:00-00:00,2019-12-28T22:00:00-00:00,0,2019-12-28,14,0,ACTUAL,PACE,Total Actual Hourly Integrated Load,SYS_FCST_ACT_MW,3.8,5519,ACTUAL,467
2019-12-28T20:00:00-00:00,2019-12-28T21:00:00-00:00,0,2019-12-28,13,0,ACTUAL,PACE,Total Actual Hourly Integrated Load,SYS_FCST_ACT_MW,3.8,5556,ACTUAL,467
2019-12-28T15:00:00-00:00,2019-12-28T16:00:00-00:00,0,2019-12-28,8,0,ACTUAL,PACE,Total Actual Hourly Integrated Load,SYS_FCST_ACT_MW,3.8,5620,ACTUAL,467
2019-12-29T03:00:00-00:00,2019-12-29T04:00:00-00:00,0,2019-12-28,20,0,ACTUAL,PACE,Total Actual Hourly Integrated Load,SYS_FCST_ACT_MW,3.8,6059,ACTUAL,467
2019-12-28T22:00:00-00:00,2019-12-28T23:00:00-00:00,0,2019-12-28,15,0,ACTUAL,PACE,Total Actual Hourly Integrated Load,SYS_FCST_ACT_MW,3.8,5554,ACTUAL,467
2019-12-29T02:00:00-00:00,2019-12-29T03:00:00-00:00,0,2019-12-28,19,0,ACTUAL,PACE,Total Actual Hourly Integrated Load,SYS_FCST_ACT_MW,3.8,6123,ACTUAL,467
2019-12-29T04:00:00-00:00,2019-12-29T05:00:00-00:00,0,2019-12-28,21,0,ACTUAL,PACE,Total Actual Hourly Integrated Load,SYS_FCST_ACT_MW,3.8,5920,ACTUAL,467
2019-12-29T07:00:00-00:00,2019-12-29T08:00:00-00:00,0,2019-12-28,24,0,ACTUAL,PACE,Total Actual Hourly Integrated Load,SYS_FCST_ACT_MW,3.8,5250,ACTUAL,467
2019-12-28T12:00:00-00:00,2019-12-28T13:00:00-00:00,0,2019-12-28,5,0,ACTUAL,PACE,Total Actual Hourly Integrated Load,SYS_FCST_ACT_MW,3.8,5199,ACTUAL,467
2019-12-28T11:00:00-00:00,2019-12-28T12:00:00-00:00,0,2019-12-28,4,0,ACTUAL,PACE,Total Actual Hourly Integrated Load,SYS_FCST_ACT_MW,3.8,5120,ACTUAL,467
2019-12-28T19:00:00-00:00,2019-12-28T20:00:00-00:00,0,2019-12-28,12,0,ACTUAL,PACE,Total Actual Hourly Integrated Load,SYS_FCST_ACT_MW,3.8,5611,ACTUAL,467
2019-12-28T18:00:00-00:00,2019-12-28T19:00:00-00:00,0,2019-12-28,11,0,ACTUAL,PACE,Total Actual Hourly Integrated Load,SYS_FCST_ACT_MW,3.8,5655,ACTUAL,467
2019-12-28T09:00:00-00:00,2019-12-28T10:00:00-00:00,0,2019-12-28,2,0,ACTUAL,PACE,Total Actual Hourly Integrated Load,SYS_FCST_ACT_MW,3.8,5087,ACTUAL,467
2019-12-29T05:00:00-00:00,2019-12-29T06:00:00-00:00,0,2019-12-28,22,0,ACTUAL,PACE,Total Actual Hourly Integrated Load,SYS_FCST_ACT_MW,3.8,5700,ACTUAL,467
2019-12-29T00:00:00-00:00,2019-12-29T01:00:00-00:00,0,2019-12-28,17,0,ACTUAL,PACE,Total Actual Hourly Integrated Load,SYS_FCST_ACT_MW,3.8,6080,ACTUAL,467
2019-12-28T23:00:00-00:00,2019-12-29T00:00:00-00:00,0,2019-12-28,16,0,ACTUAL,PACE,Total Actual Hourly Integrated Load,SYS_FCST_ACT_MW,3.8,5719,ACTUAL,467
2019-12-29T06:00:00-00:00,2019-12-29T07:00:00-00:00,0,2019-12-28,23,0,ACTUAL,PACE,Total Actual Hourly Integrated Load,SYS_FCST_ACT_MW,3.8,5442,ACTUAL,467
2019-12-28T17:00:00-00:00,2019-12-28T18:00:00-00:00,0,2019-12-28,10,0,ACTUAL,PACE,Total Actual Hourly Integrated Load,SYS_FCST_ACT_MW,3.8,5691,ACTUAL,467
2019-12-28T13:00:00-00:00,2019-12-28T14:00:00-00:00,0,2019-12-28,6,0,ACTUAL,PACE,Total Actual Hourly Integrated Load,SYS_FCST_ACT_MW,3.8,5346,ACTUAL,467
2019-12-28T10:00:00-00:00,2019-12-28T11:00:00-00:00,0,2019-12-28,3,0,ACTUAL,PACW,Total Actual Hourly Integrated Load,SYS_FCST_ACT_MW,3.8,2291,ACTUAL,468
2019-12-28T15:00:00-00:00,2019-12-28T16:00:00-00:00,0,2019-12-28,8,0,ACTUAL,PACW,Total Actual Hourly Integrated Load,SYS_FCST_ACT_MW,3.8,2781,ACTUAL,468
2019-12-28T18:00:00-00:00,2019-12-28T19:00:00-00:00,0,2019-12-28,11,0,ACTUAL,PACW,Total Actual Hourly Integrated Load,SYS_FCST_ACT_MW,3.8,2919,ACTUAL,468
2019-12-28T16:00:00-00:00,2019-12-28T17:00:00-00:00,0,2019-12-28,9,0,ACTUAL,PACW,Total Actual Hourly Integrated Load,SYS_FCST_ACT_MW,3.8,2907,ACTUAL,468
2019-12-28T11:00:00-00:00,2019-12-28T12:00:00-00:00,0,2019-12-28,4,0,ACTUAL,PACW,Total Actual Hourly Integrated Load,SYS_FCST_ACT_MW,3.8,2296,ACTUAL,468
2019-12-29T04:00:00-00:00,2019-12-29T05:00:00-00:00,0,2019-12-28,21,0,ACTUAL,PACW,Total Actual Hourly Integrated Load,SYS_FCST_ACT_MW,3.8,2693,ACTUAL,468
2019-12-28T17:00:00-00:00,2019-12-28T18:00:00-00:00,0,2019-12-28,10,0,ACTUAL,PACW,Total Actual Hourly Integrated Load,SYS_FCST_ACT_MW,3.8,2954,ACTUAL,468
2019-12-28T08:00:00-00:00,2019-12-28T09:00:00-00:00,0,2019-12-28,1,0,ACTUAL,PACW,Total Actual Hourly Integrated Load,SYS_FCST_ACT_MW,3.8,2354,ACTUAL,468
2019-12-28T19:00:00-00:00,2019-12-28T20:00:00-00:00,0,2019-12-28,12,0,ACTUAL,PACW,Total Actual Hourly Integrated Load,SYS_FCST_ACT_MW,3.8,2839,ACTUAL,468
2019-12-28T22:00:00-00:00,2019-12-28T23:00:00-00:00,0,2019-12-28,15,0,ACTUAL,PACW,Total Actual Hourly Integrated Load,SYS_FCST_ACT_MW,3.8,2643,ACTUAL,468
2019-12-28T09:00:00-00:00,2019-12-28T10:00:00-00:00,0,2019-12-28,2,0,ACTUAL,PACW,Total Actual Hourly Integrated Load,SYS_FCST_ACT_MW,3.8,2307,ACTUAL,468
2019-12-28T12:00:00-00:00,2019-12-28T13:00:00-00:00,0,2019-12-28,5,0,ACTUAL,PACW,Total Actual Hourly Integrated Load,SYS_FCST_ACT_MW,3.8,2343,ACTUAL,468
2019-12-29T06:00:00-00:00,2019-12-29T07:00:00-00:00,0,2019-12-28,23,0,ACTUAL,PACW,Total Actual Hourly Integrated Load,SYS_FCST_ACT_MW,3.8,2418,ACTUAL,468
2019-12-29T05:00:00-00:00,2019-12-29T06:00:00-00:00,0,2019-12-28,22,0,ACTUAL,PACW,Total Actual Hourly Integrated Load,SYS_FCST_ACT_MW,3.8,2572,ACTUAL,468
2019-12-29T07:00:00-00:00,2019-12-29T08:00:00-00:00,0,2019-12-28,24,0,ACTUAL,PACW,Total Actual Hourly Integrated Load,SYS_FCST_ACT_MW,3.8,2279,ACTUAL,468
2019-12-28T23:00:00-00:00,2019-12-29T00:00:00-00:00,0,2019-12-28,16,0,ACTUAL,PACW,Total Actual Hourly Integrated Load,SYS_FCST_ACT_MW,3.8,2661,ACTUAL,468
2019-12-29T03:00:00-00:00,2019-12-29T04:00:00-00:00,0,2019-12-28,20,0,ACTUAL,PACW,Total Actual Hourly Integrated Load,SYS_FCST_ACT_MW,3.8,2788,ACTUAL,468
2019-12-29T00:00:00-00:00,2019-12-29T01:00:00-00:00,0,2019-12-28,17,0,ACTUAL,PACW,Total Actual Hourly Integrated Load,SYS_FCST_ACT_MW,3.8,2775,ACTUAL,468
2019-12-29T01:00:00-00:00,2019-12-29T02:00:00-00:00,0,2019-12-28,18,0,ACTUAL,PACW,Total Actual Hourly Integrated Load,SYS_FCST_ACT_MW,3.8,2885,ACTUAL,468
2019-12-28T21:00:00-00:00,2019-12-28T22:00:00-00:00,0,2019-12-28,14,0,ACTUAL,PACW,Total Actual Hourly Integrated Load,SYS_FCST_ACT_MW,3.8,2667,ACTUAL,468
2019-12-28T20:00:00-00:00,2019-12-28T21:00:00-00:00,0,2019-12-28,13,0,ACTUAL,PACW,Total Actual Hourly Integrated Load,SYS_FCST_ACT_MW,3.8,2736,ACTUAL,468
2019-12-28T14:00:00-00:00,2019-12-28T15:00:00-00:00,0,2019-12-28,7,0,ACTUAL,PACW,Total Actual Hourly Integrated Load,SYS_FCST_ACT_MW,3.8,2624,ACTUAL,468
2019-12-28T13:00:00-00:00,2019-12-28T14:00:00-00:00,0,2019-12-28,6,0,ACTUAL,PACW,Total Actual Hourly Integrated Load,SYS_FCST_ACT_MW,3.8,2462,ACTUAL,468
2019-12-29T02:00:00-00:00,2019-12-29T03:00:00-00:00,0,2019-12-28,19,0,ACTUAL,PACW,Total Actual Hourly Integrated Load,SYS_FCST_ACT_MW,3.8,2850,ACTUAL,468
2019-12-28T14:00:00-00:00,2019-12-28T15:00:00-00:00,0,2019-12-28,7,0,ACTUAL,PGE,Total Actual Hourly Integrated Load,SYS_FCST_ACT_MW,3.8,2267,ACTUAL,469
2019-12-28T19:00:00-00:00,2019-12-28T20:00:00-00:00,0,2019-12-28,12,0,ACTUAL,PGE,Total Actual Hourly Integrated Load,SYS_FCST_ACT_MW,3.8,2704,ACTUAL,469
2019-12-29T02:00:00-00:00,2019-12-29T03:00:00-00:00,0,2019-12-28,19,0,ACTUAL,PGE,Total Actual Hourly Integrated Load,SYS_FCST_ACT_MW,3.8,2802,ACTUAL,469
2019-12-29T03:00:00-00:00,2019-12-29T04:00:00-00:00,0,2019-12-28,20,0,ACTUAL,PGE,Total Actual Hourly Integrated Load,SYS_FCST_ACT_MW,3.8,2737,ACTUAL,469
2019-12-29T05:00:00-00:00,2019-12-29T06:00:00-00:00,0,2019-12-28,22,0,ACTUAL,PGE,Total Actual Hourly Integrated Load,SYS_FCST_ACT_MW,3.8,2534,ACTUAL,469
2019-12-29T06:00:00-00:00,2019-12-29T07:00:00-00:00,0,2019-12-28,23,0,ACTUAL,PGE,Total Actual Hourly Integrated Load,SYS_FCST_ACT_MW,3.8,2376,ACTUAL,469
2019-12-28T12:00:00-00:00,2019-12-28T13:00:00-00:00,0,2019-12-28,5,0,ACTUAL,PGE,Total Actual Hourly Integrated Load,SYS_FCST_ACT_MW,3.8,2035,ACTUAL,469
2019-12-28T15:00:00-00:00,2019-12-28T16:00:00-00:00,0,2019-12-28,8,0,ACTUAL,PGE,Total Actual Hourly Integrated Load,SYS_FCST_ACT_MW,3.8,2422,ACTUAL,469
2019-12-28T20:00:00-00:00,2019-12-28T21:00:00-00:00,0,2019-12-28,13,0,ACTUAL,PGE,Total Actual Hourly Integrated Load,SYS_FCST_ACT_MW,3.8,2679,ACTUAL,469
2019-12-29T01:00:00-00:00,2019-12-29T02:00:00-00:00,0,2019-12-28,18,0,ACTUAL,PGE,Total Actual Hourly Integrated Load,SYS_FCST_ACT_MW,3.8,2846,ACTUAL,469
2019-12-28T08:00:00-00:00,2019-12-28T09:00:00-00:00,0,2019-12-28,1,0,ACTUAL,PGE,Total Actual Hourly Integrated Load,SYS_FCST_ACT_MW,3.8,2132,ACTUAL,469
2019-12-28T13:00:00-00:00,2019-12-28T14:00:00-00:00,0,2019-12-28,6,0,ACTUAL,PGE,Total Actual Hourly Integrated Load,SYS_FCST_ACT_MW,3.8,2127,ACTUAL,469
2019-12-28T18:00:00-00:00,2019-12-28T19:00:00-00:00,0,2019-12-28,11,0,ACTUAL,PGE,Total Actual Hourly Integrated Load,SYS_FCST_ACT_MW,3.8,2701,ACTUAL,469
2019-12-29T04:00:00-00:00,2019-12-29T05:00:00-00:00,0,2019-12-28,21,0,ACTUAL,PGE,Total Actual Hourly Integrated Load,SYS_FCST_ACT_MW,3.8,2652,ACTUAL,469
2019-12-29T07:00:00-00:00,2019-12-29T08:00:00-00:00,0,2019-12-28,24,0,ACTUAL,PGE,Total Actual Hourly Integrated Load,SYS_FCST_ACT_MW,3.8,2222,ACTUAL,469
2019-12-28T23:00:00-00:00,2019-12-29T00:00:00-00:00,0,2019-12-28,16,0,ACTUAL,PGE,Total Actual Hourly Integrated Load,SYS_FCST_ACT_MW,3.8,2640,ACTUAL,469
2019-12-28T09:00:00-00:00,2019-12-28T10:00:00-00:00,0,2019-12-28,2,0,ACTUAL,PGE,Total Actual Hourly Integrated Load,SYS_FCST_ACT_MW,3.8,2053,ACTUAL,469
2019-12-28T10:00:00-00:00,2019-12-28T11:00:00-00:00,0,2019-12-28,3,0,ACTUAL,PGE,Total Actual Hourly Integrated Load,SYS_FCST_ACT_MW,3.8,2012,ACTUAL,469
2019-12-28T21:00:00-00:00,2019-12-28T22:00:00-00:00,0,2019-12-28,14,0,ACTUAL,PGE,Total Actual Hourly Integrated Load,SYS_FCST_ACT_MW,3.8,2634,ACTUAL,469
2019-12-28T16:00:00-00:00,2019-12-28T17:00:00-00:00,0,2019-12-28,9,0,ACTUAL,PGE,Total Actual Hourly Integrated Load,SYS_FCST_ACT_MW,3.8,2564,ACTUAL,469
2019-12-28T17:00:00-00:00,2019-12-28T18:00:00-00:00,0,2019-12-28,10,0,ACTUAL,PGE,Total Actual Hourly Integrated Load,SYS_FCST_ACT_MW,3.8,2657,ACTUAL,469
2019-12-28T22:00:00-00:00,2019-12-28T23:00:00-00:00,0,2019-12-28,15,0,ACTUAL,PGE,Total Actual Hourly Integrated Load,SYS_FCST_ACT_MW,3.8,2627,ACTUAL,469
2019-12-29T00:00:00-00:00,2019-12-29T01:00:00-00:00,0,2019-12-28,17,0,ACTUAL,PGE,Total Actual Hourly Integrated Load,SYS_FCST_ACT_MW,3.8,2736,ACTUAL,469
2019-12-28T11:00:00-00:00,2019-12-28T12:00:00-00:00,0,2019-12-28,4,0,ACTUAL,PGE,Total Actual Hourly Integrated Load,SYS_FCST_ACT_MW,3.8,2004,ACTUAL,469
2019-12-29T00:00:00-00:00,2019-12-29T01:00:00-00:00,0,2019-12-28,17,0,ACTUAL,PGE-TAC,Total Actual Hourly Integrated Load,SYS_FCST_ACT_MW,3.1,11059,ACTUAL,470
2019-12-29T04:00:00-00:00,2019-12-29T05:00:00-00:00,0,2019-12-28,21,0,ACTUAL,PGE-TAC,Total Actual Hourly Integrated Load,SYS_FCST_ACT_MW,3.1,11936,ACTUAL,470
2019-12-29T03:00:00-00:00,2019-12-29T04:00:00-00:00,0,2019-12-28,20,0,ACTUAL,PGE-TAC,Total Actual Hourly Integrated Load,SYS_FCST_ACT_MW,3.1,12155,ACTUAL,470
2019-12-28T11:00:00-00:00,2019-12-28T12:00:00-00:00,0,2019-12-28,4,0,ACTUAL,PGE-TAC,Total Actual Hourly Integrated Load,SYS_FCST_ACT_MW,3.1,9397,ACTUAL,470
2019-12-29T02:00:00-00:00,2019-12-29T03:00:00-00:00,0,2019-12-28,19,0,ACTUAL,PGE-TAC,Total Actual Hourly Integrated Load,SYS_FCST_ACT_MW,3.1,12315,ACTUAL,470
2019-12-28T21:00:00-00:00,2019-12-28T22:00:00-00:00,0,2019-12-28,14,0,ACTUAL,PGE-TAC,Total Actual Hourly Integrated Load,SYS_FCST_ACT_MW,3.1,9434,ACTUAL,470
2019-12-28T19:00:00-00:00,2019-12-28T20:00:00-00:00,0,2019-12-28,12,0,ACTUAL,PGE-TAC,Total Actual Hourly Integrated Load,SYS_FCST_ACT_MW,3.1,9640,ACTUAL,470
2019-12-28T10:00:00-00:00,2019-12-28T11:00:00-00:00,0,2019-12-28,3,0,ACTUAL,PGE-TAC,Total Actual Hourly Integrated Load,SYS_FCST_ACT_MW,3.1,9478,ACTUAL,470
2019-12-28T08:00:00-00:00,2019-12-28T09:00:00-00:00,0,2019-12-28,1,0,ACTUAL,PGE-TAC,Total Actual Hourly Integrated Load,SYS_FCST_ACT_MW,3.1,10093,ACTUAL,470
2019-12-29T05:00:00-00:00,2019-12-29T06:00:00-00:00,0,2019-12-28,22,0,ACTUAL,PGE-TAC,Total Actual Hourly Integrated Load,SYS_FCST_ACT_MW,3.1,11551,ACTUAL,470
2019-12-28T23:00:00-00:00,2019-12-29T00:00:00-00:00,0,2019-12-28,16,0,ACTUAL,PGE-TAC,Total Actual Hourly Integrated Load,SYS_FCST_ACT_MW,3.1,10095,ACTUAL,470
2019-12-28T18:00:00-00:00,2019-12-28T19:00:00-00:00,0,2019-12-28,11,0,ACTUAL,PGE-TAC,Total Actual Hourly Integrated Load,SYS_FCST_ACT_MW,3.1,9897,ACTUAL,470
2019-12-28T16:00:00-00:00,2019-12-28T17:00:00-00:00,0,2019-12-28,9,0,ACTUAL,PGE-TAC,Total Actual Hourly Integrated Load,SYS_FCST_ACT_MW,3.1,10685,ACTUAL,470
2019-12-28T20:00:00-00:00,2019-12-28T21:00:00-00:00,0,2019-12-28,13,0,ACTUAL,PGE-TAC,Total Actual Hourly Integrated Load,SYS_FCST_ACT_MW,3.1,9397,ACTUAL,470
2019-12-28T17:00:00-00:00,2019-12-28T18:00:00-00:00,0,2019-12-28,10,0,ACTUAL,PGE-TAC,Total Actual Hourly Integrated Load,SYS_FCST_ACT_MW,3.1,10255,ACTUAL,470
2019-12-29T06:00:00-00:00,2019-12-29T07:00:00-00:00,0,2019-12-28,23,0,ACTUAL,PGE-TAC,Total Actual Hourly Integrated Load,SYS_FCST_ACT_MW,3.1,10918,ACTUAL,470
2019-12-28T22:00:00-00:00,2019-12-28T23:00:00-00:00,0,2019-12-28,15,0,ACTUAL,PGE-TAC,Total Actual Hourly Integrated Load,SYS_FCST_ACT_MW,3.1,9732,ACTUAL,470
2019-12-28T14:00:00-00:00,2019-12-28T15:00:00-00:00,0,2019-12-28,7,0,ACTUAL,PGE-TAC,Total Actual Hourly Integrated Load,SYS_FCST_ACT_MW,3.1,10411,ACTUAL,470
2019-12-28T12:00:00-00:00,2019-12-28T13:00:00-00:00,0,2019-12-28,5,0,ACTUAL,PGE-TAC,Total Actual Hourly Integrated Load,SYS_FCST_ACT_MW,3.1,9499,ACTUAL,470
2019-12-28T15:00:00-00:00,2019-12-28T16:00:00-00:00,0,2019-12-28,8,0,ACTUAL,PGE-TAC,Total Actual Hourly Integrated Load,SYS_FCST_ACT_MW,3.1,10787,ACTUAL,470
2019-12-28T09:00:00-00:00,2019-12-28T10:00:00-00:00,0,2019-12-28,2,0,ACTUAL,PGE-TAC,Total Actual Hourly Integrated Load,SYS_FCST_ACT_MW,3.1,9720,ACTUAL,470
2019-12-29T01:00:00-00:00,2019-12-29T02:00:00-00:00,0,2019-12-28,18,0,ACTUAL,PGE-TAC,Total Actual Hourly Integrated Load,SYS_FCST_ACT_MW,3.1,12186,ACTUAL,470
2019-12-29T07:00:00-00:00,2019-12-29T08:00:00-00:00,0,2019-12-28,24,0,ACTUAL,PGE-TAC,Total Actual Hourly Integrated Load,SYS_FCST_ACT_MW,3.1,10248,ACTUAL,470
2019-12-28T13:00:00-00:00,2019-12-28T14:00:00-00:00,0,2019-12-28,6,0,ACTUAL,PGE-TAC,Total Actual Hourly Integrated Load,SYS_FCST_ACT_MW,3.1,9875,ACTUAL,470
2019-12-29T02:00:00-00:00,2019-12-29T03:00:00-00:00,0,2019-12-28,19,0,ACTUAL,PSEI,Total Actual Hourly Integrated Load,SYS_FCST_ACT_MW,3.8,3532,ACTUAL,471
2019-12-28T14:00:00-00:00,2019-12-28T15:00:00-00:00,0,2019-12-28,7,0,ACTUAL,PSEI,Total Actual Hourly Integrated Load,SYS_FCST_ACT_MW,3.8,2939,ACTUAL,471
2019-12-29T05:00:00-00:00,2019-12-29T06:00:00-00:00,0,2019-12-28,22,0,ACTUAL,PSEI,Total Actual Hourly Integrated Load,SYS_FCST_ACT_MW,3.8,3185,ACTUAL,471
2019-12-28T16:00:00-00:00,2019-12-28T17:00:00-00:00,0,2019-12-28,9,0,ACTUAL,PSEI,Total Actual Hourly Integrated Load,SYS_FCST_ACT_MW,3.8,3311,ACTUAL,471
2019-12-28T17:00:00-00:00,2019-12-28T18:00:00-00:00,0,2019-12-28,10,0,ACTUAL,PSEI,Total Actual Hourly Integrated Load,SYS_FCST_ACT_MW,3.8,3415,ACTUAL,471
2019-12-28T11:00:00-00:00,2019-12-28T12:00:00-00:00,0,2019-12-28,4,0,ACTUAL,PSEI,Total Actual Hourly Integrated Load,SYS_FCST_ACT_MW,3.8,2573,ACTUAL,471
2019-12-28T13:00:00-00:00,2019-12-28T14:00:00-00:00,0,2019-12-28,6,0,ACTUAL,PSEI,Total Actual Hourly Integrated Load,SYS_FCST_ACT_MW,3.8,2755,ACTUAL,471
2019-12-28T08:00:00-00:00,2019-12-28T09:00:00-00:00,0,2019-12-28,1,0,ACTUAL,PSEI,Total Actual Hourly Integrated Load,SYS_FCST_ACT_MW,3.8,2728,ACTUAL,471
2019-12-29T04:00:00-00:00,2019-12-29T05:00:00-00:00,0,2019-12-28,21,0,ACTUAL,PSEI,Total Actual Hourly Integrated Load,SYS_FCST_ACT_MW,3.8,3339,ACTUAL,471
2019-12-29T06:00:00-00:00,2019-12-29T07:00:00-00:00,0,2019-12-28,23,0,ACTUAL,PSEI,Total Actual Hourly Integrated Load,SYS_FCST_ACT_MW,3.8,2978,ACTUAL,471
2019-12-28T19:00:00-00:00,2019-12-28T20:00:00-00:00,0,2019-12-28,12,0,ACTUAL,PSEI,Total Actual Hourly Integrated Load,SYS_FCST_ACT_MW,3.8,3373,ACTUAL,471
2019-12-28T22:00:00-00:00,2019-12-28T23:00:00-00:00,0,2019-12-28,15,0,ACTUAL,PSEI,Total Actual Hourly Integrated Load,SYS_FCST_ACT_MW,3.8,3307,ACTUAL,471
2019-12-29T03:00:00-00:00,2019-12-29T04:00:00-00:00,0,2019-12-28,20,0,ACTUAL,PSEI,Total Actual Hourly Integrated Load,SYS_FCST_ACT_MW,3.8,3444,ACTUAL,471
2019-12-28T18:00:00-00:00,2019-12-28T19:00:00-00:00,0,2019-12-28,11,0,ACTUAL,PSEI,Total Actual Hourly Integrated Load,SYS_FCST_ACT_MW,3.8,3409,ACTUAL,471
2019-12-28T20:00:00-00:00,2019-12-28T21:00:00-00:00,0,2019-12-28,13,0,ACTUAL,PSEI,Total Actual Hourly Integrated Load,SYS_FCST_ACT_MW,3.8,3351,ACTUAL,471
2019-12-28T09:00:00-00:00,2019-12-28T10:00:00-00:00,0,2019-12-28,2,0,ACTUAL,PSEI,Total Actual Hourly Integrated Load,SYS_FCST_ACT_MW,3.8,2625,ACTUAL,471
2019-12-28T15:00:00-00:00,2019-12-28T16:00:00-00:00,0,2019-12-28,8,0,ACTUAL,PSEI,Total Actual Hourly Integrated Load,SYS_FCST_ACT_MW,3.8,3140,ACTUAL,471
2019-12-29T01:00:00-00:00,2019-12-29T02:00:00-00:00,0,2019-12-28,18,0,ACTUAL,PSEI,Total Actual Hourly Integrated Load,SYS_FCST_ACT_MW,3.8,3590,ACTUAL,471
2019-12-29T07:00:00-00:00,2019-12-29T08:00:00-00:00,0,2019-12-28,24,0,ACTUAL,PSEI,Total Actual Hourly Integrated Load,SYS_FCST_ACT_MW,3.8,2769,ACTUAL,471
2019-12-29T00:00:00-00:00,2019-12-29T01:00:00-00:00,0,2019-12-28,17,0,ACTUAL,PSEI,Total Actual Hourly Integrated Load,SYS_FCST_ACT_MW,3.8,3501,ACTUAL,471
2019-12-28T10:00:00-00:00,2019-12-28T11:00:00-00:00,0,2019-12-28,3,0,ACTUAL,PSEI,Total Actual Hourly Integrated Load,SYS_FCST_ACT_MW,3.8,2573,ACTUAL,471
2019-12-28T23:00:00-00:00,2019-12-29T00:00:00-00:00,0,2019-12-28,16,0,ACTUAL,PSEI,Total Actual Hourly Integrated Load,SYS_FCST_ACT_MW,3.8,3348,ACTUAL,471
2019-12-28T21:00:00-00:00,2019-12-28T22:00:00-00:00,0,2019-12-28,14,0,ACTUAL,PSEI,Total Actual Hourly Integrated Load,SYS_FCST_ACT_MW,3.8,3320,ACTUAL,471
2019-12-28T12:00:00-00:00,2019-12-28T13:00:00-00:00,0,2019-12-28,5,0,ACTUAL,PSEI,Total Actual Hourly Integrated Load,SYS_FCST_ACT_MW,3.8,2628,ACTUAL,471
2019-12-28T15:00:00-00:00,2019-12-28T16:00:00-00:00,0,2019-12-28,8,0,ACTUAL,SCE-TAC,Total Actual Hourly Integrated Load,SYS_FCST_ACT_MW,3.2,10140,ACTUAL,472
2019-12-28T19:00:00-00:00,2019-12-28T20:00:00-00:00,0,2019-12-28,12,0,ACTUAL,SCE-TAC,Total Actual Hourly Integrated Load,SYS_FCST_ACT_MW,3.2,9323,ACTUAL,472
2019-12-29T06:00:00-00:00,2019-12-29T07:00:00-00:00,0,2019-12-28,23,0,ACTUAL,SCE-TAC,Total Actual Hourly Integrated Load,SYS_FCST_ACT_MW,3.2,10899,ACTUAL,472
2019-12-29T03:00:00-00:00,2019-12-29T04:00:00-00:00,0,2019-12-28,20,0,ACTUAL,SCE-TAC,Total Actual Hourly Integrated Load,SYS_FCST_ACT_MW,3.2,11875,ACTUAL,472
2019-12-28T13:00:00-00:00,2019-12-28T14:00:00-00:00,0,2019-12-28,6,0,ACTUAL,SCE-TAC,Total Actual Hourly Integrated Load,SYS_FCST_ACT_MW,3.2,9622,ACTUAL,472
2019-12-28T08:00:00-00:00,2019-12-28T09:00:00-00:00,0,2019-12-28,1,0,ACTUAL,SCE-TAC,Total Actual Hourly Integrated Load,SYS_FCST_ACT_MW,3.2,10019,ACTUAL,472
2019-12-28T11:00:00-00:00,2019-12-28T12:00:00-00:00,0,2019-12-28,4,0,ACTUAL,SCE-TAC,Total Actual Hourly Integrated Load,SYS_FCST_ACT_MW,3.2,9258,ACTUAL,472
2019-12-29T01:00:00-00:00,2019-12-29T02:00:00-00:00,0,2019-12-28,18,0,ACTUAL,SCE-TAC,Total Actual Hourly Integrated Load,SYS_FCST_ACT_MW,3.2,11682,ACTUAL,472
2019-12-28T10:00:00-00:00,2019-12-28T11:00:00-00:00,0,2019-12-28,3,0,ACTUAL,SCE-TAC,Total Actual Hourly Integrated Load,SYS_FCST_ACT_MW,3.2,9367,ACTUAL,472
2019-12-28T20:00:00-00:00,2019-12-28T21:00:00-00:00,0,2019-12-28,13,0,ACTUAL,SCE-TAC,Total Actual Hourly Integrated Load,SYS_FCST_ACT_MW,3.2,9145,ACTUAL,472
2019-12-28T21:00:00-00:00,2019-12-28T22:00:00-00:00,0,2019-12-28,14,0,ACTUAL,SCE-TAC,Total Actual Hourly Integrated Load,SYS_FCST_ACT_MW,3.2,9062,ACTUAL,472
2019-12-29T02:00:00-00:00,2019-12-29T03:00:00-00:00,0,2019-12-28,19,0,ACTUAL,SCE-TAC,Total Actual Hourly Integrated Load,SYS_FCST_ACT_MW,3.2,11903,ACTUAL,472
2019-12-28T09:00:00-00:00,2019-12-28T10:00:00-00:00,0,2019-12-28,2,0,ACTUAL,SCE-TAC,Total Actual Hourly Integrated Load,SYS_FCST_ACT_MW,3.2,9646,ACTUAL,472
2019-12-28T12:00:00-00:00,2019-12-28T13:00:00-00:00,0,2019-12-28,5,0,ACTUAL,SCE-TAC,Total Actual Hourly Integrated Load,SYS_FCST_ACT_MW,3.2,9319,ACTUAL,472
2019-12-28T17:00:00-00:00,2019-12-28T18:00:00-00:00,0,2019-12-28,10,0,ACTUAL,SCE-TAC,Total Actual Hourly Integrated Load,SYS_FCST_ACT_MW,3.2,9811,ACTUAL,472
2019-12-29T07:00:00-00:00,2019-12-29T08:00:00-00:00,0,2019-12-28,24,0,ACTUAL,SCE-TAC,Total Actual Hourly Integrated Load,SYS_FCST_ACT_MW,3.2,10300,ACTUAL,472
2019-12-29T05:00:00-00:00,2019-12-29T06:00:00-00:00,0,2019-12-28,22,0,ACTUAL,SCE-TAC,Total Actual Hourly Integrated Load,SYS_FCST_ACT_MW,3.2,11421,ACTUAL,472
2019-12-28T18:00:00-00:00,2019-12-28T19:00:00-00:00,0,2019-12-28,11,0,ACTUAL,SCE-TAC,Total Actual Hourly Integrated Load,SYS_FCST_ACT_MW,3.2,9525,ACTUAL,472
2019-12-28T16:00:00-00:00,2019-12-28T17:00:00-00:00,0,2019-12-28,9,0,ACTUAL,SCE-TAC,Total Actual Hourly Integrated Load,SYS_FCST_ACT_MW,3.2,10053,ACTUAL,472
2019-12-28T23:00:00-00:00,2019-12-29T00:00:00-00:00,0,2019-12-28,16,0,ACTUAL,SCE-TAC,Total Actual Hourly Integrated Load,SYS_FCST_ACT_MW,3.2,9533,ACTUAL,472
2019-12-29T04:00:00-00:00,2019-12-29T05:00:00-00:00,0,2019-12-28,21,0,ACTUAL,SCE-TAC,Total Actual Hourly Integrated Load,SYS_FCST_ACT_MW,3.2,11727,ACTUAL,472
2019-12-29T00:00:00-00:00,2019-12-29T01:00:00-00:00,0,2019-12-28,17,0,ACTUAL,SCE-TAC,Total Actual Hourly Integrated Load,SYS_FCST_ACT_MW,3.2,10344,ACTUAL,472
2019-12-28T22:00:00-00:00,2019-12-28T23:00:00-00:00,0,2019-12-28,15,0,ACTUAL,SCE-TAC,Total Actual Hourly Integrated Load,SYS_FCST_ACT_MW,3.2,9148,ACTUAL,472
2019-12-28T14:00:00-00:00,2019-12-28T15:00:00-00:00,0,2019-12-28,7,0,ACTUAL,SCE-TAC,Total Actual Hourly Integrated Load,SYS_FCST_ACT_MW,3.2,10036,ACTUAL,472
2019-12-29T02:00:00-00:00,2019-12-29T03:00:00-00:00,0,2019-12-28,19,0,ACTUAL,SCL,Total Actual Hourly Integrated Load,SYS_FCST_ACT_MW,3.8,1275,ACTUAL,473
2019-12-28T08:00:00-00:00,2019-12-28T09:00:00-00:00,0,2019-12-28,1,0,ACTUAL,SCL,Total Actual Hourly Integrated Load,SYS_FCST_ACT_MW,3.8,1034,ACTUAL,473
2019-12-29T05:00:00-00:00,2019-12-29T06:00:00-00:00,0,2019-12-28,22,0,ACTUAL,SCL,Total Actual Hourly Integrated Load,SYS_FCST_ACT_MW,3.8,1171,ACTUAL,473
2019-12-29T00:00:00-00:00,2019-12-29T01:00:00-00:00,0,2019-12-28,17,0,ACTUAL,SCL,Total Actual Hourly Integrated Load,SYS_FCST_ACT_MW,3.8,1268,ACTUAL,473
2019-12-28T14:00:00-00:00,2019-12-28T15:00:00-00:00,0,2019-12-28,7,0,ACTUAL,SCL,Total Actual Hourly Integrated Load,SYS_FCST_ACT_MW,3.8,1075,ACTUAL,473
2019-12-28T20:00:00-00:00,2019-12-28T21:00:00-00:00,0,2019-12-28,13,0,ACTUAL,SCL,Total Actual Hourly Integrated Load,SYS_FCST_ACT_MW,3.8,1227,ACTUAL,473
2019-12-28T16:00:00-00:00,2019-12-28T17:00:00-00:00,0,2019-12-28,9,0,ACTUAL,SCL,Total Actual Hourly Integrated Load,SYS_FCST_ACT_MW,3.8,1206,ACTUAL,473
2019-12-28T12:00:00-00:00,2019-12-28T13:00:00-00:00,0,2019-12-28,5,0,ACTUAL,SCL,Total Actual Hourly Integrated Load,SYS_FCST_ACT_MW,3.8,975,ACTUAL,473
2019-12-28T09:00:00-00:00,2019-12-28T10:00:00-00:00,0,2019-12-28,2,0,ACTUAL,SCL,Total Actual Hourly Integrated Load,SYS_FCST_ACT_MW,3.8,988,ACTUAL,473
2019-12-28T21:00:00-00:00,2019-12-28T22:00:00-00:00,0,2019-12-28,14,0,ACTUAL,SCL,Total Actual Hourly Integrated Load,SYS_FCST_ACT_MW,3.8,1215,ACTUAL,473
2019-12-28T19:00:00-00:00,2019-12-28T20:00:00-00:00,0,2019-12-28,12,0,ACTUAL,SCL,Total Actual Hourly Integrated Load,SYS_FCST_ACT_MW,3.8,1221,ACTUAL,473
2019-12-28T15:00:00-00:00,2019-12-28T16:00:00-00:00,0,2019-12-28,8,0,ACTUAL,SCL,Total Actual Hourly Integrated Load,SYS_FCST_ACT_MW,3.8,1143,ACTUAL,473
2019-12-29T04:00:00-00:00,2019-12-29T05:00:00-00:00,0,2019-12-28,21,0,ACTUAL,SCL,Total Actual Hourly Integrated Load,SYS_FCST_ACT_MW,3.8,1216,ACTUAL,473
2019-12-28T17:00:00-00:00,2019-12-28T18:00:00-00:00,0,2019-12-28,10,0,ACTUAL,SCL,Total Actual Hourly Integrated Load,SYS_FCST_ACT_MW,3.8,1235,ACTUAL,473
2019-12-28T13:00:00-00:00,2019-12-28T14:00:00-00:00,0,2019-12-28,6,0,ACTUAL,SCL,Total Actual Hourly Integrated Load,SYS_FCST_ACT_MW,3.8,1018,ACTUAL,473
2019-12-28T10:00:00-00:00,2019-12-28T11:00:00-00:00,0,2019-12-28,3,0,ACTUAL,SCL,Total Actual Hourly Integrated Load,SYS_FCST_ACT_MW,3.8,968,ACTUAL,473
2019-12-29T03:00:00-00:00,2019-12-29T04:00:00-00:00,0,2019-12-28,20,0,ACTUAL,SCL,Total Actual Hourly Integrated Load,SYS_FCST_ACT_MW,3.8,1248,ACTUAL,473
2019-12-29T01:00:00-00:00,2019-12-29T02:00:00-00:00,0,2019-12-28,18,0,ACTUAL,SCL,Total Actual Hourly Integrated Load,SYS_FCST_ACT_MW,3.8,1290,ACTUAL,473
2019-12-29T07:00:00-00:00,2019-12-29T08:00:00-00:00,0,2019-12-28,24,0,ACTUAL,SCL,Total Actual Hourly Integrated Load,SYS_FCST_ACT_MW,3.8,1039,ACTUAL,473
2019-12-28T23:00:00-00:00,2019-12-29T00:00:00-00:00,0,2019-12-28,16,0,ACTUAL,SCL,Total Actual Hourly Integrated Load,SYS_FCST_ACT_MW,3.8,1225,ACTUAL,473
2019-12-28T11:00:00-00:00,2019-12-28T12:00:00-00:00,0,2019-12-28,4,0,ACTUAL,SCL,Total Actual Hourly Integrated Load,SYS_FCST_ACT_MW,3.8,960,ACTUAL,473
2019-12-28T18:00:00-00:00,2019-12-28T19:00:00-00:00,0,2019-12-28,11,0,ACTUAL,SCL,Total Actual Hourly Integrated Load,SYS_FCST_ACT_MW,3.8,1226,ACTUAL,473
2019-12-29T06:00:00-00:00,2019-12-29T07:00:00-00:00,0,2019-12-28,23,0,ACTUAL,SCL,Total Actual Hourly Integrated Load,SYS_FCST_ACT_MW,3.8,1109,ACTUAL,473
2019-12-28T22:00:00-00:00,2019-12-28T23:00:00-00:00,0,2019-12-28,15,0,ACTUAL,SCL,Total Actual Hourly Integrated Load,SYS_FCST_ACT_MW,3.8,1215,ACTUAL,473
2019-12-29T06:00:00-00:00,2019-12-29T07:00:00-00:00,0,2019-12-28,23,0,ACTUAL,SDGE-TAC,Total Actual Hourly Integrated Load,SYS_FCST_ACT_MW,3.4,2303,ACTUAL,474
2019-12-28T09:00:00-00:00,2019-12-28T10:00:00-00:00,0,2019-12-28,2,0,ACTUAL,SDGE-TAC,Total Actual Hourly Integrated Load,SYS_FCST_ACT_MW,3.4,1966,ACTUAL,474
2019-12-28T17:00:00-00:00,2019-12-28T18:00:00-00:00,0,2019-12-28,10,0,ACTUAL,SDGE-TAC,Total Actual Hourly Integrated Load,SYS_FCST_ACT_MW,3.4,1868,ACTUAL,474
2019-12-28T18:00:00-00:00,2019-12-28T19:00:00-00:00,0,2019-12-28,11,0,ACTUAL,SDGE-TAC,Total Actual Hourly Integrated Load,SYS_FCST_ACT_MW,3.4,1813,ACTUAL,474
2019-12-28T08:00:00-00:00,2019-12-28T09:00:00-00:00,0,2019-12-28,1,0,ACTUAL,SDGE-TAC,Total Actual Hourly Integrated Load,SYS_FCST_ACT_MW,3.4,2056,ACTUAL,474
2019-12-28T13:00:00-00:00,2019-12-28T14:00:00-00:00,0,2019-12-28,6,0,ACTUAL,SDGE-TAC,Total Actual Hourly Integrated Load,SYS_FCST_ACT_MW,3.4,1992,ACTUAL,474
2019-12-28T16:00:00-00:00,2019-12-28T17:00:00-00:00,0,2019-12-28,9,0,ACTUAL,SDGE-TAC,Total Actual Hourly Integrated Load,SYS_FCST_ACT_MW,3.4,2055,ACTUAL,474
2019-12-29T03:00:00-00:00,2019-12-29T04:00:00-00:00,0,2019-12-28,20,0,ACTUAL,SDGE-TAC,Total Actual Hourly Integrated Load,SYS_FCST_ACT_MW,3.4,2619,ACTUAL,474
2019-12-28T14:00:00-00:00,2019-12-28T15:00:00-00:00,0,2019-12-28,7,0,ACTUAL,SDGE-TAC,Total Actual Hourly Integrated Load,SYS_FCST_ACT_MW,3.4,2108,ACTUAL,474
2019-12-28T23:00:00-00:00,2019-12-29T00:00:00-00:00,0,2019-12-28,16,0,ACTUAL,SDGE-TAC,Total Actual Hourly Integrated Load,SYS_FCST_ACT_MW,3.4,2036,ACTUAL,474
2019-12-29T02:00:00-00:00,2019-12-29T03:00:00-00:00,0,2019-12-28,19,0,ACTUAL,SDGE-TAC,Total Actual Hourly Integrated Load,SYS_FCST_ACT_MW,3.4,2649,ACTUAL,474
2019-12-28T15:00:00-00:00,2019-12-28T16:00:00-00:00,0,2019-12-28,8,0,ACTUAL,SDGE-TAC,Total Actual Hourly Integrated Load,SYS_FCST_ACT_MW,3.4,2150,ACTUAL,474
2019-12-28T20:00:00-00:00,2019-12-28T21:00:00-00:00,0,2019-12-28,13,0,ACTUAL,SDGE-TAC,Total Actual Hourly Integrated Load,SYS_FCST_ACT_MW,3.4,1733,ACTUAL,474
2019-12-28T21:00:00-00:00,2019-12-28T22:00:00-00:00,0,2019-12-28,14,0,ACTUAL,SDGE-TAC,Total Actual Hourly Integrated Load,SYS_FCST_ACT_MW,3.4,1736,ACTUAL,474
2019-12-28T10:00:00-00:00,2019-12-28T11:00:00-00:00,0,2019-12-28,3,0,ACTUAL,SDGE-TAC,Total Actual Hourly Integrated Load,SYS_FCST_ACT_MW,3.4,1925,ACTUAL,474
2019-12-28T11:00:00-00:00,2019-12-28T12:00:00-00:00,0,2019-12-28,4,0,ACTUAL,SDGE-TAC,Total Actual Hourly Integrated Load,SYS_FCST_ACT_MW,3.4,1934,ACTUAL,474
2019-12-28T12:00:00-00:00,2019-12-28T13:00:00-00:00,0,2019-12-28,5,0,ACTUAL,SDGE-TAC,Total Actual Hourly Integrated Load,SYS_FCST_ACT_MW,3.4,1955,ACTUAL,474
2019-12-28T19:00:00-00:00,2019-12-28T20:00:00-00:00,0,2019-12-28,12,0,ACTUAL,SDGE-TAC,Total Actual Hourly Integrated Load,SYS_FCST_ACT_MW,3.4,1760,ACTUAL,474
2019-12-29T00:00:00-00:00,2019-12-29T01:00:00-00:00,0,2019-12-28,17,0,ACTUAL,SDGE-TAC,Total Actual Hourly Integrated Load,SYS_FCST_ACT_MW,3.4,2287,ACTUAL,474
2019-12-29T05:00:00-00:00,2019-12-29T06:00:00-00:00,0,2019-12-28,22,0,ACTUAL,SDGE-TAC,Total Actual Hourly Integrated Load,SYS_FCST_ACT_MW,3.4,2473,ACTUAL,474
2019-12-29T04:00:00-00:00,2019-12-29T05:00:00-00:00,0,2019-12-28,21,0,ACTUAL,SDGE-TAC,Total Actual Hourly Integrated Load,SYS_FCST_ACT_MW,3.4,2563,ACTUAL,474
2019-12-29T07:00:00-00:00,2019-12-29T08:00:00-00:00,0,2019-12-28,24,0,ACTUAL,SDGE-TAC,Total Actual Hourly Integrated Load,SYS_FCST_ACT_MW,3.4,2122,ACTUAL,474
2019-12-28T22:00:00-00:00,2019-12-28T23:00:00-00:00,0,2019-12-28,15,0,ACTUAL,SDGE-TAC,Total Actual Hourly Integrated Load,SYS_FCST_ACT_MW,3.4,1857,ACTUAL,474
2019-12-29T01:00:00-00:00,2019-12-29T02:00:00-00:00,0,2019-12-28,18,0,ACTUAL,SDGE-TAC,Total Actual Hourly Integrated Load,SYS_FCST_ACT_MW,3.4,2608,ACTUAL,474
2019-12-29T04:00:00-00:00,2019-12-29T05:00:00-00:00,0,2019-12-28,21,0,ACTUAL,SRP,Total Actual Hourly Integrated Load,SYS_FCST_ACT_MW,3.8,3320,ACTUAL,475
2019-12-29T06:00:00-00:00,2019-12-29T07:00:00-00:00,0,2019-12-28,23,0,ACTUAL,SRP,Total Actual Hourly Integrated Load,SYS_FCST_ACT_MW,3.8,3121,ACTUAL,475
2019-12-28T15:00:00-00:00,2019-12-28T16:00:00-00:00,0,2019-12-28,8,0,ACTUAL,SRP,Total Actual Hourly Integrated Load,SYS_FCST_ACT_MW,3.8,3103,ACTUAL,475
2019-12-28T13:00:00-00:00,2019-12-28T14:00:00-00:00,0,2019-12-28,6,0,ACTUAL,SRP,Total Actual Hourly Integrated Load,SYS_FCST_ACT_MW,3.8,2887,ACTUAL,475
2019-12-28T18:00:00-00:00,2019-12-28T19:00:00-00:00,0,2019-12-28,11,0,ACTUAL,SRP,Total Actual Hourly Integrated Load,SYS_FCST_ACT_MW,3.8,2943,ACTUAL,475
2019-12-28T21:00:00-00:00,2019-12-28T22:00:00-00:00,0,2019-12-28,14,0,ACTUAL,SRP,Total Actual Hourly Integrated Load,SYS_FCST_ACT_MW,3.8,2864,ACTUAL,475
2019-12-28T12:00:00-00:00,2019-12-28T13:00:00-00:00,0,2019-12-28,5,0,ACTUAL,SRP,Total Actual Hourly Integrated Load,SYS_FCST_ACT_MW,3.8,2733,ACTUAL,475
2019-12-28T19:00:00-00:00,2019-12-28T20:00:00-00:00,0,2019-12-28,12,0,ACTUAL,SRP,Total Actual Hourly Integrated Load,SYS_FCST_ACT_MW,3.8,2883,ACTUAL,475
2019-12-29T02:00:00-00:00,2019-12-29T03:00:00-00:00,0,2019-12-28,19,0,ACTUAL,SRP,Total Actual Hourly Integrated Load,SYS_FCST_ACT_MW,3.8,3369,ACTUAL,475
2019-12-29T07:00:00-00:00,2019-12-29T08:00:00-00:00,0,2019-12-28,24,0,ACTUAL,SRP,Total Actual Hourly Integrated Load,SYS_FCST_ACT_MW,3.8,3051,ACTUAL,475
2019-12-28T08:00:00-00:00,2019-12-28T09:00:00-00:00,0,2019-12-28,1,0,ACTUAL,SRP,Total Actual Hourly Integrated Load,SYS_FCST_ACT_MW,3.8,2643,ACTUAL,475
2019-12-29T01:00:00-00:00,2019-12-29T02:00:00-00:00,0,2019-12-28,18,0,ACTUAL,SRP,Total Actual Hourly Integrated Load,SYS_FCST_ACT_MW,3.8,3369,ACTUAL,475
2019-12-29T03:00:00-00:00,2019-12-29T04:00:00-00:00,0,2019-12-28,20,0,ACTUAL,SRP,Total Actual Hourly Integrated Load,SYS_FCST_ACT_MW,3.8,3356,ACTUAL,475
2019-12-28T17:00:00-00:00,2019-12-28T18:00:00-00:00,0,2019-12-28,10,0,ACTUAL,SRP,Total Actual Hourly Integrated Load,SYS_FCST_ACT_MW,3.8,3012,ACTUAL,475
2019-12-29T00:00:00-00:00,2019-12-29T01:00:00-00:00,0,2019-12-28,17,0,ACTUAL,SRP,Total Actual Hourly Integrated Load,SYS_FCST_ACT_MW,3.8,3162,ACTUAL,475
2019-12-29T05:00:00-00:00,2019-12-29T06:00:00-00:00,0,2019-12-28,22,0,ACTUAL,SRP,Total Actual Hourly Integrated Load,SYS_FCST_ACT_MW,3.8,3237,ACTUAL,475
2019-12-28T11:00:00-00:00,2019-12-28T12:00:00-00:00,0,2019-12-28,4,0,ACTUAL,SRP,Total Actual Hourly Integrated Load,SYS_FCST_ACT_MW,3.8,2641,ACTUAL,475
2019-12-28T14:00:00-00:00,2019-12-28T15:00:00-00:00,0,2019-12-28,7,0,ACTUAL,SRP,Total Actual Hourly Integrated Load,SYS_FCST_ACT_MW,3.8,3029,ACTUAL,475
2019-12-28T22:00:00-00:00,2019-12-28T23:00:00-00:00,0,2019-12-28,15,0,ACTUAL,SRP,Total Actual Hourly Integrated Load,SYS_FCST_ACT_MW,3.8,2851,ACTUAL,475
2019-12-28T20:00:00-00:00,2019-12-28T21:00:00-00:00,0,2019-12-28,13,0,ACTUAL,SRP,Total Actual Hourly Integrated Load,SYS_FCST_ACT_MW,3.8,2861,ACTUAL,475
2019-12-28T23:00:00-00:00,2019-12-29T00:00:00-00:00,0,2019-12-28,16,0,ACTUAL,SRP,Total Actual Hourly Integrated Load,SYS_FCST_ACT_MW,3.8,2907,ACTUAL,475
2019-12-28T09:00:00-00:00,2019-12-28T10:00:00-00:00,0,2019-12-28,2,0,ACTUAL,SRP,Total Actual Hourly Integrated Load,SYS_FCST_ACT_MW,3.8,2608,ACTUAL,475
2019-12-28T16:00:00-00:00,2019-12-28T17:00:00-00:00,0,2019-12-28,9,0,ACTUAL,SRP,Total Actual Hourly Integrated Load,SYS_FCST_ACT_MW,3.8,3072,ACTUAL,475
2019-12-28T10:00:00-00:00,2019-12-28T11:00:00-00:00,0,2019-12-28,3,0,ACTUAL,SRP,Total Actual Hourly Integrated Load,SYS_FCST_ACT_MW,3.8,2601,ACTUAL,475
2019-12-29T04:00:00-00:00,2019-12-29T05:00:00-00:00,0,2019-12-28,21,0,ACTUAL,VEA-TAC,Total Actual Hourly Integrated Load,SYS_FCST_ACT_MW,3.5,91,ACTUAL,476
2019-12-28T21:00:00-00:00,2019-12-28T22:00:00-00:00,0,2019-12-28,14,0,ACTUAL,VEA-TAC,Total Actual Hourly Integrated Load,SYS_FCST_ACT_MW,3.5,73,ACTUAL,476
2019-12-28T22:00:00-00:00,2019-12-28T23:00:00-00:00,0,2019-12-28,15,0,ACTUAL,VEA-TAC,Total Actual Hourly Integrated Load,SYS_FCST_ACT_MW,3.5,72,ACTUAL,476
2019-12-28T23:00:00-00:00,2019-12-29T00:00:00-00:00,0,2019-12-28,16,0,ACTUAL,VEA-TAC,Total Actual Hourly Integrated Load,SYS_FCST_ACT_MW,3.5,74,ACTUAL,476
2019-12-28T10:00:00-00:00,2019-12-28T11:00:00-00:00,0,2019-12-28,3,0,ACTUAL,VEA-TAC,Total Actual Hourly Integrated Load,SYS_FCST_ACT_MW,3.5,88,ACTUAL,476
2019-12-28T12:00:00-00:00,2019-12-28T13:00:00-00:00,0,2019-12-28,5,0,ACTUAL,VEA-TAC,Total Actual Hourly Integrated Load,SYS_FCST_ACT_MW,3.5,93,ACTUAL,476
2019-12-28T16:00:00-00:00,2019-12-28T17:00:00-00:00,0,2019-12-28,9,0,ACTUAL,VEA-TAC,Total Actual Hourly Integrated Load,SYS_FCST_ACT_MW,3.5,98,ACTUAL,476
2019-12-28T18:00:00-00:00,2019-12-28T19:00:00-00:00,0,2019-12-28,11,0,ACTUAL,VEA-TAC,Total Actual Hourly Integrated Load,SYS_FCST_ACT_MW,3.5,85,ACTUAL,476
2019-12-28T19:00:00-00:00,2019-12-28T20:00:00-00:00,0,2019-12-28,12,0,ACTUAL,VEA-TAC,Total Actual Hourly Integrated Load,SYS_FCST_ACT_MW,3.5,79,ACTUAL,476
2019-12-29T01:00:00-00:00,2019-12-29T02:00:00-00:00,0,2019-12-28,18,0,ACTUAL,VEA-TAC,Total Actual Hourly Integrated Load,SYS_FCST_ACT_MW,3.5,92,ACTUAL,476
2019-12-29T07:00:00-00:00,2019-12-29T08:00:00-00:00,0,2019-12-28,24,0,ACTUAL,VEA-TAC,Total Actual Hourly Integrated Load,SYS_FCST_ACT_MW,3.5,86,ACTUAL,476
2019-12-28T11:00:00-00:00,2019-12-28T12:00:00-00:00,0,2019-12-28,4,0,ACTUAL,VEA-TAC,Total Actual Hourly Integrated Load,SYS_FCST_ACT_MW,3.5,90,ACTUAL,476
2019-12-28T15:00:00-00:00,2019-12-28T16:00:00-00:00,0,2019-12-28,8,0,ACTUAL,VEA-TAC,Total Actual Hourly Integrated Load,SYS_FCST_ACT_MW,3.5,104,ACTUAL,476
2019-12-28T20:00:00-00:00,2019-12-28T21:00:00-00:00,0,2019-12-28,13,0,ACTUAL,VEA-TAC,Total Actual Hourly Integrated Load,SYS_FCST_ACT_MW,3.5,76,ACTUAL,476
2019-12-29T00:00:00-00:00,2019-12-29T01:00:00-00:00,0,2019-12-28,17,0,ACTUAL,VEA-TAC,Total Actual Hourly Integrated Load,SYS_FCST_ACT_MW,3.5,83,ACTUAL,476
2019-12-29T05:00:00-00:00,2019-12-29T06:00:00-00:00,0,2019-12-28,22,0,ACTUAL,VEA-TAC,Total Actual Hourly Integrated Load,SYS_FCST_ACT_MW,3.5,89,ACTUAL,476
2019-12-28T08:00:00-00:00,2019-12-28T09:00:00-00:00,0,2019-12-28,1,0,ACTUAL,VEA-TAC,Total Actual Hourly Integrated Load,SYS_FCST_ACT_MW,3.5,85,ACTUAL,476
2019-12-28T09:00:00-00:00,2019-12-28T10:00:00-00:00,0,2019-12-28,2,0,ACTUAL,VEA-TAC,Total Actual Hourly Integrated Load,SYS_FCST_ACT_MW,3.5,86,ACTUAL,476
2019-12-29T02:00:00-00:00,2019-12-29T03:00:00-00:00,0,2019-12-28,19,0,ACTUAL,VEA-TAC,Total Actual Hourly Integrated Load,SYS_FCST_ACT_MW,3.5,92,ACTUAL,476
2019-12-29T03:00:00-00:00,2019-12-29T04:00:00-00:00,0,2019-12-28,20,0,ACTUAL,VEA-TAC,Total Actual Hourly Integrated Load,SYS_FCST_ACT_MW,3.5,92,ACTUAL,476
2019-12-29T06:00:00-00:00,2019-12-29T07:00:00-00:00,0,2019-12-28,23,0,ACTUAL,VEA-TAC,Total Actual Hourly Integrated Load,SYS_FCST_ACT_MW,3.5,87,ACTUAL,476
2019-12-28T13:00:00-00:00,2019-12-28T14:00:00-00:00,0,2019-12-28,6,0,ACTUAL,VEA-TAC,Total Actual Hourly Integrated Load,SYS_FCST_ACT_MW,3.5,98,ACTUAL,476
2019-12-28T14:00:00-00:00,2019-12-28T15:00:00-00:00,0,2019-12-28,7,0,ACTUAL,VEA-TAC,Total Actual Hourly Integrated Load,SYS_FCST_ACT_MW,3.5,104,ACTUAL,476
2019-12-28T17:00:00-00:00,2019-12-28T18:00:00-00:00,0,2019-12-28,10,0,ACTUAL,VEA-TAC,Total Actual Hourly Integrated Load,SYS_FCST_ACT_MW,3.5,91,ACTUAL,476
2019-12-29T23:00:00-00:00,2019-12-30T00:00:00-00:00,0,2019-12-29,16,0,ACTUAL,AZPS,Total Actual Hourly Integrated Load,SYS_FCST_ACT_MW,3.8,2937,ACTUAL,477
2019-12-29T14:00:00-00:00,2019-12-29T15:00:00-00:00,0,2019-12-29,7,0,ACTUAL,AZPS,Total Actual Hourly Integrated Load,SYS_FCST_ACT_MW,3.8,3784,ACTUAL,477
2019-12-30T07:00:00-00:00,2019-12-30T08:00:00-00:00,0,2019-12-29,24,0,ACTUAL,AZPS,Total Actual Hourly Integrated Load,SYS_FCST_ACT_MW,3.8,3091,ACTUAL,477
2019-12-29T11:00:00-00:00,2019-12-29T12:00:00-00:00,0,2019-12-29,4,0,ACTUAL,AZPS,Total Actual Hourly Integrated Load,SYS_FCST_ACT_MW,3.8,3319,ACTUAL,477
2019-12-30T01:00:00-00:00,2019-12-30T02:00:00-00:00,0,2019-12-29,18,0,ACTUAL,AZPS,Total Actual Hourly Integrated Load,SYS_FCST_ACT_MW,3.8,3610,ACTUAL,477
2019-12-29T08:00:00-00:00,2019-12-29T09:00:00-00:00,0,2019-12-29,1,0,ACTUAL,AZPS,Total Actual Hourly Integrated Load,SYS_FCST_ACT_MW,3.8,3218,ACTUAL,477
2019-12-29T16:00:00-00:00,2019-12-29T17:00:00-00:00,0,2019-12-29,9,0,ACTUAL,AZPS,Total Actual Hourly Integrated Load,SYS_FCST_ACT_MW,3.8,3380,ACTUAL,477
2019-12-29T18:00:00-00:00,2019-12-29T19:00:00-00:00,0,2019-12-29,11,0,ACTUAL,AZPS,Total Actual Hourly Integrated Load,SYS_FCST_ACT_MW,3.8,2827,ACTUAL,477
2019-12-29T13:00:00-00:00,2019-12-29T14:00:00-00:00,0,2019-12-29,6,0,ACTUAL,AZPS,Total Actual Hourly Integrated Load,SYS_FCST_ACT_MW,3.8,3632,ACTUAL,477
2019-12-29T20:00:00-00:00,2019-12-29T21:00:00-00:00,0,2019-12-29,13,0,ACTUAL,AZPS,Total Actual Hourly Integrated Load,SYS_FCST_ACT_MW,3.8,2561,ACTUAL,477
2019-12-30T05:00:00-00:00,2019-12-30T06:00:00-00:00,0,2019-12-29,22,0,ACTUAL,AZPS,Total Actual Hourly Integrated Load,SYS_FCST_ACT_MW,3.8,3357,ACTUAL,477
2019-12-30T06:00:00-00:00,2019-12-30T07:00:00-00:00,0,2019-12-29,23,0,ACTUAL,AZPS,Total Actual Hourly Integrated Load,SYS_FCST_ACT_MW,3.8,3180,ACTUAL,477
2019-12-29T15:00:00-00:00,2019-12-29T16:00:00-00:00,0,2019-12-29,8,0,ACTUAL,AZPS,Total Actual Hourly Integrated Load,SYS_FCST_ACT_MW,3.8,3692,ACTUAL,477
2019-12-30T02:00:00-00:00,2019-12-30T03:00:00-00:00,0,2019-12-29,19,0,ACTUAL,AZPS,Total Actual Hourly Integrated Load,SYS_FCST_ACT_MW,3.8,3622,ACTUAL,477
2019-12-30T03:00:00-00:00,2019-12-30T04:00:00-00:00,0,2019-12-29,20,0,ACTUAL,AZPS,Total Actual Hourly Integrated Load,SYS_FCST_ACT_MW,3.8,3614,ACTUAL,477
2019-12-29T12:00:00-00:00,2019-12-29T13:00:00-00:00,0,2019-12-29,5,0,ACTUAL,AZPS,Total Actual Hourly Integrated Load,SYS_FCST_ACT_MW,3.8,3456,ACTUAL,477
2019-12-29T19:00:00-00:00,2019-12-29T20:00:00-00:00,0,2019-12-29,12,0,ACTUAL,AZPS,Total Actual Hourly Integrated Load,SYS_FCST_ACT_MW,3.8,2659,ACTUAL,477
2019-12-29T22:00:00-00:00,2019-12-29T23:00:00-00:00,0,2019-12-29,15,0,ACTUAL,AZPS,Total Actual Hourly Integrated Load,SYS_FCST_ACT_MW,3.8,2658,ACTUAL,477
2019-12-29T21:00:00-00:00,2019-12-29T22:00:00-00:00,0,2019-12-29,14,0,ACTUAL,AZPS,Total Actual Hourly Integrated Load,SYS_FCST_ACT_MW,3.8,2555,ACTUAL,477
2019-12-29T09:00:00-00:00,2019-12-29T10:00:00-00:00,0,2019-12-29,2,0,ACTUAL,AZPS,Total Actual Hourly Integrated Load,SYS_FCST_ACT_MW,3.8,3213,ACTUAL,477
2019-12-29T17:00:00-00:00,2019-12-29T18:00:00-00:00,0,2019-12-29,10,0,ACTUAL,AZPS,Total Actual Hourly Integrated Load,SYS_FCST_ACT_MW,3.8,3062,ACTUAL,477
2019-12-30T04:00:00-00:00,2019-12-30T05:00:00-00:00,0,2019-12-29,21,0,ACTUAL,AZPS,Total Actual Hourly Integrated Load,SYS_FCST_ACT_MW,3.8,3536,ACTUAL,477
2019-12-29T10:00:00-00:00,2019-12-29T11:00:00-00:00,0,2019-12-29,3,0,ACTUAL,AZPS,Total Actual Hourly Integrated Load,SYS_FCST_ACT_MW,3.8,3241,ACTUAL,477
2019-12-30T00:00:00-00:00,2019-12-30T01:00:00-00:00,0,2019-12-29,17,0,ACTUAL,AZPS,Total Actual Hourly Integrated Load,SYS_FCST_ACT_MW,3.8,3356,ACTUAL,477
2019-12-30T04:00:00-00:00,2019-12-30T05:00:00-00:00,0,2019-12-29,21,0,ACTUAL,BANCSMUD,Total Actual Hourly Integrated Load,SYS_FCST_ACT_MW,3.8,1291,ACTUAL,478
2019-12-30T03:00:00-00:00,2019-12-30T04:00:00-00:00,0,2019-12-29,20,0,ACTUAL,BANCSMUD,Total Actual Hourly Integrated Load,SYS_FCST_ACT_MW,3.8,1322,ACTUAL,478
2019-12-29T10:00:00-00:00,2019-12-29T11:00:00-00:00,0,2019-12-29,3,0,ACTUAL,BANCSMUD,Total Actual Hourly Integrated Load,SYS_FCST_ACT_MW,3.8,955,ACTUAL,478
2019-12-29T09:00:00-00:00,2019-12-29T10:00:00-00:00,0,2019-12-29,2,0,ACTUAL,BANCSMUD,Total Actual Hourly Integrated Load,SYS_FCST_ACT_MW,3.8,987,ACTUAL,478
2019-12-29T23:00:00-00:00,2019-12-30T00:00:00-00:00,0,2019-12-29,16,0,ACTUAL,BANCSMUD,Total Actual Hourly Integrated Load,SYS_FCST_ACT_MW,3.8,1237,ACTUAL,478
2019-12-29T22:00:00-00:00,2019-12-29T23:00:00-00:00,0,2019-12-29,15,0,ACTUAL,BANCSMUD,Total Actual Hourly Integrated Load,SYS_FCST_ACT_MW,3.8,1207,ACTUAL,478
2019-12-29T15:00:00-00:00,2019-12-29T16:00:00-00:00,0,2019-12-29,8,0,ACTUAL,BANCSMUD,Total Actual Hourly Integrated Load,SYS_FCST_ACT_MW,3.8,1077,ACTUAL,478
2019-12-29T14:00:00-00:00,2019-12-29T15:00:00-00:00,0,2019-12-29,7,0,ACTUAL,BANCSMUD,Total Actual Hourly Integrated Load,SYS_FCST_ACT_MW,3.8,1025,ACTUAL,478
2019-12-30T02:00:00-00:00,2019-12-30T03:00:00-00:00,0,2019-12-29,19,0,ACTUAL,BANCSMUD,Total Actual Hourly Integrated Load,SYS_FCST_ACT_MW,3.8,1346,ACTUAL,478
2019-12-29T21:00:00-00:00,2019-12-29T22:00:00-00:00,0,2019-12-29,14,0,ACTUAL,BANCSMUD,Total Actual Hourly Integrated Load,SYS_FCST_ACT_MW,3.8,1205,ACTUAL,478
2019-12-29T20:00:00-00:00,2019-12-29T21:00:00-00:00,0,2019-12-29,13,0,ACTUAL,BANCSMUD,Total Actual Hourly Integrated Load,SYS_FCST_ACT_MW,3.8,1214,ACTUAL,478
2019-12-29T18:00:00-00:00,2019-12-29T19:00:00-00:00,0,2019-12-29,11,0,ACTUAL,BANCSMUD,Total Actual Hourly Integrated Load,SYS_FCST_ACT_MW,3.8,1185,ACTUAL,478
2019-12-30T00:00:00-00:00,2019-12-30T01:00:00-00:00,0,2019-12-29,17,0,ACTUAL,BANCSMUD,Total Actual Hourly Integrated Load,SYS_FCST_ACT_MW,3.8,1292,ACTUAL,478
2019-12-29T11:00:00-00:00,2019-12-29T12:00:00-00:00,0,2019-12-29,4,0,ACTUAL,BANCSMUD,Total Actual Hourly Integrated Load,SYS_FCST_ACT_MW,3.8,942,ACTUAL,478
2019-12-29T19:00:00-00:00,2019-12-29T20:00:00-00:00,0,2019-12-29,12,0,ACTUAL,BANCSMUD,Total Actual Hourly Integrated Load,SYS_FCST_ACT_MW,3.8,1205,ACTUAL,478
2019-12-29T17:00:00-00:00,2019-12-29T18:00:00-00:00,0,2019-12-29,10,0,ACTUAL,BANCSMUD,Total Actual Hourly Integrated Load,SYS_FCST_ACT_MW,3.8,1168,ACTUAL,478
2019-12-29T16:00:00-00:00,2019-12-29T17:00:00-00:00,0,2019-12-29,9,0,ACTUAL,BANCSMUD,Total Actual Hourly Integrated Load,SYS_FCST_ACT_MW,3.8,1128,ACTUAL,478
2019-12-30T06:00:00-00:00,2019-12-30T07:00:00-00:00,0,2019-12-29,23,0,ACTUAL,BANCSMUD,Total Actual Hourly Integrated Load,SYS_FCST_ACT_MW,3.8,1146,ACTUAL,478
2019-12-30T01:00:00-00:00,2019-12-30T02:00:00-00:00,0,2019-12-29,18,0,ACTUAL,BANCSMUD,Total Actual Hourly Integrated Load,SYS_FCST_ACT_MW,3.8,1360,ACTUAL,478
2019-12-29T13:00:00-00:00,2019-12-29T14:00:00-00:00,0,2019-12-29,6,0,ACTUAL,BANCSMUD,Total Actual Hourly Integrated Load,SYS_FCST_ACT_MW,3.8,977,ACTUAL,478
2019-12-29T08:00:00-00:00,2019-12-29T09:00:00-00:00,0,2019-12-29,1,0,ACTUAL,BANCSMUD,Total Actual Hourly Integrated Load,SYS_FCST_ACT_MW,3.8,1037,ACTUAL,478
2019-12-30T07:00:00-00:00,2019-12-30T08:00:00-00:00,0,2019-12-29,24,0,ACTUAL,BANCSMUD,Total Actual Hourly Integrated Load,SYS_FCST_ACT_MW,3.8,1053,ACTUAL,478
2019-12-30T05:00:00-00:00,2019-12-30T06:00:00-00:00,0,2019-12-29,22,0,ACTUAL,BANCSMUD,Total Actual Hourly Integrated Load,SYS_FCST_ACT_MW,3.8,1239,ACTUAL,478
2019-12-29T12:00:00-00:00,2019-12-29T13:00:00-00:00,0,2019-12-29,5,0,ACTUAL,BANCSMUD,Total Actual Hourly Integrated Load,SYS_FCST_ACT_MW,3.8,950,ACTUAL,478
2019-12-29T13:00:00-00:00,2019-12-29T14:00:00-00:00,0,2019-12-29,6,0,ACTUAL,BCHA,Total Actual Hourly Integrated Load,SYS_FCST_ACT_MW,3.8,6740,ACTUAL,479
2019-12-29T12:00:00-00:00,2019-12-29T13:00:00-00:00,0,2019-12-29,5,0,ACTUAL,BCHA,Total Actual Hourly Integrated Load,SYS_FCST_ACT_MW,3.8,6585,ACTUAL,479
2019-12-29T17:00:00-00:00,2019-12-29T18:00:00-00:00,0,2019-12-29,10,0,ACTUAL,BCHA,Total Actual Hourly Integrated Load,SYS_FCST_ACT_MW,3.8,7833,ACTUAL,479
2019-12-29T10:00:00-00:00,2019-12-29T11:00:00-00:00,0,2019-12-29,3,0,ACTUAL,BCHA,Total Actual Hourly Integrated Load,SYS_FCST_ACT_MW,3.8,6613,ACTUAL,479
2019-12-29T09:00:00-00:00,2019-12-29T10:00:00-00:00,0,2019-12-29,2,0,ACTUAL,BCHA,Total Actual Hourly Integrated Load,SYS_FCST_ACT_MW,3.8,6756,ACTUAL,479
2019-12-30T07:00:00-00:00,2019-12-30T08:00:00-00:00,0,2019-12-29,24,0,ACTUAL,BCHA,Total Actual Hourly Integrated Load,SYS_FCST_ACT_MW,3.8,7030,ACTUAL,479
2019-12-29T21:00:00-00:00,2019-12-29T22:00:00-00:00,0,2019-12-29,14,0,ACTUAL,BCHA,Total Actual Hourly Integrated Load,SYS_FCST_ACT_MW,3.8,7801,ACTUAL,479
2019-12-29T19:00:00-00:00,2019-12-29T20:00:00-00:00,0,2019-12-29,12,0,ACTUAL,BCHA,Total Actual Hourly Integrated Load,SYS_FCST_ACT_MW,3.8,7917,ACTUAL,479
2019-12-29T18:00:00-00:00,2019-12-29T19:00:00-00:00,0,2019-12-29,11,0,ACTUAL,BCHA,Total Actual Hourly Integrated Load,SYS_FCST_ACT_MW,3.8,7919,ACTUAL,479
2019-12-30T04:00:00-00:00,2019-12-30T05:00:00-00:00,0,2019-12-29,21,0,ACTUAL,BCHA,Total Actual Hourly Integrated Load,SYS_FCST_ACT_MW,3.8,8100,ACTUAL,479
2019-12-29T23:00:00-00:00,2019-12-30T00:00:00-00:00,0,2019-12-29,16,0,ACTUAL,BCHA,Total Actual Hourly Integrated Load,SYS_FCST_ACT_MW,3.8,7917,ACTUAL,479
2019-12-29T20:00:00-00:00,2019-12-29T21:00:00-00:00,0,2019-12-29,13,0,ACTUAL,BCHA,Total Actual Hourly Integrated Load,SYS_FCST_ACT_MW,3.8,7854,ACTUAL,479
2019-12-29T11:00:00-00:00,2019-12-29T12:00:00-00:00,0,2019-12-29,4,0,ACTUAL,BCHA,Total Actual Hourly Integrated Load,SYS_FCST_ACT_MW,3.8,6558,ACTUAL,479
2019-12-30T06:00:00-00:00,2019-12-30T07:00:00-00:00,0,2019-12-29,23,0,ACTUAL,BCHA,Total Actual Hourly Integrated Load,SYS_FCST_ACT_MW,3.8,7439,ACTUAL,479
2019-12-30T05:00:00-00:00,2019-12-30T06:00:00-00:00,0,2019-12-29,22,0,ACTUAL,BCHA,Total Actual Hourly Integrated Load,SYS_FCST_ACT_MW,3.8,7834,ACTUAL,479
2019-12-30T01:00:00-00:00,2019-12-30T02:00:00-00:00,0,2019-12-29,18,0,ACTUAL,BCHA,Total Actual Hourly Integrated Load,SYS_FCST_ACT_MW,3.8,8701,ACTUAL,479
2019-12-30T02:00:00-00:00,2019-12-30T03:00:00-00:00,0,2019-12-29,19,0,ACTUAL,BCHA,Total Actual Hourly Integrated Load,SYS_FCST_ACT_MW,3.8,8545,ACTUAL,479
2019-12-29T22:00:00-00:00,2019-12-29T23:00:00-00:00,0,2019-12-29,15,0,ACTUAL,BCHA,Total Actual Hourly Integrated Load,SYS_FCST_ACT_MW,3.8,7765,ACTUAL,479
2019-12-30T00:00:00-00:00,2019-12-30T01:00:00-00:00,0,2019-12-29,17,0,ACTUAL,BCHA,Total Actual Hourly Integrated Load,SYS_FCST_ACT_MW,3.8,8406,ACTUAL,479
2019-12-30T03:00:00-00:00,2019-12-30T04:00:00-00:00,0,2019-12-29,20,0,ACTUAL,BCHA,Total Actual Hourly Integrated Load,SYS_FCST_ACT_MW,3.8,8334,ACTUAL,479
2019-12-29T16:00:00-00:00,2019-12-29T17:00:00-00:00,0,2019-12-29,9,0,ACTUAL,BCHA,Total Actual Hourly Integrated Load,SYS_FCST_ACT_MW,3.8,7604,ACTUAL,479
2019-12-29T14:00:00-00:00,2019-12-29T15:00:00-00:00,0,2019-12-29,7,0,ACTUAL,BCHA,Total Actual Hourly Integrated Load,SYS_FCST_ACT_MW,3.8,6989,ACTUAL,479
2019-12-29T08:00:00-00:00,2019-12-29T09:00:00-00:00,0,2019-12-29,1,0,ACTUAL,BCHA,Total Actual Hourly Integrated Load,SYS_FCST_ACT_MW,3.8,6941,ACTUAL,479
2019-12-29T15:00:00-00:00,2019-12-29T16:00:00-00:00,0,2019-12-29,8,0,ACTUAL,BCHA,Total Actual Hourly Integrated Load,SYS_FCST_ACT_MW,3.8,7304,ACTUAL,479
2019-12-29T12:00:00-00:00,2019-12-29T13:00:00-00:00,0,2019-12-29,5,0,ACTUAL,CA ISO-TAC,Total Actual Hourly Integrated Load,SYS_FCST_ACT_MW,3,20289,ACTUAL,480
2019-12-30T05:00:00-00:00,2019-12-30T06:00:00-00:00,0,2019-12-29,22,0,ACTUAL,CA ISO-TAC,Total Actual Hourly Integrated Load,SYS_FCST_ACT_MW,3,25367,ACTUAL,480
2019-12-30T00:00:00-00:00,2019-12-30T01:00:00-00:00,0,2019-12-29,17,0,ACTUAL,CA ISO-TAC,Total Actual Hourly Integrated Load,SYS_FCST_ACT_MW,3,24804,ACTUAL,480
2019-12-29T10:00:00-00:00,2019-12-29T11:00:00-00:00,0,2019-12-29,3,0,ACTUAL,CA ISO-TAC,Total Actual Hourly Integrated Load,SYS_FCST_ACT_MW,3,20445,ACTUAL,480
2019-12-29T18:00:00-00:00,2019-12-29T19:00:00-00:00,0,2019-12-29,11,0,ACTUAL,CA ISO-TAC,Total Actual Hourly Integrated Load,SYS_FCST_ACT_MW,3,21585,ACTUAL,480
2019-12-29T22:00:00-00:00,2019-12-29T23:00:00-00:00,0,2019-12-29,15,0,ACTUAL,CA ISO-TAC,Total Actual Hourly Integrated Load,SYS_FCST_ACT_MW,3,22213,ACTUAL,480
2019-12-29T09:00:00-00:00,2019-12-29T10:00:00-00:00,0,2019-12-29,2,0,ACTUAL,CA ISO-TAC,Total Actual Hourly Integrated Load,SYS_FCST_ACT_MW,3,20929,ACTUAL,480
2019-12-29T13:00:00-00:00,2019-12-29T14:00:00-00:00,0,2019-12-29,6,0,ACTUAL,CA ISO-TAC,Total Actual Hourly Integrated Load,SYS_FCST_ACT_MW,3,20766,ACTUAL,480
2019-12-29T21:00:00-00:00,2019-12-29T22:00:00-00:00,0,2019-12-29,14,0,ACTUAL,CA ISO-TAC,Total Actual Hourly Integrated Load,SYS_FCST_ACT_MW,3,21662,ACTUAL,480
2019-12-29T11:00:00-00:00,2019-12-29T12:00:00-00:00,0,2019-12-29,4,0,ACTUAL,CA ISO-TAC,Total Actual Hourly Integrated Load,SYS_FCST_ACT_MW,3,20227,ACTUAL,480
2019-12-29T15:00:00-00:00,2019-12-29T16:00:00-00:00,0,2019-12-29,8,0,ACTUAL,CA ISO-TAC,Total Actual Hourly Integrated Load,SYS_FCST_ACT_MW,3,21943,ACTUAL,480
2019-12-29T19:00:00-00:00,2019-12-29T20:00:00-00:00,0,2019-12-29,12,0,ACTUAL,CA ISO-TAC,Total Actual Hourly Integrated Load,SYS_FCST_ACT_MW,3,21374,ACTUAL,480
2019-12-30T04:00:00-00:00,2019-12-30T05:00:00-00:00,0,2019-12-29,21,0,ACTUAL,CA ISO-TAC,Total Actual Hourly Integrated Load,SYS_FCST_ACT_MW,3,26328,ACTUAL,480
2019-12-29T14:00:00-00:00,2019-12-29T15:00:00-00:00,0,2019-12-29,7,0,ACTUAL,CA ISO-TAC,Total Actual Hourly Integrated Load,SYS_FCST_ACT_MW,3,21589,ACTUAL,480
2019-12-29T23:00:00-00:00,2019-12-30T00:00:00-00:00,0,2019-12-29,16,0,ACTUAL,CA ISO-TAC,Total Actual Hourly Integrated Load,SYS_FCST_ACT_MW,3,23121,ACTUAL,480
2019-12-30T01:00:00-00:00,2019-12-30T02:00:00-00:00,0,2019-12-29,18,0,ACTUAL,CA ISO-TAC,Total Actual Hourly Integrated Load,SYS_FCST_ACT_MW,3,27102,ACTUAL,480
2019-12-30T02:00:00-00:00,2019-12-30T03:00:00-00:00,0,2019-12-29,19,0,ACTUAL,CA ISO-TAC,Total Actual Hourly Integrated Load,SYS_FCST_ACT_MW,3,27281,ACTUAL,480
2019-12-30T03:00:00-00:00,2019-12-30T04:00:00-00:00,0,2019-12-29,20,0,ACTUAL,CA ISO-TAC,Total Actual Hourly Integrated Load,SYS_FCST_ACT_MW,3,26938,ACTUAL,480
2019-12-30T07:00:00-00:00,2019-12-30T08:00:00-00:00,0,2019-12-29,24,0,ACTUAL,CA ISO-TAC,Total Actual Hourly Integrated Load,SYS_FCST_ACT_MW,3,22156,ACTUAL,480
2019-12-29T08:00:00-00:00,2019-12-29T09:00:00-00:00,0,2019-12-29,1,0,ACTUAL,CA ISO-TAC,Total Actual Hourly Integrated Load,SYS_FCST_ACT_MW,3,21751,ACTUAL,480
2019-12-29T17:00:00-00:00,2019-12-29T18:00:00-00:00,0,2019-12-29,10,0,ACTUAL,CA ISO-TAC,Total Actual Hourly Integrated Load,SYS_FCST_ACT_MW,3,21955,ACTUAL,480
2019-12-29T20:00:00-00:00,2019-12-29T21:00:00-00:00,0,2019-12-29,13,0,ACTUAL,CA ISO-TAC,Total Actual Hourly Integrated Load,SYS_FCST_ACT_MW,3,21806,ACTUAL,480
2019-12-30T06:00:00-00:00,2019-12-30T07:00:00-00:00,0,2019-12-29,23,0,ACTUAL,CA ISO-TAC,Total Actual Hourly Integrated Load,SYS_FCST_ACT_MW,3,23794,ACTUAL,480
2019-12-29T16:00:00-00:00,2019-12-29T17:00:00-00:00,0,2019-12-29,9,0,ACTUAL,CA ISO-TAC,Total Actual Hourly Integrated Load,SYS_FCST_ACT_MW,3,22068,ACTUAL,480
2019-12-29T20:00:00-00:00,2019-12-29T21:00:00-00:00,0,2019-12-29,13,0,ACTUAL,IPCO,Total Actual Hourly Integrated Load,SYS_FCST_ACT_MW,3.8,2037,ACTUAL,481
2019-12-30T05:00:00-00:00,2019-12-30T06:00:00-00:00,0,2019-12-29,22,0,ACTUAL,IPCO,Total Actual Hourly Integrated Load,SYS_FCST_ACT_MW,3.8,1916,ACTUAL,481
2019-12-29T09:00:00-00:00,2019-12-29T10:00:00-00:00,0,2019-12-29,2,0,ACTUAL,IPCO,Total Actual Hourly Integrated Load,SYS_FCST_ACT_MW,3.8,1732,ACTUAL,481
2019-12-29T12:00:00-00:00,2019-12-29T13:00:00-00:00,0,2019-12-29,5,0,ACTUAL,IPCO,Total Actual Hourly Integrated Load,SYS_FCST_ACT_MW,3.8,1796,ACTUAL,481
2019-12-29T18:00:00-00:00,2019-12-29T19:00:00-00:00,0,2019-12-29,11,0,ACTUAL,IPCO,Total Actual Hourly Integrated Load,SYS_FCST_ACT_MW,3.8,2061,ACTUAL,481
2019-12-30T01:00:00-00:00,2019-12-30T02:00:00-00:00,0,2019-12-29,18,0,ACTUAL,IPCO,Total Actual Hourly Integrated Load,SYS_FCST_ACT_MW,3.8,2183,ACTUAL,481
2019-12-30T04:00:00-00:00,2019-12-30T05:00:00-00:00,0,2019-12-29,21,0,ACTUAL,IPCO,Total Actual Hourly Integrated Load,SYS_FCST_ACT_MW,3.8,2017,ACTUAL,481
2019-12-30T07:00:00-00:00,2019-12-30T08:00:00-00:00,0,2019-12-29,24,0,ACTUAL,IPCO,Total Actual Hourly Integrated Load,SYS_FCST_ACT_MW,3.8,1744,ACTUAL,481
2019-12-29T17:00:00-00:00,2019-12-29T18:00:00-00:00,0,2019-12-29,10,0,ACTUAL,IPCO,Total Actual Hourly Integrated Load,SYS_FCST_ACT_MW,3.8,2069,ACTUAL,481
2019-12-29T21:00:00-00:00,2019-12-29T22:00:00-00:00,0,2019-12-29,14,0,ACTUAL,IPCO,Total Actual Hourly Integrated Load,SYS_FCST_ACT_MW,3.8,2017,ACTUAL,481
2019-12-30T02:00:00-00:00,2019-12-30T03:00:00-00:00,0,2019-12-29,19,0,ACTUAL,IPCO,Total Actual Hourly Integrated Load,SYS_FCST_ACT_MW,3.8,2140,ACTUAL,481
2019-12-29T16:00:00-00:00,2019-12-29T17:00:00-00:00,0,2019-12-29,9,0,ACTUAL,IPCO,Total Actual Hourly Integrated Load,SYS_FCST_ACT_MW,3.8,2057,ACTUAL,481
2019-12-29T19:00:00-00:00,2019-12-29T20:00:00-00:00,0,2019-12-29,12,0,ACTUAL,IPCO,Total Actual Hourly Integrated Load,SYS_FCST_ACT_MW,3.8,2054,ACTUAL,481
2019-12-29T10:00:00-00:00,2019-12-29T11:00:00-00:00,0,2019-12-29,3,0,ACTUAL,IPCO,Total Actual Hourly Integrated Load,SYS_FCST_ACT_MW,3.8,1732,ACTUAL,481
2019-12-29T11:00:00-00:00,2019-12-29T12:00:00-00:00,0,2019-12-29,4,0,ACTUAL,IPCO,Total Actual Hourly Integrated Load,SYS_FCST_ACT_MW,3.8,1750,ACTUAL,481
2019-12-29T23:00:00-00:00,2019-12-30T00:00:00-00:00,0,2019-12-29,16,0,ACTUAL,IPCO,Total Actual Hourly Integrated Load,SYS_FCST_ACT_MW,3.8,2060,ACTUAL,481
2019-12-30T06:00:00-00:00,2019-12-30T07:00:00-00:00,0,2019-12-29,23,0,ACTUAL,IPCO,Total Actual Hourly Integrated Load,SYS_FCST_ACT_MW,3.8,1810,ACTUAL,481
2019-12-29T14:00:00-00:00,2019-12-29T15:00:00-00:00,0,2019-12-29,7,0,ACTUAL,IPCO,Total Actual Hourly Integrated Load,SYS_FCST_ACT_MW,3.8,1941,ACTUAL,481
2019-12-30T00:00:00-00:00,2019-12-30T01:00:00-00:00,0,2019-12-29,17,0,ACTUAL,IPCO,Total Actual Hourly Integrated Load,SYS_FCST_ACT_MW,3.8,2165,ACTUAL,481
2019-12-29T08:00:00-00:00,2019-12-29T09:00:00-00:00,0,2019-12-29,1,0,ACTUAL,IPCO,Total Actual Hourly Integrated Load,SYS_FCST_ACT_MW,3.8,1743,ACTUAL,481
2019-12-29T13:00:00-00:00,2019-12-29T14:00:00-00:00,0,2019-12-29,6,0,ACTUAL,IPCO,Total Actual Hourly Integrated Load,SYS_FCST_ACT_MW,3.8,1861,ACTUAL,481
2019-12-29T15:00:00-00:00,2019-12-29T16:00:00-00:00,0,2019-12-29,8,0,ACTUAL,IPCO,Total Actual Hourly Integrated Load,SYS_FCST_ACT_MW,3.8,2014,ACTUAL,481
2019-12-29T22:00:00-00:00,2019-12-29T23:00:00-00:00,0,2019-12-29,15,0,ACTUAL,IPCO,Total Actual Hourly Integrated Load,SYS_FCST_ACT_MW,3.8,2017,ACTUAL,481
2019-12-30T03:00:00-00:00,2019-12-30T04:00:00-00:00,0,2019-12-29,20,0,ACTUAL,IPCO,Total Actual Hourly Integrated Load,SYS_FCST_ACT_MW,3.8,2093,ACTUAL,481
2019-12-30T04:00:00-00:00,2019-12-30T05:00:00-00:00,0,2019-12-29,21,0,ACTUAL,MWD-TAC,Total Actual Hourly Integrated Load,SYS_FCST_ACT_MW,3.3,134,ACTUAL,482
2019-12-29T15:00:00-00:00,2019-12-29T16:00:00-00:00,0,2019-12-29,8,0,ACTUAL,MWD-TAC,Total Actual Hourly Integrated Load,SYS_FCST_ACT_MW,3.3,129,ACTUAL,482
2019-12-29T08:00:00-00:00,2019-12-29T09:00:00-00:00,0,2019-12-29,1,0,ACTUAL,MWD-TAC,Total Actual Hourly Integrated Load,SYS_FCST_ACT_MW,3.3,130,ACTUAL,482
2019-12-30T03:00:00-00:00,2019-12-30T04:00:00-00:00,0,2019-12-29,20,0,ACTUAL,MWD-TAC,Total Actual Hourly Integrated Load,SYS_FCST_ACT_MW,3.3,132,ACTUAL,482
2019-12-29T16:00:00-00:00,2019-12-29T17:00:00-00:00,0,2019-12-29,9,0,ACTUAL,MWD-TAC,Total Actual Hourly Integrated Load,SYS_FCST_ACT_MW,3.3,118,ACTUAL,482
2019-12-29T17:00:00-00:00,2019-12-29T18:00:00-00:00,0,2019-12-29,10,0,ACTUAL,MWD-TAC,Total Actual Hourly Integrated Load,SYS_FCST_ACT_MW,3.3,119,ACTUAL,482
2019-12-29T20:00:00-00:00,2019-12-29T21:00:00-00:00,0,2019-12-29,13,0,ACTUAL,MWD-TAC,Total Actual Hourly Integrated Load,SYS_FCST_ACT_MW,3.3,126,ACTUAL,482
2019-12-29T13:00:00-00:00,2019-12-29T14:00:00-00:00,0,2019-12-29,6,0,ACTUAL,MWD-TAC,Total Actual Hourly Integrated Load,SYS_FCST_ACT_MW,3.3,131,ACTUAL,482
2019-12-29T14:00:00-00:00,2019-12-29T15:00:00-00:00,0,2019-12-29,7,0,ACTUAL,MWD-TAC,Total Actual Hourly Integrated Load,SYS_FCST_ACT_MW,3.3,129,ACTUAL,482
2019-12-29T21:00:00-00:00,2019-12-29T22:00:00-00:00,0,2019-12-29,14,0,ACTUAL,MWD-TAC,Total Actual Hourly Integrated Load,SYS_FCST_ACT_MW,3.3,132,ACTUAL,482
2019-12-29T23:00:00-00:00,2019-12-30T00:00:00-00:00,0,2019-12-29,16,0,ACTUAL,MWD-TAC,Total Actual Hourly Integrated Load,SYS_FCST_ACT_MW,3.3,145,ACTUAL,482
2019-12-30T01:00:00-00:00,2019-12-30T02:00:00-00:00,0,2019-12-29,18,0,ACTUAL,MWD-TAC,Total Actual Hourly Integrated Load,SYS_FCST_ACT_MW,3.3,143,ACTUAL,482
2019-12-29T10:00:00-00:00,2019-12-29T11:00:00-00:00,0,2019-12-29,3,0,ACTUAL,MWD-TAC,Total Actual Hourly Integrated Load,SYS_FCST_ACT_MW,3.3,131,ACTUAL,482
2019-12-29T11:00:00-00:00,2019-12-29T12:00:00-00:00,0,2019-12-29,4,0,ACTUAL,MWD-TAC,Total Actual Hourly Integrated Load,SYS_FCST_ACT_MW,3.3,131,ACTUAL,482
2019-12-29T22:00:00-00:00,2019-12-29T23:00:00-00:00,0,2019-12-29,15,0,ACTUAL,MWD-TAC,Total Actual Hourly Integrated Load,SYS_FCST_ACT_MW,3.3,134,ACTUAL,482
2019-12-29T12:00:00-00:00,2019-12-29T13:00:00-00:00,0,2019-12-29,5,0,ACTUAL,MWD-TAC,Total Actual Hourly Integrated Load,SYS_FCST_ACT_MW,3.3,131,ACTUAL,482
2019-12-29T18:00:00-00:00,2019-12-29T19:00:00-00:00,0,2019-12-29,11,0,ACTUAL,MWD-TAC,Total Actual Hourly Integrated Load,SYS_FCST_ACT_MW,3.3,125,ACTUAL,482
2019-12-30T00:00:00-00:00,2019-12-30T01:00:00-00:00,0,2019-12-29,17,0,ACTUAL,MWD-TAC,Total Actual Hourly Integrated Load,SYS_FCST_ACT_MW,3.3,146,ACTUAL,482
2019-12-29T19:00:00-00:00,2019-12-29T20:00:00-00:00,0,2019-12-29,12,0,ACTUAL,MWD-TAC,Total Actual Hourly Integrated Load,SYS_FCST_ACT_MW,3.3,127,ACTUAL,482
2019-12-30T06:00:00-00:00,2019-12-30T07:00:00-00:00,0,2019-12-29,23,0,ACTUAL,MWD-TAC,Total Actual Hourly Integrated Load,SYS_FCST_ACT_MW,3.3,130,ACTUAL,482
2019-12-29T09:00:00-00:00,2019-12-29T10:00:00-00:00,0,2019-12-29,2,0,ACTUAL,MWD-TAC,Total Actual Hourly Integrated Load,SYS_FCST_ACT_MW,3.3,129,ACTUAL,482
2019-12-30T02:00:00-00:00,2019-12-30T03:00:00-00:00,0,2019-12-29,19,0,ACTUAL,MWD-TAC,Total Actual Hourly Integrated Load,SYS_FCST_ACT_MW,3.3,134,ACTUAL,482
2019-12-30T05:00:00-00:00,2019-12-30T06:00:00-00:00,0,2019-12-29,22,0,ACTUAL,MWD-TAC,Total Actual Hourly Integrated Load,SYS_FCST_ACT_MW,3.3,133,ACTUAL,482
2019-12-30T07:00:00-00:00,2019-12-30T08:00:00-00:00,0,2019-12-29,24,0,ACTUAL,MWD-TAC,Total Actual Hourly Integrated Load,SYS_FCST_ACT_MW,3.3,132,ACTUAL,482
2019-12-29T18:00:00-00:00,2019-12-29T19:00:00-00:00,0,2019-12-29,11,0,ACTUAL,NEVP,Total Actual Hourly Integrated Load,SYS_FCST_ACT_MW,3.8,3820,ACTUAL,483
2019-12-29T15:00:00-00:00,2019-12-29T16:00:00-00:00,0,2019-12-29,8,0,ACTUAL,NEVP,Total Actual Hourly Integrated Load,SYS_FCST_ACT_MW,3.8,3921,ACTUAL,483
2019-12-30T06:00:00-00:00,2019-12-30T07:00:00-00:00,0,2019-12-29,23,0,ACTUAL,NEVP,Total Actual Hourly Integrated Load,SYS_FCST_ACT_MW,3.8,4028,ACTUAL,483
2019-12-29T16:00:00-00:00,2019-12-29T17:00:00-00:00,0,2019-12-29,9,0,ACTUAL,NEVP,Total Actual Hourly Integrated Load,SYS_FCST_ACT_MW,3.8,3878,ACTUAL,483
2019-12-30T00:00:00-00:00,2019-12-30T01:00:00-00:00,0,2019-12-29,17,0,ACTUAL,NEVP,Total Actual Hourly Integrated Load,SYS_FCST_ACT_MW,3.8,4277,ACTUAL,483
2019-12-30T02:00:00-00:00,2019-12-30T03:00:00-00:00,0,2019-12-29,19,0,ACTUAL,NEVP,Total Actual Hourly Integrated Load,SYS_FCST_ACT_MW,3.8,4408,ACTUAL,483
2019-12-30T05:00:00-00:00,2019-12-30T06:00:00-00:00,0,2019-12-29,22,0,ACTUAL,NEVP,Total Actual Hourly Integrated Load,SYS_FCST_ACT_MW,3.8,4171,ACTUAL,483
2019-12-29T08:00:00-00:00,2019-12-29T09:00:00-00:00,0,2019-12-29,1,0,ACTUAL,NEVP,Total Actual Hourly Integrated Load,SYS_FCST_ACT_MW,3.8,3924,ACTUAL,483
2019-12-29T12:00:00-00:00,2019-12-29T13:00:00-00:00,0,2019-12-29,5,0,ACTUAL,NEVP,Total Actual Hourly Integrated Load,SYS_FCST_ACT_MW,3.8,3828,ACTUAL,483
2019-12-29T21:00:00-00:00,2019-12-29T22:00:00-00:00,0,2019-12-29,14,0,ACTUAL,NEVP,Total Actual Hourly Integrated Load,SYS_FCST_ACT_MW,3.8,3841,ACTUAL,483
2019-12-30T03:00:00-00:00,2019-12-30T04:00:00-00:00,0,2019-12-29,20,0,ACTUAL,NEVP,Total Actual Hourly Integrated Load,SYS_FCST_ACT_MW,3.8,4361,ACTUAL,483
2019-12-30T04:00:00-00:00,2019-12-30T05:00:00-00:00,0,2019-12-29,21,0,ACTUAL,NEVP,Total Actual Hourly Integrated Load,SYS_FCST_ACT_MW,3.8,4276,ACTUAL,483
2019-12-29T10:00:00-00:00,2019-12-29T11:00:00-00:00,0,2019-12-29,3,0,ACTUAL,NEVP,Total Actual Hourly Integrated Load,SYS_FCST_ACT_MW,3.8,3812,ACTUAL,483
2019-12-30T07:00:00-00:00,2019-12-30T08:00:00-00:00,0,2019-12-29,24,0,ACTUAL,NEVP,Total Actual Hourly Integrated Load,SYS_FCST_ACT_MW,3.8,3890,ACTUAL,483
2019-12-29T11:00:00-00:00,2019-12-29T12:00:00-00:00,0,2019-12-29,4,0,ACTUAL,NEVP,Total Actual Hourly Integrated Load,SYS_FCST_ACT_MW,3.8,3801,ACTUAL,483
2019-12-29T13:00:00-00:00,2019-12-29T14:00:00-00:00,0,2019-12-29,6,0,ACTUAL,NEVP,Total Actual Hourly Integrated Load,SYS_FCST_ACT_MW,3.8,3886,ACTUAL,483
2019-12-29T20:00:00-00:00,2019-12-29T21:00:00-00:00,0,2019-12-29,13,0,ACTUAL,NEVP,Total Actual Hourly Integrated Load,SYS_FCST_ACT_MW,3.8,3808,ACTUAL,483
2019-12-29T22:00:00-00:00,2019-12-29T23:00:00-00:00,0,2019-12-29,15,0,ACTUAL,NEVP,Total Actual Hourly Integrated Load,SYS_FCST_ACT_MW,3.8,3862,ACTUAL,483
2019-12-29T23:00:00-00:00,2019-12-30T00:00:00-00:00,0,2019-12-29,16,0,ACTUAL,NEVP,Total Actual Hourly Integrated Load,SYS_FCST_ACT_MW,3.8,4025,ACTUAL,483
2019-12-30T01:00:00-00:00,2019-12-30T02:00:00-00:00,0,2019-12-29,18,0,ACTUAL,NEVP,Total Actual Hourly Integrated Load,SYS_FCST_ACT_MW,3.8,4441,ACTUAL,483
2019-12-29T17:00:00-00:00,2019-12-29T18:00:00-00:00,0,2019-12-29,10,0,ACTUAL,NEVP,Total Actual Hourly Integrated Load,SYS_FCST_ACT_MW,3.8,3843,ACTUAL,483
2019-12-29T09:00:00-00:00,2019-12-29T10:00:00-00:00,0,2019-12-29,2,0,ACTUAL,NEVP,Total Actual Hourly Integrated Load,SYS_FCST_ACT_MW,3.8,3850,ACTUAL,483
2019-12-29T14:00:00-00:00,2019-12-29T15:00:00-00:00,0,2019-12-29,7,0,ACTUAL,NEVP,Total Actual Hourly Integrated Load,SYS_FCST_ACT_MW,3.8,3955,ACTUAL,483
2019-12-29T19:00:00-00:00,2019-12-29T20:00:00-00:00,0,2019-12-29,12,0,ACTUAL,NEVP,Total Actual Hourly Integrated Load,SYS_FCST_ACT_MW,3.8,3868,ACTUAL,483
2019-12-30T00:00:00-00:00,2019-12-30T01:00:00-00:00,0,2019-12-29,17,0,ACTUAL,PACE,Total Actual Hourly Integrated Load,SYS_FCST_ACT_MW,3.8,6137,ACTUAL,484
2019-12-30T07:00:00-00:00,2019-12-30T08:00:00-00:00,0,2019-12-29,24,0,ACTUAL,PACE,Total Actual Hourly Integrated Load,SYS_FCST_ACT_MW,3.8,5160,ACTUAL,484
2019-12-30T06:00:00-00:00,2019-12-30T07:00:00-00:00,0,2019-12-29,23,0,ACTUAL,PACE,Total Actual Hourly Integrated Load,SYS_FCST_ACT_MW,3.8,5328,ACTUAL,484
2019-12-29T16:00:00-00:00,2019-12-29T17:00:00-00:00,0,2019-12-29,9,0,ACTUAL,PACE,Total Actual Hourly Integrated Load,SYS_FCST_ACT_MW,3.8,5650,ACTUAL,484
2019-12-29T17:00:00-00:00,2019-12-29T18:00:00-00:00,0,2019-12-29,10,0,ACTUAL,PACE,Total Actual Hourly Integrated Load,SYS_FCST_ACT_MW,3.8,5650,ACTUAL,484
2019-12-29T19:00:00-00:00,2019-12-29T20:00:00-00:00,0,2019-12-29,12,0,ACTUAL,PACE,Total Actual Hourly Integrated Load,SYS_FCST_ACT_MW,3.8,5636,ACTUAL,484
2019-12-29T20:00:00-00:00,2019-12-29T21:00:00-00:00,0,2019-12-29,13,0,ACTUAL,PACE,Total Actual Hourly Integrated Load,SYS_FCST_ACT_MW,3.8,5677,ACTUAL,484
2019-12-30T02:00:00-00:00,2019-12-30T03:00:00-00:00,0,2019-12-29,19,0,ACTUAL,PACE,Total Actual Hourly Integrated Load,SYS_FCST_ACT_MW,3.8,6068,ACTUAL,484
2019-12-29T15:00:00-00:00,2019-12-29T16:00:00-00:00,0,2019-12-29,8,0,ACTUAL,PACE,Total Actual Hourly Integrated Load,SYS_FCST_ACT_MW,3.8,5605,ACTUAL,484
2019-12-29T22:00:00-00:00,2019-12-29T23:00:00-00:00,0,2019-12-29,15,0,ACTUAL,PACE,Total Actual Hourly Integrated Load,SYS_FCST_ACT_MW,3.8,5734,ACTUAL,484
2019-12-29T12:00:00-00:00,2019-12-29T13:00:00-00:00,0,2019-12-29,5,0,ACTUAL,PACE,Total Actual Hourly Integrated Load,SYS_FCST_ACT_MW,3.8,5208,ACTUAL,484
2019-12-30T01:00:00-00:00,2019-12-30T02:00:00-00:00,0,2019-12-29,18,0,ACTUAL,PACE,Total Actual Hourly Integrated Load,SYS_FCST_ACT_MW,3.8,6149,ACTUAL,484
2019-12-30T04:00:00-00:00,2019-12-30T05:00:00-00:00,0,2019-12-29,21,0,ACTUAL,PACE,Total Actual Hourly Integrated Load,SYS_FCST_ACT_MW,3.8,5832,ACTUAL,484
2019-12-30T05:00:00-00:00,2019-12-30T06:00:00-00:00,0,2019-12-29,22,0,ACTUAL,PACE,Total Actual Hourly Integrated Load,SYS_FCST_ACT_MW,3.8,5584,ACTUAL,484
2019-12-29T09:00:00-00:00,2019-12-29T10:00:00-00:00,0,2019-12-29,2,0,ACTUAL,PACE,Total Actual Hourly Integrated Load,SYS_FCST_ACT_MW,3.8,5130,ACTUAL,484
2019-12-29T11:00:00-00:00,2019-12-29T12:00:00-00:00,0,2019-12-29,4,0,ACTUAL,PACE,Total Actual Hourly Integrated Load,SYS_FCST_ACT_MW,3.8,5157,ACTUAL,484
2019-12-29T18:00:00-00:00,2019-12-29T19:00:00-00:00,0,2019-12-29,11,0,ACTUAL,PACE,Total Actual Hourly Integrated Load,SYS_FCST_ACT_MW,3.8,5651,ACTUAL,484
2019-12-29T08:00:00-00:00,2019-12-29T09:00:00-00:00,0,2019-12-29,1,0,ACTUAL,PACE,Total Actual Hourly Integrated Load,SYS_FCST_ACT_MW,3.8,5161,ACTUAL,484
2019-12-29T13:00:00-00:00,2019-12-29T14:00:00-00:00,0,2019-12-29,6,0,ACTUAL,PACE,Total Actual Hourly Integrated Load,SYS_FCST_ACT_MW,3.8,5316,ACTUAL,484
2019-12-29T14:00:00-00:00,2019-12-29T15:00:00-00:00,0,2019-12-29,7,0,ACTUAL,PACE,Total Actual Hourly Integrated Load,SYS_FCST_ACT_MW,3.8,5475,ACTUAL,484
2019-12-29T21:00:00-00:00,2019-12-29T22:00:00-00:00,0,2019-12-29,14,0,ACTUAL,PACE,Total Actual Hourly Integrated Load,SYS_FCST_ACT_MW,3.8,5691,ACTUAL,484
2019-12-29T23:00:00-00:00,2019-12-30T00:00:00-00:00,0,2019-12-29,16,0,ACTUAL,PACE,Total Actual Hourly Integrated Load,SYS_FCST_ACT_MW,3.8,5869,ACTUAL,484
2019-12-30T03:00:00-00:00,2019-12-30T04:00:00-00:00,0,2019-12-29,20,0,ACTUAL,PACE,Total Actual Hourly Integrated Load,SYS_FCST_ACT_MW,3.8,5977,ACTUAL,484
2019-12-29T10:00:00-00:00,2019-12-29T11:00:00-00:00,0,2019-12-29,3,0,ACTUAL,PACE,Total Actual Hourly Integrated Load,SYS_FCST_ACT_MW,3.8,5124,ACTUAL,484
2019-12-30T03:00:00-00:00,2019-12-30T04:00:00-00:00,0,2019-12-29,20,0,ACTUAL,PACW,Total Actual Hourly Integrated Load,SYS_FCST_ACT_MW,3.8,2810,ACTUAL,485
2019-12-29T23:00:00-00:00,2019-12-30T00:00:00-00:00,0,2019-12-29,16,0,ACTUAL,PACW,Total Actual Hourly Integrated Load,SYS_FCST_ACT_MW,3.8,2750,ACTUAL,485
2019-12-29T16:00:00-00:00,2019-12-29T17:00:00-00:00,0,2019-12-29,9,0,ACTUAL,PACW,Total Actual Hourly Integrated Load,SYS_FCST_ACT_MW,3.8,2725,ACTUAL,485
2019-12-29T21:00:00-00:00,2019-12-29T22:00:00-00:00,0,2019-12-29,14,0,ACTUAL,PACW,Total Actual Hourly Integrated Load,SYS_FCST_ACT_MW,3.8,2757,ACTUAL,485
2019-12-30T04:00:00-00:00,2019-12-30T05:00:00-00:00,0,2019-12-29,21,0,ACTUAL,PACW,Total Actual Hourly Integrated Load,SYS_FCST_ACT_MW,3.8,2711,ACTUAL,485
2019-12-30T05:00:00-00:00,2019-12-30T06:00:00-00:00,0,2019-12-29,22,0,ACTUAL,PACW,Total Actual Hourly Integrated Load,SYS_FCST_ACT_MW,3.8,2601,ACTUAL,485
2019-12-29T22:00:00-00:00,2019-12-29T23:00:00-00:00,0,2019-12-29,15,0,ACTUAL,PACW,Total Actual Hourly Integrated Load,SYS_FCST_ACT_MW,3.8,2742,ACTUAL,485
2019-12-30T00:00:00-00:00,2019-12-30T01:00:00-00:00,0,2019-12-29,17,0,ACTUAL,PACW,Total Actual Hourly Integrated Load,SYS_FCST_ACT_MW,3.8,2837,ACTUAL,485
2019-12-30T06:00:00-00:00,2019-12-30T07:00:00-00:00,0,2019-12-29,23,0,ACTUAL,PACW,Total Actual Hourly Integrated Load,SYS_FCST_ACT_MW,3.8,2417,ACTUAL,485
2019-12-30T01:00:00-00:00,2019-12-30T02:00:00-00:00,0,2019-12-29,18,0,ACTUAL,PACW,Total Actual Hourly Integrated Load,SYS_FCST_ACT_MW,3.8,2925,ACTUAL,485
2019-12-29T17:00:00-00:00,2019-12-29T18:00:00-00:00,0,2019-12-29,10,0,ACTUAL,PACW,Total Actual Hourly Integrated Load,SYS_FCST_ACT_MW,3.8,2798,ACTUAL,485
2019-12-29T10:00:00-00:00,2019-12-29T11:00:00-00:00,0,2019-12-29,3,0,ACTUAL,PACW,Total Actual Hourly Integrated Load,SYS_FCST_ACT_MW,3.8,2126,ACTUAL,485
2019-12-29T13:00:00-00:00,2019-12-29T14:00:00-00:00,0,2019-12-29,6,0,ACTUAL,PACW,Total Actual Hourly Integrated Load,SYS_FCST_ACT_MW,3.8,2302,ACTUAL,485
2019-12-29T18:00:00-00:00,2019-12-29T19:00:00-00:00,0,2019-12-29,11,0,ACTUAL,PACW,Total Actual Hourly Integrated Load,SYS_FCST_ACT_MW,3.8,2806,ACTUAL,485
2019-12-29T19:00:00-00:00,2019-12-29T20:00:00-00:00,0,2019-12-29,12,0,ACTUAL,PACW,Total Actual Hourly Integrated Load,SYS_FCST_ACT_MW,3.8,2802,ACTUAL,485
2019-12-30T02:00:00-00:00,2019-12-30T03:00:00-00:00,0,2019-12-29,19,0,ACTUAL,PACW,Total Actual Hourly Integrated Load,SYS_FCST_ACT_MW,3.8,2879,ACTUAL,485
2019-12-29T09:00:00-00:00,2019-12-29T10:00:00-00:00,0,2019-12-29,2,0,ACTUAL,PACW,Total Actual Hourly Integrated Load,SYS_FCST_ACT_MW,3.8,2142,ACTUAL,485
2019-12-29T14:00:00-00:00,2019-12-29T15:00:00-00:00,0,2019-12-29,7,0,ACTUAL,PACW,Total Actual Hourly Integrated Load,SYS_FCST_ACT_MW,3.8,2447,ACTUAL,485
2019-12-29T08:00:00-00:00,2019-12-29T09:00:00-00:00,0,2019-12-29,1,0,ACTUAL,PACW,Total Actual Hourly Integrated Load,SYS_FCST_ACT_MW,3.8,2184,ACTUAL,485
2019-12-29T11:00:00-00:00,2019-12-29T12:00:00-00:00,0,2019-12-29,4,0,ACTUAL,PACW,Total Actual Hourly Integrated Load,SYS_FCST_ACT_MW,3.8,2144,ACTUAL,485
2019-12-29T12:00:00-00:00,2019-12-29T13:00:00-00:00,0,2019-12-29,5,0,ACTUAL,PACW,Total Actual Hourly Integrated Load,SYS_FCST_ACT_MW,3.8,2200,ACTUAL,485
2019-12-29T15:00:00-00:00,2019-12-29T16:00:00-00:00,0,2019-12-29,8,0,ACTUAL,PACW,Total Actual Hourly Integrated Load,SYS_FCST_ACT_MW,3.8,2614,ACTUAL,485
2019-12-29T20:00:00-00:00,2019-12-29T21:00:00-00:00,0,2019-12-29,13,0,ACTUAL,PACW,Total Actual Hourly Integrated Load,SYS_FCST_ACT_MW,3.8,2794,ACTUAL,485
2019-12-30T07:00:00-00:00,2019-12-30T08:00:00-00:00,0,2019-12-29,24,0,ACTUAL,PACW,Total Actual Hourly Integrated Load,SYS_FCST_ACT_MW,3.8,2260,ACTUAL,485
2019-12-30T05:00:00-00:00,2019-12-30T06:00:00-00:00,0,2019-12-29,22,0,ACTUAL,PGE,Total Actual Hourly Integrated Load,SYS_FCST_ACT_MW,3.8,2612,ACTUAL,486
2019-12-29T16:00:00-00:00,2019-12-29T17:00:00-00:00,0,2019-12-29,9,0,ACTUAL,PGE,Total Actual Hourly Integrated Load,SYS_FCST_ACT_MW,3.8,2265,ACTUAL,486
2019-12-29T10:00:00-00:00,2019-12-29T11:00:00-00:00,0,2019-12-29,3,0,ACTUAL,PGE,Total Actual Hourly Integrated Load,SYS_FCST_ACT_MW,3.8,1973,ACTUAL,486
2019-12-29T15:00:00-00:00,2019-12-29T16:00:00-00:00,0,2019-12-29,8,0,ACTUAL,PGE,Total Actual Hourly Integrated Load,SYS_FCST_ACT_MW,3.8,2253,ACTUAL,486
2019-12-29T18:00:00-00:00,2019-12-29T19:00:00-00:00,0,2019-12-29,11,0,ACTUAL,PGE,Total Actual Hourly Integrated Load,SYS_FCST_ACT_MW,3.8,2635,ACTUAL,486
2019-12-29T19:00:00-00:00,2019-12-29T20:00:00-00:00,0,2019-12-29,12,0,ACTUAL,PGE,Total Actual Hourly Integrated Load,SYS_FCST_ACT_MW,3.8,2659,ACTUAL,486
2019-12-29T20:00:00-00:00,2019-12-29T21:00:00-00:00,0,2019-12-29,13,0,ACTUAL,PGE,Total Actual Hourly Integrated Load,SYS_FCST_ACT_MW,3.8,2660,ACTUAL,486
2019-12-29T11:00:00-00:00,2019-12-29T12:00:00-00:00,0,2019-12-29,4,0,ACTUAL,PGE,Total Actual Hourly Integrated Load,SYS_FCST_ACT_MW,3.8,1964,ACTUAL,486
2019-12-30T06:00:00-00:00,2019-12-30T07:00:00-00:00,0,2019-12-29,23,0,ACTUAL,PGE,Total Actual Hourly Integrated Load,SYS_FCST_ACT_MW,3.8,2421,ACTUAL,486
2019-12-29T14:00:00-00:00,2019-12-29T15:00:00-00:00,0,2019-12-29,7,0,ACTUAL,PGE,Total Actual Hourly Integrated Load,SYS_FCST_ACT_MW,3.8,2187,ACTUAL,486
2019-12-30T02:00:00-00:00,2019-12-30T03:00:00-00:00,0,2019-12-29,19,0,ACTUAL,PGE,Total Actual Hourly Integrated Load,SYS_FCST_ACT_MW,3.8,2881,ACTUAL,486
2019-12-30T03:00:00-00:00,2019-12-30T04:00:00-00:00,0,2019-12-29,20,0,ACTUAL,PGE,Total Actual Hourly Integrated Load,SYS_FCST_ACT_MW,3.8,2826,ACTUAL,486
2019-12-30T04:00:00-00:00,2019-12-30T05:00:00-00:00,0,2019-12-29,21,0,ACTUAL,PGE,Total Actual Hourly Integrated Load,SYS_FCST_ACT_MW,3.8,2729,ACTUAL,486
2019-12-29T17:00:00-00:00,2019-12-29T18:00:00-00:00,0,2019-12-29,10,0,ACTUAL,PGE,Total Actual Hourly Integrated Load,SYS_FCST_ACT_MW,3.8,2571,ACTUAL,486
2019-12-29T23:00:00-00:00,2019-12-30T00:00:00-00:00,0,2019-12-29,16,0,ACTUAL,PGE,Total Actual Hourly Integrated Load,SYS_FCST_ACT_MW,3.8,2654,ACTUAL,486
2019-12-30T00:00:00-00:00,2019-12-30T01:00:00-00:00,0,2019-12-29,17,0,ACTUAL,PGE,Total Actual Hourly Integrated Load,SYS_FCST_ACT_MW,3.8,2768,ACTUAL,486
2019-12-30T01:00:00-00:00,2019-12-30T02:00:00-00:00,0,2019-12-29,18,0,ACTUAL,PGE,Total Actual Hourly Integrated Load,SYS_FCST_ACT_MW,3.8,2909,ACTUAL,486
2019-12-29T09:00:00-00:00,2019-12-29T10:00:00-00:00,0,2019-12-29,2,0,ACTUAL,PGE,Total Actual Hourly Integrated Load,SYS_FCST_ACT_MW,3.8,2015,ACTUAL,486
2019-12-29T12:00:00-00:00,2019-12-29T13:00:00-00:00,0,2019-12-29,5,0,ACTUAL,PGE,Total Actual Hourly Integrated Load,SYS_FCST_ACT_MW,3.8,1991,ACTUAL,486
2019-12-29T22:00:00-00:00,2019-12-29T23:00:00-00:00,0,2019-12-29,15,0,ACTUAL,PGE,Total Actual Hourly Integrated Load,SYS_FCST_ACT_MW,3.8,2635,ACTUAL,486
2019-12-29T08:00:00-00:00,2019-12-29T09:00:00-00:00,0,2019-12-29,1,0,ACTUAL,PGE,Total Actual Hourly Integrated Load,SYS_FCST_ACT_MW,3.8,2097,ACTUAL,486
2019-12-29T13:00:00-00:00,2019-12-29T14:00:00-00:00,0,2019-12-29,6,0,ACTUAL,PGE,Total Actual Hourly Integrated Load,SYS_FCST_ACT_MW,3.8,2066,ACTUAL,486
2019-12-29T21:00:00-00:00,2019-12-29T22:00:00-00:00,0,2019-12-29,14,0,ACTUAL,PGE,Total Actual Hourly Integrated Load,SYS_FCST_ACT_MW,3.8,2659,ACTUAL,486
2019-12-30T07:00:00-00:00,2019-12-30T08:00:00-00:00,0,2019-12-29,24,0,ACTUAL,PGE,Total Actual Hourly Integrated Load,SYS_FCST_ACT_MW,3.8,2243,ACTUAL,486
2019-12-29T16:00:00-00:00,2019-12-29T17:00:00-00:00,0,2019-12-29,9,0,ACTUAL,PGE-TAC,Total Actual Hourly Integrated Load,SYS_FCST_ACT_MW,3.1,10226,ACTUAL,487
2019-12-29T18:00:00-00:00,2019-12-29T19:00:00-00:00,0,2019-12-29,11,0,ACTUAL,PGE-TAC,Total Actual Hourly Integrated Load,SYS_FCST_ACT_MW,3.1,10191,ACTUAL,487
2019-12-29T14:00:00-00:00,2019-12-29T15:00:00-00:00,0,2019-12-29,7,0,ACTUAL,PGE-TAC,Total Actual Hourly Integrated Load,SYS_FCST_ACT_MW,3.1,9673,ACTUAL,487
2019-12-29T12:00:00-00:00,2019-12-29T13:00:00-00:00,0,2019-12-29,5,0,ACTUAL,PGE-TAC,Total Actual Hourly Integrated Load,SYS_FCST_ACT_MW,3.1,9072,ACTUAL,487
2019-12-29T22:00:00-00:00,2019-12-29T23:00:00-00:00,0,2019-12-29,15,0,ACTUAL,PGE-TAC,Total Actual Hourly Integrated Load,SYS_FCST_ACT_MW,3.1,10876,ACTUAL,487
2019-12-29T13:00:00-00:00,2019-12-29T14:00:00-00:00,0,2019-12-29,6,0,ACTUAL,PGE-TAC,Total Actual Hourly Integrated Load,SYS_FCST_ACT_MW,3.1,9287,ACTUAL,487
2019-12-29T10:00:00-00:00,2019-12-29T11:00:00-00:00,0,2019-12-29,3,0,ACTUAL,PGE-TAC,Total Actual Hourly Integrated Load,SYS_FCST_ACT_MW,3.1,9160,ACTUAL,487
2019-12-30T07:00:00-00:00,2019-12-30T08:00:00-00:00,0,2019-12-29,24,0,ACTUAL,PGE-TAC,Total Actual Hourly Integrated Load,SYS_FCST_ACT_MW,3.1,10014,ACTUAL,487
2019-12-29T08:00:00-00:00,2019-12-29T09:00:00-00:00,0,2019-12-29,1,0,ACTUAL,PGE-TAC,Total Actual Hourly Integrated Load,SYS_FCST_ACT_MW,3.1,9728,ACTUAL,487
2019-12-30T06:00:00-00:00,2019-12-30T07:00:00-00:00,0,2019-12-29,23,0,ACTUAL,PGE-TAC,Total Actual Hourly Integrated Load,SYS_FCST_ACT_MW,3.1,10752,ACTUAL,487
2019-12-30T01:00:00-00:00,2019-12-30T02:00:00-00:00,0,2019-12-29,18,0,ACTUAL,PGE-TAC,Total Actual Hourly Integrated Load,SYS_FCST_ACT_MW,3.1,12531,ACTUAL,487
2019-12-29T23:00:00-00:00,2019-12-30T00:00:00-00:00,0,2019-12-29,16,0,ACTUAL,PGE-TAC,Total Actual Hourly Integrated Load,SYS_FCST_ACT_MW,3.1,11189,ACTUAL,487
2019-12-29T21:00:00-00:00,2019-12-29T22:00:00-00:00,0,2019-12-29,14,0,ACTUAL,PGE-TAC,Total Actual Hourly Integrated Load,SYS_FCST_ACT_MW,3.1,10514,ACTUAL,487
2019-12-29T15:00:00-00:00,2019-12-29T16:00:00-00:00,0,2019-12-29,8,0,ACTUAL,PGE-TAC,Total Actual Hourly Integrated Load,SYS_FCST_ACT_MW,3.1,10018,ACTUAL,487
2019-12-30T05:00:00-00:00,2019-12-30T06:00:00-00:00,0,2019-12-29,22,0,ACTUAL,PGE-TAC,Total Actual Hourly Integrated Load,SYS_FCST_ACT_MW,3.1,11484,ACTUAL,487
2019-12-30T04:00:00-00:00,2019-12-30T05:00:00-00:00,0,2019-12-29,21,0,ACTUAL,PGE-TAC,Total Actual Hourly Integrated Load,SYS_FCST_ACT_MW,3.1,11908,ACTUAL,487
2019-12-30T03:00:00-00:00,2019-12-30T04:00:00-00:00,0,2019-12-29,20,0,ACTUAL,PGE-TAC,Total Actual Hourly Integrated Load,SYS_FCST_ACT_MW,3.1,12255,ACTUAL,487
2019-12-29T20:00:00-00:00,2019-12-29T21:00:00-00:00,0,2019-12-29,13,0,ACTUAL,PGE-TAC,Total Actual Hourly Integrated Load,SYS_FCST_ACT_MW,3.1,10575,ACTUAL,487
2019-12-30T02:00:00-00:00,2019-12-30T03:00:00-00:00,0,2019-12-29,19,0,ACTUAL,PGE-TAC,Total Actual Hourly Integrated Load,SYS_FCST_ACT_MW,3.1,12499,ACTUAL,487
2019-12-30T00:00:00-00:00,2019-12-30T01:00:00-00:00,0,2019-12-29,17,0,ACTUAL,PGE-TAC,Total Actual Hourly Integrated Load,SYS_FCST_ACT_MW,3.1,11731,ACTUAL,487
2019-12-29T11:00:00-00:00,2019-12-29T12:00:00-00:00,0,2019-12-29,4,0,ACTUAL,PGE-TAC,Total Actual Hourly Integrated Load,SYS_FCST_ACT_MW,3.1,9061,ACTUAL,487
2019-12-29T09:00:00-00:00,2019-12-29T10:00:00-00:00,0,2019-12-29,2,0,ACTUAL,PGE-TAC,Total Actual Hourly Integrated Load,SYS_FCST_ACT_MW,3.1,9364,ACTUAL,487
2019-12-29T19:00:00-00:00,2019-12-29T20:00:00-00:00,0,2019-12-29,12,0,ACTUAL,PGE-TAC,Total Actual Hourly Integrated Load,SYS_FCST_ACT_MW,3.1,10363,ACTUAL,487
2019-12-29T17:00:00-00:00,2019-12-29T18:00:00-00:00,0,2019-12-29,10,0,ACTUAL,PGE-TAC,Total Actual Hourly Integrated Load,SYS_FCST_ACT_MW,3.1,10267,ACTUAL,487
2019-12-30T06:00:00-00:00,2019-12-30T07:00:00-00:00,0,2019-12-29,23,0,ACTUAL,PSEI,Total Actual Hourly Integrated Load,SYS_FCST_ACT_MW,3.8,2880,ACTUAL,488
2019-12-30T05:00:00-00:00,2019-12-30T06:00:00-00:00,0,2019-12-29,22,0,ACTUAL,PSEI,Total Actual Hourly Integrated Load,SYS_FCST_ACT_MW,3.8,3116,ACTUAL,488
2019-12-29T13:00:00-00:00,2019-12-29T14:00:00-00:00,0,2019-12-29,6,0,ACTUAL,PSEI,Total Actual Hourly Integrated Load,SYS_FCST_ACT_MW,3.8,2635,ACTUAL,488
2019-12-29T12:00:00-00:00,2019-12-29T13:00:00-00:00,0,2019-12-29,5,0,ACTUAL,PSEI,Total Actual Hourly Integrated Load,SYS_FCST_ACT_MW,3.8,2527,ACTUAL,488
2019-12-30T02:00:00-00:00,2019-12-30T03:00:00-00:00,0,2019-12-29,19,0,ACTUAL,PSEI,Total Actual Hourly Integrated Load,SYS_FCST_ACT_MW,3.8,3415,ACTUAL,488
2019-12-30T01:00:00-00:00,2019-12-30T02:00:00-00:00,0,2019-12-29,18,0,ACTUAL,PSEI,Total Actual Hourly Integrated Load,SYS_FCST_ACT_MW,3.8,3483,ACTUAL,488
2019-12-29T16:00:00-00:00,2019-12-29T17:00:00-00:00,0,2019-12-29,9,0,ACTUAL,PSEI,Total Actual Hourly Integrated Load,SYS_FCST_ACT_MW,3.8,3139,ACTUAL,488
2019-12-29T19:00:00-00:00,2019-12-29T20:00:00-00:00,0,2019-12-29,12,0,ACTUAL,PSEI,Total Actual Hourly Integrated Load,SYS_FCST_ACT_MW,3.8,3208,ACTUAL,488
2019-12-29T08:00:00-00:00,2019-12-29T09:00:00-00:00,0,2019-12-29,1,0,ACTUAL,PSEI,Total Actual Hourly Integrated Load,SYS_FCST_ACT_MW,3.8,2619,ACTUAL,488
2019-12-30T07:00:00-00:00,2019-12-30T08:00:00-00:00,0,2019-12-29,24,0,ACTUAL,PSEI,Total Actual Hourly Integrated Load,SYS_FCST_ACT_MW,3.8,2650,ACTUAL,488
2019-12-29T15:00:00-00:00,2019-12-29T16:00:00-00:00,0,2019-12-29,8,0,ACTUAL,PSEI,Total Actual Hourly Integrated Load,SYS_FCST_ACT_MW,3.8,2983,ACTUAL,488
2019-12-30T04:00:00-00:00,2019-12-30T05:00:00-00:00,0,2019-12-29,21,0,ACTUAL,PSEI,Total Actual Hourly Integrated Load,SYS_FCST_ACT_MW,3.8,3224,ACTUAL,488
2019-12-29T23:00:00-00:00,2019-12-30T00:00:00-00:00,0,2019-12-29,16,0,ACTUAL,PSEI,Total Actual Hourly Integrated Load,SYS_FCST_ACT_MW,3.8,3112,ACTUAL,488
2019-12-29T22:00:00-00:00,2019-12-29T23:00:00-00:00,0,2019-12-29,15,0,ACTUAL,PSEI,Total Actual Hourly Integrated Load,SYS_FCST_ACT_MW,3.8,3056,ACTUAL,488
2019-12-29T18:00:00-00:00,2019-12-29T19:00:00-00:00,0,2019-12-29,11,0,ACTUAL,PSEI,Total Actual Hourly Integrated Load,SYS_FCST_ACT_MW,3.8,3251,ACTUAL,488
2019-12-29T10:00:00-00:00,2019-12-29T11:00:00-00:00,0,2019-12-29,3,0,ACTUAL,PSEI,Total Actual Hourly Integrated Load,SYS_FCST_ACT_MW,3.8,2472,ACTUAL,488
2019-12-29T11:00:00-00:00,2019-12-29T12:00:00-00:00,0,2019-12-29,4,0,ACTUAL,PSEI,Total Actual Hourly Integrated Load,SYS_FCST_ACT_MW,3.8,2474,ACTUAL,488
2019-12-30T00:00:00-00:00,2019-12-30T01:00:00-00:00,0,2019-12-29,17,0,ACTUAL,PSEI,Total Actual Hourly Integrated Load,SYS_FCST_ACT_MW,3.8,3339,ACTUAL,488
2019-12-29T09:00:00-00:00,2019-12-29T10:00:00-00:00,0,2019-12-29,2,0,ACTUAL,PSEI,Total Actual Hourly Integrated Load,SYS_FCST_ACT_MW,3.8,2517,ACTUAL,488
2019-12-29T21:00:00-00:00,2019-12-29T22:00:00-00:00,0,2019-12-29,14,0,ACTUAL,PSEI,Total Actual Hourly Integrated Load,SYS_FCST_ACT_MW,3.8,3071,ACTUAL,488
2019-12-29T17:00:00-00:00,2019-12-29T18:00:00-00:00,0,2019-12-29,10,0,ACTUAL,PSEI,Total Actual Hourly Integrated Load,SYS_FCST_ACT_MW,3.8,3244,ACTUAL,488
2019-12-30T03:00:00-00:00,2019-12-30T04:00:00-00:00,0,2019-12-29,20,0,ACTUAL,PSEI,Total Actual Hourly Integrated Load,SYS_FCST_ACT_MW,3.8,3330,ACTUAL,488
2019-12-29T20:00:00-00:00,2019-12-29T21:00:00-00:00,0,2019-12-29,13,0,ACTUAL,PSEI,Total Actual Hourly Integrated Load,SYS_FCST_ACT_MW,3.8,3133,ACTUAL,488
2019-12-29T14:00:00-00:00,2019-12-29T15:00:00-00:00,0,2019-12-29,7,0,ACTUAL,PSEI,Total Actual Hourly Integrated Load,SYS_FCST_ACT_MW,3.8,2799,ACTUAL,488
2019-12-30T03:00:00-00:00,2019-12-30T04:00:00-00:00,0,2019-12-29,20,0,ACTUAL,SCE-TAC,Total Actual Hourly Integrated Load,SYS_FCST_ACT_MW,3.2,11806,ACTUAL,489
2019-12-30T04:00:00-00:00,2019-12-30T05:00:00-00:00,0,2019-12-29,21,0,ACTUAL,SCE-TAC,Total Actual Hourly Integrated Load,SYS_FCST_ACT_MW,3.2,11615,ACTUAL,489
2019-12-30T02:00:00-00:00,2019-12-30T03:00:00-00:00,0,2019-12-29,19,0,ACTUAL,SCE-TAC,Total Actual Hourly Integrated Load,SYS_FCST_ACT_MW,3.2,11869,ACTUAL,489
2019-12-29T23:00:00-00:00,2019-12-30T00:00:00-00:00,0,2019-12-29,16,0,ACTUAL,SCE-TAC,Total Actual Hourly Integrated Load,SYS_FCST_ACT_MW,3.2,9646,ACTUAL,489
2019-12-29T21:00:00-00:00,2019-12-29T22:00:00-00:00,0,2019-12-29,14,0,ACTUAL,SCE-TAC,Total Actual Hourly Integrated Load,SYS_FCST_ACT_MW,3.2,8917,ACTUAL,489
2019-12-29T12:00:00-00:00,2019-12-29T13:00:00-00:00,0,2019-12-29,5,0,ACTUAL,SCE-TAC,Total Actual Hourly Integrated Load,SYS_FCST_ACT_MW,3.2,9135,ACTUAL,489
2019-12-30T07:00:00-00:00,2019-12-30T08:00:00-00:00,0,2019-12-29,24,0,ACTUAL,SCE-TAC,Total Actual Hourly Integrated Load,SYS_FCST_ACT_MW,3.2,9856,ACTUAL,489
2019-12-29T08:00:00-00:00,2019-12-29T09:00:00-00:00,0,2019-12-29,1,0,ACTUAL,SCE-TAC,Total Actual Hourly Integrated Load,SYS_FCST_ACT_MW,3.2,9801,ACTUAL,489
2019-12-29T22:00:00-00:00,2019-12-29T23:00:00-00:00,0,2019-12-29,15,0,ACTUAL,SCE-TAC,Total Actual Hourly Integrated Load,SYS_FCST_ACT_MW,3.2,9066,ACTUAL,489
2019-12-29T13:00:00-00:00,2019-12-29T14:00:00-00:00,0,2019-12-29,6,0,ACTUAL,SCE-TAC,Total Actual Hourly Integrated Load,SYS_FCST_ACT_MW,3.2,9328,ACTUAL,489
2019-12-29T11:00:00-00:00,2019-12-29T12:00:00-00:00,0,2019-12-29,4,0,ACTUAL,SCE-TAC,Total Actual Hourly Integrated Load,SYS_FCST_ACT_MW,3.2,9104,ACTUAL,489
2019-12-30T05:00:00-00:00,2019-12-30T06:00:00-00:00,0,2019-12-29,22,0,ACTUAL,SCE-TAC,Total Actual Hourly Integrated Load,SYS_FCST_ACT_MW,3.2,11205,ACTUAL,489
2019-12-30T00:00:00-00:00,2019-12-30T01:00:00-00:00,0,2019-12-29,17,0,ACTUAL,SCE-TAC,Total Actual Hourly Integrated Load,SYS_FCST_ACT_MW,3.2,10532,ACTUAL,489
2019-12-29T15:00:00-00:00,2019-12-29T16:00:00-00:00,0,2019-12-29,8,0,ACTUAL,SCE-TAC,Total Actual Hourly Integrated Load,SYS_FCST_ACT_MW,3.2,9657,ACTUAL,489
2019-12-29T14:00:00-00:00,2019-12-29T15:00:00-00:00,0,2019-12-29,7,0,ACTUAL,SCE-TAC,Total Actual Hourly Integrated Load,SYS_FCST_ACT_MW,3.2,9662,ACTUAL,489
2019-12-29T10:00:00-00:00,2019-12-29T11:00:00-00:00,0,2019-12-29,3,0,ACTUAL,SCE-TAC,Total Actual Hourly Integrated Load,SYS_FCST_ACT_MW,3.2,9201,ACTUAL,489
2019-12-29T17:00:00-00:00,2019-12-29T18:00:00-00:00,0,2019-12-29,10,0,ACTUAL,SCE-TAC,Total Actual Hourly Integrated Load,SYS_FCST_ACT_MW,3.2,9707,ACTUAL,489
2019-12-29T16:00:00-00:00,2019-12-29T17:00:00-00:00,0,2019-12-29,9,0,ACTUAL,SCE-TAC,Total Actual Hourly Integrated Load,SYS_FCST_ACT_MW,3.2,9695,ACTUAL,489
2019-12-29T19:00:00-00:00,2019-12-29T20:00:00-00:00,0,2019-12-29,12,0,ACTUAL,SCE-TAC,Total Actual Hourly Integrated Load,SYS_FCST_ACT_MW,3.2,9145,ACTUAL,489
2019-12-30T01:00:00-00:00,2019-12-30T02:00:00-00:00,0,2019-12-29,18,0,ACTUAL,SCE-TAC,Total Actual Hourly Integrated Load,SYS_FCST_ACT_MW,3.2,11687,ACTUAL,489
2019-12-29T09:00:00-00:00,2019-12-29T10:00:00-00:00,0,2019-12-29,2,0,ACTUAL,SCE-TAC,Total Actual Hourly Integrated Load,SYS_FCST_ACT_MW,3.2,9428,ACTUAL,489
2019-12-29T20:00:00-00:00,2019-12-29T21:00:00-00:00,0,2019-12-29,13,0,ACTUAL,SCE-TAC,Total Actual Hourly Integrated Load,SYS_FCST_ACT_MW,3.2,9228,ACTUAL,489
2019-12-29T18:00:00-00:00,2019-12-29T19:00:00-00:00,0,2019-12-29,11,0,ACTUAL,SCE-TAC,Total Actual Hourly Integrated Load,SYS_FCST_ACT_MW,3.2,9462,ACTUAL,489
2019-12-30T06:00:00-00:00,2019-12-30T07:00:00-00:00,0,2019-12-29,23,0,ACTUAL,SCE-TAC,Total Actual Hourly Integrated Load,SYS_FCST_ACT_MW,3.2,10566,ACTUAL,489
2019-12-30T06:00:00-00:00,2019-12-30T07:00:00-00:00,0,2019-12-29,23,0,ACTUAL,SCL,Total Actual Hourly Integrated Load,SYS_FCST_ACT_MW,3.8,1089,ACTUAL,490
2019-12-29T09:00:00-00:00,2019-12-29T10:00:00-00:00,0,2019-12-29,2,0,ACTUAL,SCL,Total Actual Hourly Integrated Load,SYS_FCST_ACT_MW,3.8,944,ACTUAL,490
2019-12-30T07:00:00-00:00,2019-12-30T08:00:00-00:00,0,2019-12-29,24,0,ACTUAL,SCL,Total Actual Hourly Integrated Load,SYS_FCST_ACT_MW,3.8,1012,ACTUAL,490
2019-12-30T03:00:00-00:00,2019-12-30T04:00:00-00:00,0,2019-12-29,20,0,ACTUAL,SCL,Total Actual Hourly Integrated Load,SYS_FCST_ACT_MW,3.8,1219,ACTUAL,490
2019-12-30T00:00:00-00:00,2019-12-30T01:00:00-00:00,0,2019-12-29,17,0,ACTUAL,SCL,Total Actual Hourly Integrated Load,SYS_FCST_ACT_MW,3.8,1214,ACTUAL,490
2019-12-29T23:00:00-00:00,2019-12-30T00:00:00-00:00,0,2019-12-29,16,0,ACTUAL,SCL,Total Actual Hourly Integrated Load,SYS_FCST_ACT_MW,3.8,1142,ACTUAL,490
2019-12-29T15:00:00-00:00,2019-12-29T16:00:00-00:00,0,2019-12-29,8,0,ACTUAL,SCL,Total Actual Hourly Integrated Load,SYS_FCST_ACT_MW,3.8,1070,ACTUAL,490
2019-12-29T14:00:00-00:00,2019-12-29T15:00:00-00:00,0,2019-12-29,7,0,ACTUAL,SCL,Total Actual Hourly Integrated Load,SYS_FCST_ACT_MW,3.8,1012,ACTUAL,490
2019-12-29T12:00:00-00:00,2019-12-29T13:00:00-00:00,0,2019-12-29,5,0,ACTUAL,SCL,Total Actual Hourly Integrated Load,SYS_FCST_ACT_MW,3.8,932,ACTUAL,490
2019-12-30T04:00:00-00:00,2019-12-30T05:00:00-00:00,0,2019-12-29,21,0,ACTUAL,SCL,Total Actual Hourly Integrated Load,SYS_FCST_ACT_MW,3.8,1190,ACTUAL,490
2019-12-30T01:00:00-00:00,2019-12-30T02:00:00-00:00,0,2019-12-29,18,0,ACTUAL,SCL,Total Actual Hourly Integrated Load,SYS_FCST_ACT_MW,3.8,1260,ACTUAL,490
2019-12-29T22:00:00-00:00,2019-12-29T23:00:00-00:00,0,2019-12-29,15,0,ACTUAL,SCL,Total Actual Hourly Integrated Load,SYS_FCST_ACT_MW,3.8,1123,ACTUAL,490
2019-12-29T13:00:00-00:00,2019-12-29T14:00:00-00:00,0,2019-12-29,6,0,ACTUAL,SCL,Total Actual Hourly Integrated Load,SYS_FCST_ACT_MW,3.8,963,ACTUAL,490
2019-12-29T16:00:00-00:00,2019-12-29T17:00:00-00:00,0,2019-12-29,9,0,ACTUAL,SCL,Total Actual Hourly Integrated Load,SYS_FCST_ACT_MW,3.8,1123,ACTUAL,490
2019-12-29T19:00:00-00:00,2019-12-29T20:00:00-00:00,0,2019-12-29,12,0,ACTUAL,SCL,Total Actual Hourly Integrated Load,SYS_FCST_ACT_MW,3.8,1167,ACTUAL,490
2019-12-29T10:00:00-00:00,2019-12-29T11:00:00-00:00,0,2019-12-29,3,0,ACTUAL,SCL,Total Actual Hourly Integrated Load,SYS_FCST_ACT_MW,3.8,925,ACTUAL,490
2019-12-29T21:00:00-00:00,2019-12-29T22:00:00-00:00,0,2019-12-29,14,0,ACTUAL,SCL,Total Actual Hourly Integrated Load,SYS_FCST_ACT_MW,3.8,1134,ACTUAL,490
2019-12-29T11:00:00-00:00,2019-12-29T12:00:00-00:00,0,2019-12-29,4,0,ACTUAL,SCL,Total Actual Hourly Integrated Load,SYS_FCST_ACT_MW,3.8,921,ACTUAL,490
2019-12-29T08:00:00-00:00,2019-12-29T09:00:00-00:00,0,2019-12-29,1,0,ACTUAL,SCL,Total Actual Hourly Integrated Load,SYS_FCST_ACT_MW,3.8,983,ACTUAL,490
2019-12-29T20:00:00-00:00,2019-12-29T21:00:00-00:00,0,2019-12-29,13,0,ACTUAL,SCL,Total Actual Hourly Integrated Load,SYS_FCST_ACT_MW,3.8,1151,ACTUAL,490
2019-12-29T18:00:00-00:00,2019-12-29T19:00:00-00:00,0,2019-12-29,11,0,ACTUAL,SCL,Total Actual Hourly Integrated Load,SYS_FCST_ACT_MW,3.8,1183,ACTUAL,490
2019-12-30T05:00:00-00:00,2019-12-30T06:00:00-00:00,0,2019-12-29,22,0,ACTUAL,SCL,Total Actual Hourly Integrated Load,SYS_FCST_ACT_MW,3.8,1160,ACTUAL,490
2019-12-30T02:00:00-00:00,2019-12-30T03:00:00-00:00,0,2019-12-29,19,0,ACTUAL,SCL,Total Actual Hourly Integrated Load,SYS_FCST_ACT_MW,3.8,1245,ACTUAL,490
2019-12-29T17:00:00-00:00,2019-12-29T18:00:00-00:00,0,2019-12-29,10,0,ACTUAL,SCL,Total Actual Hourly Integrated Load,SYS_FCST_ACT_MW,3.8,1166,ACTUAL,490
2019-12-29T16:00:00-00:00,2019-12-29T17:00:00-00:00,0,2019-12-29,9,0,ACTUAL,SDGE-TAC,Total Actual Hourly Integrated Load,SYS_FCST_ACT_MW,3.4,1927,ACTUAL,491
2019-12-29T19:00:00-00:00,2019-12-29T20:00:00-00:00,0,2019-12-29,12,0,ACTUAL,SDGE-TAC,Total Actual Hourly Integrated Load,SYS_FCST_ACT_MW,3.4,1663,ACTUAL,491
2019-12-29T22:00:00-00:00,2019-12-29T23:00:00-00:00,0,2019-12-29,15,0,ACTUAL,SDGE-TAC,Total Actual Hourly Integrated Load,SYS_FCST_ACT_MW,3.4,2062,ACTUAL,491
2019-12-29T13:00:00-00:00,2019-12-29T14:00:00-00:00,0,2019-12-29,6,0,ACTUAL,SDGE-TAC,Total Actual Hourly Integrated Load,SYS_FCST_ACT_MW,3.4,1917,ACTUAL,491
2019-12-29T10:00:00-00:00,2019-12-29T11:00:00-00:00,0,2019-12-29,3,0,ACTUAL,SDGE-TAC,Total Actual Hourly Integrated Load,SYS_FCST_ACT_MW,3.4,1863,ACTUAL,491
2019-12-29T12:00:00-00:00,2019-12-29T13:00:00-00:00,0,2019-12-29,5,0,ACTUAL,SDGE-TAC,Total Actual Hourly Integrated Load,SYS_FCST_ACT_MW,3.4,1854,ACTUAL,491
2019-12-30T01:00:00-00:00,2019-12-30T02:00:00-00:00,0,2019-12-29,18,0,ACTUAL,SDGE-TAC,Total Actual Hourly Integrated Load,SYS_FCST_ACT_MW,3.4,2653,ACTUAL,491
2019-12-29T09:00:00-00:00,2019-12-29T10:00:00-00:00,0,2019-12-29,2,0,ACTUAL,SDGE-TAC,Total Actual Hourly Integrated Load,SYS_FCST_ACT_MW,3.4,1921,ACTUAL,491
2019-12-29T21:00:00-00:00,2019-12-29T22:00:00-00:00,0,2019-12-29,14,0,ACTUAL,SDGE-TAC,Total Actual Hourly Integrated Load,SYS_FCST_ACT_MW,3.4,2027,ACTUAL,491
2019-12-30T07:00:00-00:00,2019-12-30T08:00:00-00:00,0,2019-12-29,24,0,ACTUAL,SDGE-TAC,Total Actual Hourly Integrated Load,SYS_FCST_ACT_MW,3.4,2073,ACTUAL,491
2019-12-29T14:00:00-00:00,2019-12-29T15:00:00-00:00,0,2019-12-29,7,0,ACTUAL,SDGE-TAC,Total Actual Hourly Integrated Load,SYS_FCST_ACT_MW,3.4,2015,ACTUAL,491
2019-12-29T23:00:00-00:00,2019-12-30T00:00:00-00:00,0,2019-12-29,16,0,ACTUAL,SDGE-TAC,Total Actual Hourly Integrated Load,SYS_FCST_ACT_MW,3.4,2064,ACTUAL,491
2019-12-30T02:00:00-00:00,2019-12-30T03:00:00-00:00,0,2019-12-29,19,0,ACTUAL,SDGE-TAC,Total Actual Hourly Integrated Load,SYS_FCST_ACT_MW,3.4,2690,ACTUAL,491
2019-12-29T18:00:00-00:00,2019-12-29T19:00:00-00:00,0,2019-12-29,11,0,ACTUAL,SDGE-TAC,Total Actual Hourly Integrated Load,SYS_FCST_ACT_MW,3.4,1720,ACTUAL,491
2019-12-30T00:00:00-00:00,2019-12-30T01:00:00-00:00,0,2019-12-29,17,0,ACTUAL,SDGE-TAC,Total Actual Hourly Integrated Load,SYS_FCST_ACT_MW,3.4,2313,ACTUAL,491
2019-12-30T03:00:00-00:00,2019-12-30T04:00:00-00:00,0,2019-12-29,20,0,ACTUAL,SDGE-TAC,Total Actual Hourly Integrated Load,SYS_FCST_ACT_MW,3.4,2655,ACTUAL,491
2019-12-30T05:00:00-00:00,2019-12-30T06:00:00-00:00,0,2019-12-29,22,0,ACTUAL,SDGE-TAC,Total Actual Hourly Integrated Load,SYS_FCST_ACT_MW,3.4,2458,ACTUAL,491
2019-12-29T11:00:00-00:00,2019-12-29T12:00:00-00:00,0,2019-12-29,4,0,ACTUAL,SDGE-TAC,Total Actual Hourly Integrated Load,SYS_FCST_ACT_MW,3.4,1838,ACTUAL,491
2019-12-30T06:00:00-00:00,2019-12-30T07:00:00-00:00,0,2019-12-29,23,0,ACTUAL,SDGE-TAC,Total Actual Hourly Integrated Load,SYS_FCST_ACT_MW,3.4,2263,ACTUAL,491
2019-12-29T08:00:00-00:00,2019-12-29T09:00:00-00:00,0,2019-12-29,1,0,ACTUAL,SDGE-TAC,Total Actual Hourly Integrated Load,SYS_FCST_ACT_MW,3.4,2006,ACTUAL,491
2019-12-29T15:00:00-00:00,2019-12-29T16:00:00-00:00,0,2019-12-29,8,0,ACTUAL,SDGE-TAC,Total Actual Hourly Integrated Load,SYS_FCST_ACT_MW,3.4,2027,ACTUAL,491
2019-12-30T04:00:00-00:00,2019-12-30T05:00:00-00:00,0,2019-12-29,21,0,ACTUAL,SDGE-TAC,Total Actual Hourly Integrated Load,SYS_FCST_ACT_MW,3.4,2581,ACTUAL,491
2019-12-29T17:00:00-00:00,2019-12-29T18:00:00-00:00,0,2019-12-29,10,0,ACTUAL,SDGE-TAC,Total Actual Hourly Integrated Load,SYS_FCST_ACT_MW,3.4,1770,ACTUAL,491
2019-12-29T20:00:00-00:00,2019-12-29T21:00:00-00:00,0,2019-12-29,13,0,ACTUAL,SDGE-TAC,Total Actual Hourly Integrated Load,SYS_FCST_ACT_MW,3.4,1804,ACTUAL,491
2019-12-29T20:00:00-00:00,2019-12-29T21:00:00-00:00,0,2019-12-29,13,0,ACTUAL,SRP,Total Actual Hourly Integrated Load,SYS_FCST_ACT_MW,3.8,2821,ACTUAL,492
2019-12-29T17:00:00-00:00,2019-12-29T18:00:00-00:00,0,2019-12-29,10,0,ACTUAL,SRP,Total Actual Hourly Integrated Load,SYS_FCST_ACT_MW,3.8,3277,ACTUAL,492
2019-12-29T21:00:00-00:00,2019-12-29T22:00:00-00:00,0,2019-12-29,14,0,ACTUAL,SRP,Total Actual Hourly Integrated Load,SYS_FCST_ACT_MW,3.8,2773,ACTUAL,492
2019-12-30T00:00:00-00:00,2019-12-30T01:00:00-00:00,0,2019-12-29,17,0,ACTUAL,SRP,Total Actual Hourly Integrated Load,SYS_FCST_ACT_MW,3.8,3151,ACTUAL,492
2019-12-30T01:00:00-00:00,2019-12-30T02:00:00-00:00,0,2019-12-29,18,0,ACTUAL,SRP,Total Actual Hourly Integrated Load,SYS_FCST_ACT_MW,3.8,3403,ACTUAL,492
2019-12-30T07:00:00-00:00,2019-12-30T08:00:00-00:00,0,2019-12-29,24,0,ACTUAL,SRP,Total Actual Hourly Integrated Load,SYS_FCST_ACT_MW,3.8,2919,ACTUAL,492
2019-12-29T13:00:00-00:00,2019-12-29T14:00:00-00:00,0,2019-12-29,6,0,ACTUAL,SRP,Total Actual Hourly Integrated Load,SYS_FCST_ACT_MW,3.8,3421,ACTUAL,492
2019-12-29T09:00:00-00:00,2019-12-29T10:00:00-00:00,0,2019-12-29,2,0,ACTUAL,SRP,Total Actual Hourly Integrated Load,SYS_FCST_ACT_MW,3.8,3034,ACTUAL,492
2019-12-30T04:00:00-00:00,2019-12-30T05:00:00-00:00,0,2019-12-29,21,0,ACTUAL,SRP,Total Actual Hourly Integrated Load,SYS_FCST_ACT_MW,3.8,3378,ACTUAL,492
2019-12-30T06:00:00-00:00,2019-12-30T07:00:00-00:00,0,2019-12-29,23,0,ACTUAL,SRP,Total Actual Hourly Integrated Load,SYS_FCST_ACT_MW,3.8,3034,ACTUAL,492
2019-12-29T12:00:00-00:00,2019-12-29T13:00:00-00:00,0,2019-12-29,5,0,ACTUAL,SRP,Total Actual Hourly Integrated Load,SYS_FCST_ACT_MW,3.8,3255,ACTUAL,492
2019-12-29T15:00:00-00:00,2019-12-29T16:00:00-00:00,0,2019-12-29,8,0,ACTUAL,SRP,Total Actual Hourly Integrated Load,SYS_FCST_ACT_MW,3.8,3577,ACTUAL,492
2019-12-29T19:00:00-00:00,2019-12-29T20:00:00-00:00,0,2019-12-29,12,0,ACTUAL,SRP,Total Actual Hourly Integrated Load,SYS_FCST_ACT_MW,3.8,2969,ACTUAL,492
2019-12-29T22:00:00-00:00,2019-12-29T23:00:00-00:00,0,2019-12-29,15,0,ACTUAL,SRP,Total Actual Hourly Integrated Load,SYS_FCST_ACT_MW,3.8,2747,ACTUAL,492
2019-12-29T23:00:00-00:00,2019-12-30T00:00:00-00:00,0,2019-12-29,16,0,ACTUAL,SRP,Total Actual Hourly Integrated Load,SYS_FCST_ACT_MW,3.8,2851,ACTUAL,492
2019-12-30T05:00:00-00:00,2019-12-30T06:00:00-00:00,0,2019-12-29,22,0,ACTUAL,SRP,Total Actual Hourly Integrated Load,SYS_FCST_ACT_MW,3.8,3203,ACTUAL,492
2019-12-29T10:00:00-00:00,2019-12-29T11:00:00-00:00,0,2019-12-29,3,0,ACTUAL,SRP,Total Actual Hourly Integrated Load,SYS_FCST_ACT_MW,3.8,3059,ACTUAL,492
2019-12-29T14:00:00-00:00,2019-12-29T15:00:00-00:00,0,2019-12-29,7,0,ACTUAL,SRP,Total Actual Hourly Integrated Load,SYS_FCST_ACT_MW,3.8,3572,ACTUAL,492
2019-12-29T16:00:00-00:00,2019-12-29T17:00:00-00:00,0,2019-12-29,9,0,ACTUAL,SRP,Total Actual Hourly Integrated Load,SYS_FCST_ACT_MW,3.8,3453,ACTUAL,492
2019-12-29T18:00:00-00:00,2019-12-29T19:00:00-00:00,0,2019-12-29,11,0,ACTUAL,SRP,Total Actual Hourly Integrated Load,SYS_FCST_ACT_MW,3.8,3122,ACTUAL,492
2019-12-29T08:00:00-00:00,2019-12-29T09:00:00-00:00,0,2019-12-29,1,0,ACTUAL,SRP,Total Actual Hourly Integrated Load,SYS_FCST_ACT_MW,3.8,3019,ACTUAL,492
2019-12-29T11:00:00-00:00,2019-12-29T12:00:00-00:00,0,2019-12-29,4,0,ACTUAL,SRP,Total Actual Hourly Integrated Load,SYS_FCST_ACT_MW,3.8,3130,ACTUAL,492
2019-12-30T03:00:00-00:00,2019-12-30T04:00:00-00:00,0,2019-12-29,20,0,ACTUAL,SRP,Total Actual Hourly Integrated Load,SYS_FCST_ACT_MW,3.8,3441,ACTUAL,492
2019-12-30T02:00:00-00:00,2019-12-30T03:00:00-00:00,0,2019-12-29,19,0,ACTUAL,SRP,Total Actual Hourly Integrated Load,SYS_FCST_ACT_MW,3.8,3444,ACTUAL,492
2019-12-29T21:00:00-00:00,2019-12-29T22:00:00-00:00,0,2019-12-29,14,0,ACTUAL,VEA-TAC,Total Actual Hourly Integrated Load,SYS_FCST_ACT_MW,3.5,72,ACTUAL,493
2019-12-29T13:00:00-00:00,2019-12-29T14:00:00-00:00,0,2019-12-29,6,0,ACTUAL,VEA-TAC,Total Actual Hourly Integrated Load,SYS_FCST_ACT_MW,3.5,103,ACTUAL,493
2019-12-29T20:00:00-00:00,2019-12-29T21:00:00-00:00,0,2019-12-29,13,0,ACTUAL,VEA-TAC,Total Actual Hourly Integrated Load,SYS_FCST_ACT_MW,3.5,73,ACTUAL,493
2019-12-29T23:00:00-00:00,2019-12-30T00:00:00-00:00,0,2019-12-29,16,0,ACTUAL,VEA-TAC,Total Actual Hourly Integrated Load,SYS_FCST_ACT_MW,3.5,77,ACTUAL,493
2019-12-30T06:00:00-00:00,2019-12-30T07:00:00-00:00,0,2019-12-29,23,0,ACTUAL,VEA-TAC,Total Actual Hourly Integrated Load,SYS_FCST_ACT_MW,3.5,83,ACTUAL,493
2019-12-29T10:00:00-00:00,2019-12-29T11:00:00-00:00,0,2019-12-29,3,0,ACTUAL,VEA-TAC,Total Actual Hourly Integrated Load,SYS_FCST_ACT_MW,3.5,90,ACTUAL,493
2019-12-29T15:00:00-00:00,2019-12-29T16:00:00-00:00,0,2019-12-29,8,0,ACTUAL,VEA-TAC,Total Actual Hourly Integrated Load,SYS_FCST_ACT_MW,3.5,112,ACTUAL,493
2019-12-29T22:00:00-00:00,2019-12-29T23:00:00-00:00,0,2019-12-29,15,0,ACTUAL,VEA-TAC,Total Actual Hourly Integrated Load,SYS_FCST_ACT_MW,3.5,75,ACTUAL,493
2019-12-30T02:00:00-00:00,2019-12-30T03:00:00-00:00,0,2019-12-29,19,0,ACTUAL,VEA-TAC,Total Actual Hourly Integrated Load,SYS_FCST_ACT_MW,3.5,89,ACTUAL,493
2019-12-30T04:00:00-00:00,2019-12-30T05:00:00-00:00,0,2019-12-29,21,0,ACTUAL,VEA-TAC,Total Actual Hourly Integrated Load,SYS_FCST_ACT_MW,3.5,90,ACTUAL,493
2019-12-30T05:00:00-00:00,2019-12-30T06:00:00-00:00,0,2019-12-29,22,0,ACTUAL,VEA-TAC,Total Actual Hourly Integrated Load,SYS_FCST_ACT_MW,3.5,87,ACTUAL,493
2019-12-29T12:00:00-00:00,2019-12-29T13:00:00-00:00,0,2019-12-29,5,0,ACTUAL,VEA-TAC,Total Actual Hourly Integrated Load,SYS_FCST_ACT_MW,3.5,97,ACTUAL,493
2019-12-29T17:00:00-00:00,2019-12-29T18:00:00-00:00,0,2019-12-29,10,0,ACTUAL,VEA-TAC,Total Actual Hourly Integrated Load,SYS_FCST_ACT_MW,3.5,92,ACTUAL,493
2019-12-29T18:00:00-00:00,2019-12-29T19:00:00-00:00,0,2019-12-29,11,0,ACTUAL,VEA-TAC,Total Actual Hourly Integrated Load,SYS_FCST_ACT_MW,3.5,87,ACTUAL,493
2019-12-30T01:00:00-00:00,2019-12-30T02:00:00-00:00,0,2019-12-29,18,0,ACTUAL,VEA-TAC,Total Actual Hourly Integrated Load,SYS_FCST_ACT_MW,3.5,88,ACTUAL,493
2019-12-30T03:00:00-00:00,2019-12-30T04:00:00-00:00,0,2019-12-29,20,0,ACTUAL,VEA-TAC,Total Actual Hourly Integrated Load,SYS_FCST_ACT_MW,3.5,90,ACTUAL,493
2019-12-29T08:00:00-00:00,2019-12-29T09:00:00-00:00,0,2019-12-29,1,0,ACTUAL,VEA-TAC,Total Actual Hourly Integrated Load,SYS_FCST_ACT_MW,3.5,86,ACTUAL,493
2019-12-29T14:00:00-00:00,2019-12-29T15:00:00-00:00,0,2019-12-29,7,0,ACTUAL,VEA-TAC,Total Actual Hourly Integrated Load,SYS_FCST_ACT_MW,3.5,110,ACTUAL,493
2019-12-29T19:00:00-00:00,2019-12-29T20:00:00-00:00,0,2019-12-29,12,0,ACTUAL,VEA-TAC,Total Actual Hourly Integrated Load,SYS_FCST_ACT_MW,3.5,76,ACTUAL,493
2019-12-30T00:00:00-00:00,2019-12-30T01:00:00-00:00,0,2019-12-29,17,0,ACTUAL,VEA-TAC,Total Actual Hourly Integrated Load,SYS_FCST_ACT_MW,3.5,82,ACTUAL,493
2019-12-30T07:00:00-00:00,2019-12-30T08:00:00-00:00,0,2019-12-29,24,0,ACTUAL,VEA-TAC,Total Actual Hourly Integrated Load,SYS_FCST_ACT_MW,3.5,81,ACTUAL,493
2019-12-29T09:00:00-00:00,2019-12-29T10:00:00-00:00,0,2019-12-29,2,0,ACTUAL,VEA-TAC,Total Actual Hourly Integrated Load,SYS_FCST_ACT_MW,3.5,87,ACTUAL,493
2019-12-29T11:00:00-00:00,2019-12-29T12:00:00-00:00,0,2019-12-29,4,0,ACTUAL,VEA-TAC,Total Actual Hourly Integrated Load,SYS_FCST_ACT_MW,3.5,93,ACTUAL,493
2019-12-29T16:00:00-00:00,2019-12-29T17:00:00-00:00,0,2019-12-29,9,0,ACTUAL,VEA-TAC,Total Actual Hourly Integrated Load,SYS_FCST_ACT_MW,3.5,102,ACTUAL,493
2019-12-31T03:00:00-00:00,2019-12-31T04:00:00-00:00,0,2019-12-30,20,0,ACTUAL,AZPS,Total Actual Hourly Integrated Load,SYS_FCST_ACT_MW,3.8,3586,ACTUAL,494
2019-12-30T13:00:00-00:00,2019-12-30T14:00:00-00:00,0,2019-12-30,6,0,ACTUAL,AZPS,Total Actual Hourly Integrated Load,SYS_FCST_ACT_MW,3.8,3721,ACTUAL,494
2019-12-30T14:00:00-00:00,2019-12-30T15:00:00-00:00,0,2019-12-30,7,0,ACTUAL,AZPS,Total Actual Hourly Integrated Load,SYS_FCST_ACT_MW,3.8,3831,ACTUAL,494
2019-12-30T15:00:00-00:00,2019-12-30T16:00:00-00:00,0,2019-12-30,8,0,ACTUAL,AZPS,Total Actual Hourly Integrated Load,SYS_FCST_ACT_MW,3.8,3759,ACTUAL,494
2019-12-30T23:00:00-00:00,2019-12-31T00:00:00-00:00,0,2019-12-30,16,0,ACTUAL,AZPS,Total Actual Hourly Integrated Load,SYS_FCST_ACT_MW,3.8,3241,ACTUAL,494
2019-12-31T01:00:00-00:00,2019-12-31T02:00:00-00:00,0,2019-12-30,18,0,ACTUAL,AZPS,Total Actual Hourly Integrated Load,SYS_FCST_ACT_MW,3.8,3657,ACTUAL,494
2019-12-31T02:00:00-00:00,2019-12-31T03:00:00-00:00,0,2019-12-30,19,0,ACTUAL,AZPS,Total Actual Hourly Integrated Load,SYS_FCST_ACT_MW,3.8,3617,ACTUAL,494
2019-12-30T16:00:00-00:00,2019-12-30T17:00:00-00:00,0,2019-12-30,9,0,ACTUAL,AZPS,Total Actual Hourly Integrated Load,SYS_FCST_ACT_MW,3.8,3622,ACTUAL,494
2019-12-31T05:00:00-00:00,2019-12-31T06:00:00-00:00,0,2019-12-30,22,0,ACTUAL,AZPS,Total Actual Hourly Integrated Load,SYS_FCST_ACT_MW,3.8,3280,ACTUAL,494
2019-12-31T06:00:00-00:00,2019-12-31T07:00:00-00:00,0,2019-12-30,23,0,ACTUAL,AZPS,Total Actual Hourly Integrated Load,SYS_FCST_ACT_MW,3.8,3083,ACTUAL,494
2019-12-31T07:00:00-00:00,2019-12-31T08:00:00-00:00,0,2019-12-30,24,0,ACTUAL,AZPS,Total Actual Hourly Integrated Load,SYS_FCST_ACT_MW,3.8,2949,ACTUAL,494
2019-12-31T04:00:00-00:00,2019-12-31T05:00:00-00:00,0,2019-12-30,21,0,ACTUAL,AZPS,Total Actual Hourly Integrated Load,SYS_FCST_ACT_MW,3.8,3472,ACTUAL,494
2019-12-30T10:00:00-00:00,2019-12-30T11:00:00-00:00,0,2019-12-30,3,0,ACTUAL,AZPS,Total Actual Hourly Integrated Load,SYS_FCST_ACT_MW,3.8,3130,ACTUAL,494
2019-12-30T18:00:00-00:00,2019-12-30T19:00:00-00:00,0,2019-12-30,11,0,ACTUAL,AZPS,Total Actual Hourly Integrated Load,SYS_FCST_ACT_MW,3.8,3316,ACTUAL,494
2019-12-30T19:00:00-00:00,2019-12-30T20:00:00-00:00,0,2019-12-30,12,0,ACTUAL,AZPS,Total Actual Hourly Integrated Load,SYS_FCST_ACT_MW,3.8,3217,ACTUAL,494
2019-12-30T09:00:00-00:00,2019-12-30T10:00:00-00:00,0,2019-12-30,2,0,ACTUAL,AZPS,Total Actual Hourly Integrated Load,SYS_FCST_ACT_MW,3.8,3070,ACTUAL,494
2019-12-30T17:00:00-00:00,2019-12-30T18:00:00-00:00,0,2019-12-30,10,0,ACTUAL,AZPS,Total Actual Hourly Integrated Load,SYS_FCST_ACT_MW,3.8,3469,ACTUAL,494
2019-12-30T20:00:00-00:00,2019-12-30T21:00:00-00:00,0,2019-12-30,13,0,ACTUAL,AZPS,Total Actual Hourly Integrated Load,SYS_FCST_ACT_MW,3.8,3145,ACTUAL,494
2019-12-30T22:00:00-00:00,2019-12-30T23:00:00-00:00,0,2019-12-30,15,0,ACTUAL,AZPS,Total Actual Hourly Integrated Load,SYS_FCST_ACT_MW,3.8,3089,ACTUAL,494
2019-12-31T00:00:00-00:00,2019-12-31T01:00:00-00:00,0,2019-12-30,17,0,ACTUAL,AZPS,Total Actual Hourly Integrated Load,SYS_FCST_ACT_MW,3.8,3527,ACTUAL,494
2019-12-30T11:00:00-00:00,2019-12-30T12:00:00-00:00,0,2019-12-30,4,0,ACTUAL,AZPS,Total Actual Hourly Integrated Load,SYS_FCST_ACT_MW,3.8,3255,ACTUAL,494
2019-12-30T12:00:00-00:00,2019-12-30T13:00:00-00:00,0,2019-12-30,5,0,ACTUAL,AZPS,Total Actual Hourly Integrated Load,SYS_FCST_ACT_MW,3.8,3481,ACTUAL,494
2019-12-30T08:00:00-00:00,2019-12-30T09:00:00-00:00,0,2019-12-30,1,0,ACTUAL,AZPS,Total Actual Hourly Integrated Load,SYS_FCST_ACT_MW,3.8,3057,ACTUAL,494
2019-12-31T03:00:00-00:00,2019-12-31T04:00:00-00:00,0,2019-12-30,20,0,ACTUAL,BANCSMUD,Total Actual Hourly Integrated Load,SYS_FCST_ACT_MW,3.8,1348,ACTUAL,495
2019-12-30T14:00:00-00:00,2019-12-30T15:00:00-00:00,0,2019-12-30,7,0,ACTUAL,BANCSMUD,Total Actual Hourly Integrated Load,SYS_FCST_ACT_MW,3.8,1173,ACTUAL,495
2019-12-30T16:00:00-00:00,2019-12-30T17:00:00-00:00,0,2019-12-30,9,0,ACTUAL,BANCSMUD,Total Actual Hourly Integrated Load,SYS_FCST_ACT_MW,3.8,1279,ACTUAL,495
2019-12-30T11:00:00-00:00,2019-12-30T12:00:00-00:00,0,2019-12-30,4,0,ACTUAL,BANCSMUD,Total Actual Hourly Integrated Load,SYS_FCST_ACT_MW,3.8,938,ACTUAL,495
2019-12-30T10:00:00-00:00,2019-12-30T11:00:00-00:00,0,2019-12-30,3,0,ACTUAL,BANCSMUD,Total Actual Hourly Integrated Load,SYS_FCST_ACT_MW,3.8,923,ACTUAL,495
2019-12-30T08:00:00-00:00,2019-12-30T09:00:00-00:00,0,2019-12-30,1,0,ACTUAL,BANCSMUD,Total Actual Hourly Integrated Load,SYS_FCST_ACT_MW,3.8,992,ACTUAL,495
2019-12-31T05:00:00-00:00,2019-12-31T06:00:00-00:00,0,2019-12-30,22,0,ACTUAL,BANCSMUD,Total Actual Hourly Integrated Load,SYS_FCST_ACT_MW,3.8,1275,ACTUAL,495
2019-12-30T17:00:00-00:00,2019-12-30T18:00:00-00:00,0,2019-12-30,10,0,ACTUAL,BANCSMUD,Total Actual Hourly Integrated Load,SYS_FCST_ACT_MW,3.8,1295,ACTUAL,495
2019-12-31T00:00:00-00:00,2019-12-31T01:00:00-00:00,0,2019-12-30,17,0,ACTUAL,BANCSMUD,Total Actual Hourly Integrated Load,SYS_FCST_ACT_MW,3.8,1244,ACTUAL,495
2019-12-30T13:00:00-00:00,2019-12-30T14:00:00-00:00,0,2019-12-30,6,0,ACTUAL,BANCSMUD,Total Actual Hourly Integrated Load,SYS_FCST_ACT_MW,3.8,1063,ACTUAL,495
2019-12-30T18:00:00-00:00,2019-12-30T19:00:00-00:00,0,2019-12-30,11,0,ACTUAL,BANCSMUD,Total Actual Hourly Integrated Load,SYS_FCST_ACT_MW,3.8,1280,ACTUAL,495
2019-12-31T02:00:00-00:00,2019-12-31T03:00:00-00:00,0,2019-12-30,19,0,ACTUAL,BANCSMUD,Total Actual Hourly Integrated Load,SYS_FCST_ACT_MW,3.8,1369,ACTUAL,495
2019-12-30T22:00:00-00:00,2019-12-30T23:00:00-00:00,0,2019-12-30,15,0,ACTUAL,BANCSMUD,Total Actual Hourly Integrated Load,SYS_FCST_ACT_MW,3.8,1170,ACTUAL,495
2019-12-30T19:00:00-00:00,2019-12-30T20:00:00-00:00,0,2019-12-30,12,0,ACTUAL,BANCSMUD,Total Actual Hourly Integrated Load,SYS_FCST_ACT_MW,3.8,1236,ACTUAL,495
2019-12-30T15:00:00-00:00,2019-12-30T16:00:00-00:00,0,2019-12-30,8,0,ACTUAL,BANCSMUD,Total Actual Hourly Integrated Load,SYS_FCST_ACT_MW,3.8,1244,ACTUAL,495
2019-12-30T12:00:00-00:00,2019-12-30T13:00:00-00:00,0,2019-12-30,5,0,ACTUAL,BANCSMUD,Total Actual Hourly Integrated Load,SYS_FCST_ACT_MW,3.8,982,ACTUAL,495
2019-12-30T09:00:00-00:00,2019-12-30T10:00:00-00:00,0,2019-12-30,2,0,ACTUAL,BANCSMUD,Total Actual Hourly Integrated Load,SYS_FCST_ACT_MW,3.8,948,ACTUAL,495
2019-12-31T07:00:00-00:00,2019-12-31T08:00:00-00:00,0,2019-12-30,24,0,ACTUAL,BANCSMUD,Total Actual Hourly Integrated Load,SYS_FCST_ACT_MW,3.8,1105,ACTUAL,495
2019-12-31T06:00:00-00:00,2019-12-31T07:00:00-00:00,0,2019-12-30,23,0,ACTUAL,BANCSMUD,Total Actual Hourly Integrated Load,SYS_FCST_ACT_MW,3.8,1192,ACTUAL,495
2019-12-31T04:00:00-00:00,2019-12-31T05:00:00-00:00,0,2019-12-30,21,0,ACTUAL,BANCSMUD,Total Actual Hourly Integrated Load,SYS_FCST_ACT_MW,3.8,1327,ACTUAL,495
2019-12-31T01:00:00-00:00,2019-12-31T02:00:00-00:00,0,2019-12-30,18,0,ACTUAL,BANCSMUD,Total Actual Hourly Integrated Load,SYS_FCST_ACT_MW,3.8,1361,ACTUAL,495
2019-12-30T23:00:00-00:00,2019-12-31T00:00:00-00:00,0,2019-12-30,16,0,ACTUAL,BANCSMUD,Total Actual Hourly Integrated Load,SYS_FCST_ACT_MW,3.8,1185,ACTUAL,495
2019-12-30T20:00:00-00:00,2019-12-30T21:00:00-00:00,0,2019-12-30,13,0,ACTUAL,BANCSMUD,Total Actual Hourly Integrated Load,SYS_FCST_ACT_MW,3.8,1203,ACTUAL,495
2019-12-30T11:00:00-00:00,2019-12-30T12:00:00-00:00,0,2019-12-30,4,0,ACTUAL,BCHA,Total Actual Hourly Integrated Load,SYS_FCST_ACT_MW,3.8,6465,ACTUAL,496
2019-12-30T15:00:00-00:00,2019-12-30T16:00:00-00:00,0,2019-12-30,8,0,ACTUAL,BCHA,Total Actual Hourly Integrated Load,SYS_FCST_ACT_MW,3.8,7937,ACTUAL,496
2019-12-30T23:00:00-00:00,2019-12-31T00:00:00-00:00,0,2019-12-30,16,0,ACTUAL,BCHA,Total Actual Hourly Integrated Load,SYS_FCST_ACT_MW,3.8,8707,ACTUAL,496
2019-12-31T06:00:00-00:00,2019-12-31T07:00:00-00:00,0,2019-12-30,23,0,ACTUAL,BCHA,Total Actual Hourly Integrated Load,SYS_FCST_ACT_MW,3.8,7694,ACTUAL,496
2019-12-31T03:00:00-00:00,2019-12-31T04:00:00-00:00,0,2019-12-30,20,0,ACTUAL,BCHA,Total Actual Hourly Integrated Load,SYS_FCST_ACT_MW,3.8,8775,ACTUAL,496
2019-12-30T18:00:00-00:00,2019-12-30T19:00:00-00:00,0,2019-12-30,11,0,ACTUAL,BCHA,Total Actual Hourly Integrated Load,SYS_FCST_ACT_MW,3.8,8622,ACTUAL,496
2019-12-30T16:00:00-00:00,2019-12-30T17:00:00-00:00,0,2019-12-30,9,0,ACTUAL,BCHA,Total Actual Hourly Integrated Load,SYS_FCST_ACT_MW,3.8,8282,ACTUAL,496
2019-12-30T08:00:00-00:00,2019-12-30T09:00:00-00:00,0,2019-12-30,1,0,ACTUAL,BCHA,Total Actual Hourly Integrated Load,SYS_FCST_ACT_MW,3.8,6757,ACTUAL,496
2019-12-30T14:00:00-00:00,2019-12-30T15:00:00-00:00,0,2019-12-30,7,0,ACTUAL,BCHA,Total Actual Hourly Integrated Load,SYS_FCST_ACT_MW,3.8,7399,ACTUAL,496
2019-12-30T13:00:00-00:00,2019-12-30T14:00:00-00:00,0,2019-12-30,6,0,ACTUAL,BCHA,Total Actual Hourly Integrated Load,SYS_FCST_ACT_MW,3.8,6924,ACTUAL,496
2019-12-30T12:00:00-00:00,2019-12-30T13:00:00-00:00,0,2019-12-30,5,0,ACTUAL,BCHA,Total Actual Hourly Integrated Load,SYS_FCST_ACT_MW,3.8,6590,ACTUAL,496
2019-12-30T20:00:00-00:00,2019-12-30T21:00:00-00:00,0,2019-12-30,13,0,ACTUAL,BCHA,Total Actual Hourly Integrated Load,SYS_FCST_ACT_MW,3.8,8630,ACTUAL,496
2019-12-30T09:00:00-00:00,2019-12-30T10:00:00-00:00,0,2019-12-30,2,0,ACTUAL,BCHA,Total Actual Hourly Integrated Load,SYS_FCST_ACT_MW,3.8,6575,ACTUAL,496
2019-12-30T10:00:00-00:00,2019-12-30T11:00:00-00:00,0,2019-12-30,3,0,ACTUAL,BCHA,Total Actual Hourly Integrated Load,SYS_FCST_ACT_MW,3.8,6481,ACTUAL,496
2019-12-31T00:00:00-00:00,2019-12-31T01:00:00-00:00,0,2019-12-30,17,0,ACTUAL,BCHA,Total Actual Hourly Integrated Load,SYS_FCST_ACT_MW,3.8,9086,ACTUAL,496
2019-12-31T05:00:00-00:00,2019-12-31T06:00:00-00:00,0,2019-12-30,22,0,ACTUAL,BCHA,Total Actual Hourly Integrated Load,SYS_FCST_ACT_MW,3.8,8202,ACTUAL,496
2019-12-30T19:00:00-00:00,2019-12-30T20:00:00-00:00,0,2019-12-30,12,0,ACTUAL,BCHA,Total Actual Hourly Integrated Load,SYS_FCST_ACT_MW,3.8,8646,ACTUAL,496
2019-12-31T01:00:00-00:00,2019-12-31T02:00:00-00:00,0,2019-12-30,18,0,ACTUAL,BCHA,Total Actual Hourly Integrated Load,SYS_FCST_ACT_MW,3.8,9238,ACTUAL,496
2019-12-30T17:00:00-00:00,2019-12-30T18:00:00-00:00,0,2019-12-30,10,0,ACTUAL,BCHA,Total Actual Hourly Integrated Load,SYS_FCST_ACT_MW,3.8,8512,ACTUAL,496
2019-12-31T04:00:00-00:00,2019-12-31T05:00:00-00:00,0,2019-12-30,21,0,ACTUAL,BCHA,Total Actual Hourly Integrated Load,SYS_FCST_ACT_MW,3.8,8529,ACTUAL,496
2019-12-31T07:00:00-00:00,2019-12-31T08:00:00-00:00,0,2019-12-30,24,0,ACTUAL,BCHA,Total Actual Hourly Integrated Load,SYS_FCST_ACT_MW,3.8,7224,ACTUAL,496
2019-12-31T02:00:00-00:00,2019-12-31T03:00:00-00:00,0,2019-12-30,19,0,ACTUAL,BCHA,Total Actual Hourly Integrated Load,SYS_FCST_ACT_MW,3.8,9008,ACTUAL,496
2019-12-30T22:00:00-00:00,2019-12-30T23:00:00-00:00,0,2019-12-30,15,0,ACTUAL,BCHA,Total Actual Hourly Integrated Load,SYS_FCST_ACT_MW,3.8,8555,ACTUAL,496
2019-12-31T03:00:00-00:00,2019-12-31T04:00:00-00:00,0,2019-12-30,20,0,ACTUAL,CA ISO-TAC,Total Actual Hourly Integrated Load,SYS_FCST_ACT_MW,3,28136,ACTUAL,497
2019-12-31T01:00:00-00:00,2019-12-31T02:00:00-00:00,0,2019-12-30,18,0,ACTUAL,CA ISO-TAC,Total Actual Hourly Integrated Load,SYS_FCST_ACT_MW,3,28336,ACTUAL,497
2019-12-30T10:00:00-00:00,2019-12-30T11:00:00-00:00,0,2019-12-30,3,0,ACTUAL,CA ISO-TAC,Total Actual Hourly Integrated Load,SYS_FCST_ACT_MW,3,19926,ACTUAL,497
2019-12-30T12:00:00-00:00,2019-12-30T13:00:00-00:00,0,2019-12-30,5,0,ACTUAL,CA ISO-TAC,Total Actual Hourly Integrated Load,SYS_FCST_ACT_MW,3,20404,ACTUAL,497
2019-12-30T15:00:00-00:00,2019-12-30T16:00:00-00:00,0,2019-12-30,8,0,ACTUAL,CA ISO-TAC,Total Actual Hourly Integrated Load,SYS_FCST_ACT_MW,3,24844,ACTUAL,497
2019-12-31T07:00:00-00:00,2019-12-31T08:00:00-00:00,0,2019-12-30,24,0,ACTUAL,CA ISO-TAC,Total Actual Hourly Integrated Load,SYS_FCST_ACT_MW,3,22859,ACTUAL,497
2019-12-30T23:00:00-00:00,2019-12-31T00:00:00-00:00,0,2019-12-30,16,0,ACTUAL,CA ISO-TAC,Total Actual Hourly Integrated Load,SYS_FCST_ACT_MW,3,24254,ACTUAL,497
2019-12-30T08:00:00-00:00,2019-12-30T09:00:00-00:00,0,2019-12-30,1,0,ACTUAL,CA ISO-TAC,Total Actual Hourly Integrated Load,SYS_FCST_ACT_MW,3,21064,ACTUAL,497
2019-12-30T14:00:00-00:00,2019-12-30T15:00:00-00:00,0,2019-12-30,7,0,ACTUAL,CA ISO-TAC,Total Actual Hourly Integrated Load,SYS_FCST_ACT_MW,3,23636,ACTUAL,497
2019-12-31T05:00:00-00:00,2019-12-31T06:00:00-00:00,0,2019-12-30,22,0,ACTUAL,CA ISO-TAC,Total Actual Hourly Integrated Load,SYS_FCST_ACT_MW,3,26356,ACTUAL,497
2019-12-30T09:00:00-00:00,2019-12-30T10:00:00-00:00,0,2019-12-30,2,0,ACTUAL,CA ISO-TAC,Total Actual Hourly Integrated Load,SYS_FCST_ACT_MW,3,20326,ACTUAL,497
2019-12-30T11:00:00-00:00,2019-12-30T12:00:00-00:00,0,2019-12-30,4,0,ACTUAL,CA ISO-TAC,Total Actual Hourly Integrated Load,SYS_FCST_ACT_MW,3,19875,ACTUAL,497
2019-12-30T20:00:00-00:00,2019-12-30T21:00:00-00:00,0,2019-12-30,13,0,ACTUAL,CA ISO-TAC,Total Actual Hourly Integrated Load,SYS_FCST_ACT_MW,3,23287,ACTUAL,497
2019-12-31T04:00:00-00:00,2019-12-31T05:00:00-00:00,0,2019-12-30,21,0,ACTUAL,CA ISO-TAC,Total Actual Hourly Integrated Load,SYS_FCST_ACT_MW,3,27467,ACTUAL,497
2019-12-30T18:00:00-00:00,2019-12-30T19:00:00-00:00,0,2019-12-30,11,0,ACTUAL,CA ISO-TAC,Total Actual Hourly Integrated Load,SYS_FCST_ACT_MW,3,24159,ACTUAL,497
2019-12-31T00:00:00-00:00,2019-12-31T01:00:00-00:00,0,2019-12-30,17,0,ACTUAL,CA ISO-TAC,Total Actual Hourly Integrated Load,SYS_FCST_ACT_MW,3,25906,ACTUAL,497
2019-12-30T17:00:00-00:00,2019-12-30T18:00:00-00:00,0,2019-12-30,10,0,ACTUAL,CA ISO-TAC,Total Actual Hourly Integrated Load,SYS_FCST_ACT_MW,3,24717,ACTUAL,497
2019-12-30T22:00:00-00:00,2019-12-30T23:00:00-00:00,0,2019-12-30,15,0,ACTUAL,CA ISO-TAC,Total Actual Hourly Integrated Load,SYS_FCST_ACT_MW,3,23324,ACTUAL,497
2019-12-31T02:00:00-00:00,2019-12-31T03:00:00-00:00,0,2019-12-30,19,0,ACTUAL,CA ISO-TAC,Total Actual Hourly Integrated Load,SYS_FCST_ACT_MW,3,28558,ACTUAL,497
2019-12-30T13:00:00-00:00,2019-12-30T14:00:00-00:00,0,2019-12-30,6,0,ACTUAL,CA ISO-TAC,Total Actual Hourly Integrated Load,SYS_FCST_ACT_MW,3,21706,ACTUAL,497
2019-12-30T16:00:00-00:00,2019-12-30T17:00:00-00:00,0,2019-12-30,9,0,ACTUAL,CA ISO-TAC,Total Actual Hourly Integrated Load,SYS_FCST_ACT_MW,3,25192,ACTUAL,497
2019-12-30T19:00:00-00:00,2019-12-30T20:00:00-00:00,0,2019-12-30,12,0,ACTUAL,CA ISO-TAC,Total Actual Hourly Integrated Load,SYS_FCST_ACT_MW,3,23605,ACTUAL,497
2019-12-31T06:00:00-00:00,2019-12-31T07:00:00-00:00,0,2019-12-30,23,0,ACTUAL,CA ISO-TAC,Total Actual Hourly Integrated Load,SYS_FCST_ACT_MW,3,24638,ACTUAL,497
2019-12-30T08:00:00-00:00,2019-12-30T09:00:00-00:00,0,2019-12-30,1,0,ACTUAL,IPCO,Total Actual Hourly Integrated Load,SYS_FCST_ACT_MW,3.8,1714,ACTUAL,498
2019-12-30T15:00:00-00:00,2019-12-30T16:00:00-00:00,0,2019-12-30,8,0,ACTUAL,IPCO,Total Actual Hourly Integrated Load,SYS_FCST_ACT_MW,3.8,2150,ACTUAL,498
2019-12-31T00:00:00-00:00,2019-12-31T01:00:00-00:00,0,2019-12-30,17,0,ACTUAL,IPCO,Total Actual Hourly Integrated Load,SYS_FCST_ACT_MW,3.8,2215,ACTUAL,498
2019-12-31T03:00:00-00:00,2019-12-31T04:00:00-00:00,0,2019-12-30,20,0,ACTUAL,IPCO,Total Actual Hourly Integrated Load,SYS_FCST_ACT_MW,3.8,2156,ACTUAL,498
2019-12-31T05:00:00-00:00,2019-12-31T06:00:00-00:00,0,2019-12-30,22,0,ACTUAL,IPCO,Total Actual Hourly Integrated Load,SYS_FCST_ACT_MW,3.8,1954,ACTUAL,498
2019-12-31T06:00:00-00:00,2019-12-31T07:00:00-00:00,0,2019-12-30,23,0,ACTUAL,IPCO,Total Actual Hourly Integrated Load,SYS_FCST_ACT_MW,3.8,1842,ACTUAL,498
2019-12-30T17:00:00-00:00,2019-12-30T18:00:00-00:00,0,2019-12-30,10,0,ACTUAL,IPCO,Total Actual Hourly Integrated Load,SYS_FCST_ACT_MW,3.8,2165,ACTUAL,498
2019-12-31T02:00:00-00:00,2019-12-31T03:00:00-00:00,0,2019-12-30,19,0,ACTUAL,IPCO,Total Actual Hourly Integrated Load,SYS_FCST_ACT_MW,3.8,2204,ACTUAL,498
2019-12-30T22:00:00-00:00,2019-12-30T23:00:00-00:00,0,2019-12-30,15,0,ACTUAL,IPCO,Total Actual Hourly Integrated Load,SYS_FCST_ACT_MW,3.8,2047,ACTUAL,498
2019-12-30T14:00:00-00:00,2019-12-30T15:00:00-00:00,0,2019-12-30,7,0,ACTUAL,IPCO,Total Actual Hourly Integrated Load,SYS_FCST_ACT_MW,3.8,2092,ACTUAL,498
2019-12-30T23:00:00-00:00,2019-12-31T00:00:00-00:00,0,2019-12-30,16,0,ACTUAL,IPCO,Total Actual Hourly Integrated Load,SYS_FCST_ACT_MW,3.8,2095,ACTUAL,498
2019-12-30T10:00:00-00:00,2019-12-30T11:00:00-00:00,0,2019-12-30,3,0,ACTUAL,IPCO,Total Actual Hourly Integrated Load,SYS_FCST_ACT_MW,3.8,1713,ACTUAL,498
2019-12-30T11:00:00-00:00,2019-12-30T12:00:00-00:00,0,2019-12-30,4,0,ACTUAL,IPCO,Total Actual Hourly Integrated Load,SYS_FCST_ACT_MW,3.8,1753,ACTUAL,498
2019-12-30T13:00:00-00:00,2019-12-30T14:00:00-00:00,0,2019-12-30,6,0,ACTUAL,IPCO,Total Actual Hourly Integrated Load,SYS_FCST_ACT_MW,3.8,1971,ACTUAL,498
2019-12-30T16:00:00-00:00,2019-12-30T17:00:00-00:00,0,2019-12-30,9,0,ACTUAL,IPCO,Total Actual Hourly Integrated Load,SYS_FCST_ACT_MW,3.8,2167,ACTUAL,498
2019-12-31T04:00:00-00:00,2019-12-31T05:00:00-00:00,0,2019-12-30,21,0,ACTUAL,IPCO,Total Actual Hourly Integrated Load,SYS_FCST_ACT_MW,3.8,2072,ACTUAL,498
2019-12-31T07:00:00-00:00,2019-12-31T08:00:00-00:00,0,2019-12-30,24,0,ACTUAL,IPCO,Total Actual Hourly Integrated Load,SYS_FCST_ACT_MW,3.8,1770,ACTUAL,498
2019-12-30T20:00:00-00:00,2019-12-30T21:00:00-00:00,0,2019-12-30,13,0,ACTUAL,IPCO,Total Actual Hourly Integrated Load,SYS_FCST_ACT_MW,3.8,2072,ACTUAL,498
2019-12-30T09:00:00-00:00,2019-12-30T10:00:00-00:00,0,2019-12-30,2,0,ACTUAL,IPCO,Total Actual Hourly Integrated Load,SYS_FCST_ACT_MW,3.8,1702,ACTUAL,498
2019-12-30T12:00:00-00:00,2019-12-30T13:00:00-00:00,0,2019-12-30,5,0,ACTUAL,IPCO,Total Actual Hourly Integrated Load,SYS_FCST_ACT_MW,3.8,1842,ACTUAL,498
2019-12-30T19:00:00-00:00,2019-12-30T20:00:00-00:00,0,2019-12-30,12,0,ACTUAL,IPCO,Total Actual Hourly Integrated Load,SYS_FCST_ACT_MW,3.8,2105,ACTUAL,498
2019-12-31T01:00:00-00:00,2019-12-31T02:00:00-00:00,0,2019-12-30,18,0,ACTUAL,IPCO,Total Actual Hourly Integrated Load,SYS_FCST_ACT_MW,3.8,2241,ACTUAL,498
2019-12-30T18:00:00-00:00,2019-12-30T19:00:00-00:00,0,2019-12-30,11,0,ACTUAL,IPCO,Total Actual Hourly Integrated Load,SYS_FCST_ACT_MW,3.8,2137,ACTUAL,498
2019-12-30T19:00:00-00:00,2019-12-30T20:00:00-00:00,0,2019-12-30,12,0,ACTUAL,MWD-TAC,Total Actual Hourly Integrated Load,SYS_FCST_ACT_MW,3.3,113,ACTUAL,499
2019-12-31T03:00:00-00:00,2019-12-31T04:00:00-00:00,0,2019-12-30,20,0,ACTUAL,MWD-TAC,Total Actual Hourly Integrated Load,SYS_FCST_ACT_MW,3.3,137,ACTUAL,499
2019-12-31T06:00:00-00:00,2019-12-31T07:00:00-00:00,0,2019-12-30,23,0,ACTUAL,MWD-TAC,Total Actual Hourly Integrated Load,SYS_FCST_ACT_MW,3.3,138,ACTUAL,499
2019-12-31T07:00:00-00:00,2019-12-31T08:00:00-00:00,0,2019-12-30,24,0,ACTUAL,MWD-TAC,Total Actual Hourly Integrated Load,SYS_FCST_ACT_MW,3.3,141,ACTUAL,499
2019-12-31T01:00:00-00:00,2019-12-31T02:00:00-00:00,0,2019-12-30,18,0,ACTUAL,MWD-TAC,Total Actual Hourly Integrated Load,SYS_FCST_ACT_MW,3.3,134,ACTUAL,499
2019-12-30T10:00:00-00:00,2019-12-30T11:00:00-00:00,0,2019-12-30,3,0,ACTUAL,MWD-TAC,Total Actual Hourly Integrated Load,SYS_FCST_ACT_MW,3.3,137,ACTUAL,499
2019-12-30T17:00:00-00:00,2019-12-30T18:00:00-00:00,0,2019-12-30,10,0,ACTUAL,MWD-TAC,Total Actual Hourly Integrated Load,SYS_FCST_ACT_MW,3.3,114,ACTUAL,499
2019-12-31T02:00:00-00:00,2019-12-31T03:00:00-00:00,0,2019-12-30,19,0,ACTUAL,MWD-TAC,Total Actual Hourly Integrated Load,SYS_FCST_ACT_MW,3.3,134,ACTUAL,499
2019-12-30T08:00:00-00:00,2019-12-30T09:00:00-00:00,0,2019-12-30,1,0,ACTUAL,MWD-TAC,Total Actual Hourly Integrated Load,SYS_FCST_ACT_MW,3.3,133,ACTUAL,499
2019-12-30T13:00:00-00:00,2019-12-30T14:00:00-00:00,0,2019-12-30,6,0,ACTUAL,MWD-TAC,Total Actual Hourly Integrated Load,SYS_FCST_ACT_MW,3.3,138,ACTUAL,499
2019-12-30T14:00:00-00:00,2019-12-30T15:00:00-00:00,0,2019-12-30,7,0,ACTUAL,MWD-TAC,Total Actual Hourly Integrated Load,SYS_FCST_ACT_MW,3.3,132,ACTUAL,499
2019-12-30T16:00:00-00:00,2019-12-30T17:00:00-00:00,0,2019-12-30,9,0,ACTUAL,MWD-TAC,Total Actual Hourly Integrated Load,SYS_FCST_ACT_MW,3.3,118,ACTUAL,499
2019-12-31T05:00:00-00:00,2019-12-31T06:00:00-00:00,0,2019-12-30,22,0,ACTUAL,MWD-TAC,Total Actual Hourly Integrated Load,SYS_FCST_ACT_MW,3.3,135,ACTUAL,499
2019-12-30T23:00:00-00:00,2019-12-31T00:00:00-00:00,0,2019-12-30,16,0,ACTUAL,MWD-TAC,Total Actual Hourly Integrated Load,SYS_FCST_ACT_MW,3.3,121,ACTUAL,499
2019-12-31T00:00:00-00:00,2019-12-31T01:00:00-00:00,0,2019-12-30,17,0,ACTUAL,MWD-TAC,Total Actual Hourly Integrated Load,SYS_FCST_ACT_MW,3.3,131,ACTUAL,499
2019-12-31T04:00:00-00:00,2019-12-31T05:00:00-00:00,0,2019-12-30,21,0,ACTUAL,MWD-TAC,Total Actual Hourly Integrated Load,SYS_FCST_ACT_MW,3.3,138,ACTUAL,499
2019-12-30T09:00:00-00:00,2019-12-30T10:00:00-00:00,0,2019-12-30,2,0,ACTUAL,MWD-TAC,Total Actual Hourly Integrated Load,SYS_FCST_ACT_MW,3.3,133,ACTUAL,499
2019-12-30T12:00:00-00:00,2019-12-30T13:00:00-00:00,0,2019-12-30,5,0,ACTUAL,MWD-TAC,Total Actual Hourly Integrated Load,SYS_FCST_ACT_MW,3.3,136,ACTUAL,499
2019-12-30T18:00:00-00:00,2019-12-30T19:00:00-00:00,0,2019-12-30,11,0,ACTUAL,MWD-TAC,Total Actual Hourly Integrated Load,SYS_FCST_ACT_MW,3.3,113,ACTUAL,499
2019-12-30T20:00:00-00:00,2019-12-30T21:00:00-00:00,0,2019-12-30,13,0,ACTUAL,MWD-TAC,Total Actual Hourly Integrated Load,SYS_FCST_ACT_MW,3.3,109,ACTUAL,499
2019-12-30T11:00:00-00:00,2019-12-30T12:00:00-00:00,0,2019-12-30,4,0,ACTUAL,MWD-TAC,Total Actual Hourly Integrated Load,SYS_FCST_ACT_MW,3.3,141,ACTUAL,499
2019-12-30T15:00:00-00:00,2019-12-30T16:00:00-00:00,0,2019-12-30,8,0,ACTUAL,MWD-TAC,Total Actual Hourly Integrated Load,SYS_FCST_ACT_MW,3.3,127,ACTUAL,499
2019-12-30T22:00:00-00:00,2019-12-30T23:00:00-00:00,0,2019-12-30,15,0,ACTUAL,MWD-TAC,Total Actual Hourly Integrated Load,SYS_FCST_ACT_MW,3.3,110,ACTUAL,499
2019-12-31T06:00:00-00:00,2019-12-31T07:00:00-00:00,0,2019-12-30,23,0,ACTUAL,NEVP,Total Actual Hourly Integrated Load,SYS_FCST_ACT_MW,3.8,4016,ACTUAL,500
2019-12-30T11:00:00-00:00,2019-12-30T12:00:00-00:00,0,2019-12-30,4,0,ACTUAL,NEVP,Total Actual Hourly Integrated Load,SYS_FCST_ACT_MW,3.8,3665,ACTUAL,500
2019-12-30T14:00:00-00:00,2019-12-30T15:00:00-00:00,0,2019-12-30,7,0,ACTUAL,NEVP,Total Actual Hourly Integrated Load,SYS_FCST_ACT_MW,3.8,4054,ACTUAL,500
2019-12-31T04:00:00-00:00,2019-12-31T05:00:00-00:00,0,2019-12-30,21,0,ACTUAL,NEVP,Total Actual Hourly Integrated Load,SYS_FCST_ACT_MW,3.8,4317,ACTUAL,500
2019-12-31T01:00:00-00:00,2019-12-31T02:00:00-00:00,0,2019-12-30,18,0,ACTUAL,NEVP,Total Actual Hourly Integrated Load,SYS_FCST_ACT_MW,3.8,4405,ACTUAL,500
2019-12-31T02:00:00-00:00,2019-12-31T03:00:00-00:00,0,2019-12-30,19,0,ACTUAL,NEVP,Total Actual Hourly Integrated Load,SYS_FCST_ACT_MW,3.8,4417,ACTUAL,500
2019-12-31T07:00:00-00:00,2019-12-31T08:00:00-00:00,0,2019-12-30,24,0,ACTUAL,NEVP,Total Actual Hourly Integrated Load,SYS_FCST_ACT_MW,3.8,3853,ACTUAL,500
2019-12-30T19:00:00-00:00,2019-12-30T20:00:00-00:00,0,2019-12-30,12,0,ACTUAL,NEVP,Total Actual Hourly Integrated Load,SYS_FCST_ACT_MW,3.8,3854,ACTUAL,500
2019-12-30T09:00:00-00:00,2019-12-30T10:00:00-00:00,0,2019-12-30,2,0,ACTUAL,NEVP,Total Actual Hourly Integrated Load,SYS_FCST_ACT_MW,3.8,3714,ACTUAL,500
2019-12-30T10:00:00-00:00,2019-12-30T11:00:00-00:00,0,2019-12-30,3,0,ACTUAL,NEVP,Total Actual Hourly Integrated Load,SYS_FCST_ACT_MW,3.8,3665,ACTUAL,500
2019-12-30T18:00:00-00:00,2019-12-30T19:00:00-00:00,0,2019-12-30,11,0,ACTUAL,NEVP,Total Actual Hourly Integrated Load,SYS_FCST_ACT_MW,3.8,3919,ACTUAL,500
2019-12-30T23:00:00-00:00,2019-12-31T00:00:00-00:00,0,2019-12-30,16,0,ACTUAL,NEVP,Total Actual Hourly Integrated Load,SYS_FCST_ACT_MW,3.8,3900,ACTUAL,500
2019-12-30T08:00:00-00:00,2019-12-30T09:00:00-00:00,0,2019-12-30,1,0,ACTUAL,NEVP,Total Actual Hourly Integrated Load,SYS_FCST_ACT_MW,3.8,3783,ACTUAL,500
2019-12-31T03:00:00-00:00,2019-12-31T04:00:00-00:00,0,2019-12-30,20,0,ACTUAL,NEVP,Total Actual Hourly Integrated Load,SYS_FCST_ACT_MW,3.8,4388,ACTUAL,500
2019-12-31T05:00:00-00:00,2019-12-31T06:00:00-00:00,0,2019-12-30,22,0,ACTUAL,NEVP,Total Actual Hourly Integrated Load,SYS_FCST_ACT_MW,3.8,4182,ACTUAL,500
2019-12-30T16:00:00-00:00,2019-12-30T17:00:00-00:00,0,2019-12-30,9,0,ACTUAL,NEVP,Total Actual Hourly Integrated Load,SYS_FCST_ACT_MW,3.8,4034,ACTUAL,500
2019-12-31T00:00:00-00:00,2019-12-31T01:00:00-00:00,0,2019-12-30,17,0,ACTUAL,NEVP,Total Actual Hourly Integrated Load,SYS_FCST_ACT_MW,3.8,4152,ACTUAL,500
2019-12-30T12:00:00-00:00,2019-12-30T13:00:00-00:00,0,2019-12-30,5,0,ACTUAL,NEVP,Total Actual Hourly Integrated Load,SYS_FCST_ACT_MW,3.8,3720,ACTUAL,500
2019-12-30T17:00:00-00:00,2019-12-30T18:00:00-00:00,0,2019-12-30,10,0,ACTUAL,NEVP,Total Actual Hourly Integrated Load,SYS_FCST_ACT_MW,3.8,3977,ACTUAL,500
2019-12-30T13:00:00-00:00,2019-12-30T14:00:00-00:00,0,2019-12-30,6,0,ACTUAL,NEVP,Total Actual Hourly Integrated Load,SYS_FCST_ACT_MW,3.8,3861,ACTUAL,500
2019-12-30T20:00:00-00:00,2019-12-30T21:00:00-00:00,0,2019-12-30,13,0,ACTUAL,NEVP,Total Actual Hourly Integrated Load,SYS_FCST_ACT_MW,3.8,3826,ACTUAL,500
2019-12-30T22:00:00-00:00,2019-12-30T23:00:00-00:00,0,2019-12-30,15,0,ACTUAL,NEVP,Total Actual Hourly Integrated Load,SYS_FCST_ACT_MW,3.8,3804,ACTUAL,500
2019-12-30T15:00:00-00:00,2019-12-30T16:00:00-00:00,0,2019-12-30,8,0,ACTUAL,NEVP,Total Actual Hourly Integrated Load,SYS_FCST_ACT_MW,3.8,4093,ACTUAL,500
2019-12-30T11:00:00-00:00,2019-12-30T12:00:00-00:00,0,2019-12-30,4,0,ACTUAL,PACE,Total Actual Hourly Integrated Load,SYS_FCST_ACT_MW,3.8,5141,ACTUAL,501
2019-12-30T14:00:00-00:00,2019-12-30T15:00:00-00:00,0,2019-12-30,7,0,ACTUAL,PACE,Total Actual Hourly Integrated Load,SYS_FCST_ACT_MW,3.8,5869,ACTUAL,501
2019-12-30T12:00:00-00:00,2019-12-30T13:00:00-00:00,0,2019-12-30,5,0,ACTUAL,PACE,Total Actual Hourly Integrated Load,SYS_FCST_ACT_MW,3.8,5322,ACTUAL,501
2019-12-30T08:00:00-00:00,2019-12-30T09:00:00-00:00,0,2019-12-30,1,0,ACTUAL,PACE,Total Actual Hourly Integrated Load,SYS_FCST_ACT_MW,3.8,5060,ACTUAL,501
2019-12-31T07:00:00-00:00,2019-12-31T08:00:00-00:00,0,2019-12-30,24,0,ACTUAL,PACE,Total Actual Hourly Integrated Load,SYS_FCST_ACT_MW,3.8,5284,ACTUAL,501
2019-12-30T16:00:00-00:00,2019-12-30T17:00:00-00:00,0,2019-12-30,9,0,ACTUAL,PACE,Total Actual Hourly Integrated Load,SYS_FCST_ACT_MW,3.8,6049,ACTUAL,501
2019-12-30T15:00:00-00:00,2019-12-30T16:00:00-00:00,0,2019-12-30,8,0,ACTUAL,PACE,Total Actual Hourly Integrated Load,SYS_FCST_ACT_MW,3.8,5989,ACTUAL,501
2019-12-30T17:00:00-00:00,2019-12-30T18:00:00-00:00,0,2019-12-30,10,0,ACTUAL,PACE,Total Actual Hourly Integrated Load,SYS_FCST_ACT_MW,3.8,6042,ACTUAL,501
2019-12-31T06:00:00-00:00,2019-12-31T07:00:00-00:00,0,2019-12-30,23,0,ACTUAL,PACE,Total Actual Hourly Integrated Load,SYS_FCST_ACT_MW,3.8,5468,ACTUAL,501
2019-12-30T13:00:00-00:00,2019-12-30T14:00:00-00:00,0,2019-12-30,6,0,ACTUAL,PACE,Total Actual Hourly Integrated Load,SYS_FCST_ACT_MW,3.8,5596,ACTUAL,501
2019-12-30T20:00:00-00:00,2019-12-30T21:00:00-00:00,0,2019-12-30,13,0,ACTUAL,PACE,Total Actual Hourly Integrated Load,SYS_FCST_ACT_MW,3.8,5870,ACTUAL,501
2019-12-30T09:00:00-00:00,2019-12-30T10:00:00-00:00,0,2019-12-30,2,0,ACTUAL,PACE,Total Actual Hourly Integrated Load,SYS_FCST_ACT_MW,3.8,5041,ACTUAL,501
2019-12-31T03:00:00-00:00,2019-12-31T04:00:00-00:00,0,2019-12-30,20,0,ACTUAL,PACE,Total Actual Hourly Integrated Load,SYS_FCST_ACT_MW,3.8,6169,ACTUAL,501
2019-12-31T02:00:00-00:00,2019-12-31T03:00:00-00:00,0,2019-12-30,19,0,ACTUAL,PACE,Total Actual Hourly Integrated Load,SYS_FCST_ACT_MW,3.8,6275,ACTUAL,501
2019-12-31T01:00:00-00:00,2019-12-31T02:00:00-00:00,0,2019-12-30,18,0,ACTUAL,PACE,Total Actual Hourly Integrated Load,SYS_FCST_ACT_MW,3.8,6344,ACTUAL,501
2019-12-31T00:00:00-00:00,2019-12-31T01:00:00-00:00,0,2019-12-30,17,0,ACTUAL,PACE,Total Actual Hourly Integrated Load,SYS_FCST_ACT_MW,3.8,6287,ACTUAL,501
2019-12-30T22:00:00-00:00,2019-12-30T23:00:00-00:00,0,2019-12-30,15,0,ACTUAL,PACE,Total Actual Hourly Integrated Load,SYS_FCST_ACT_MW,3.8,5850,ACTUAL,501
2019-12-30T19:00:00-00:00,2019-12-30T20:00:00-00:00,0,2019-12-30,12,0,ACTUAL,PACE,Total Actual Hourly Integrated Load,SYS_FCST_ACT_MW,3.8,5919,ACTUAL,501
2019-12-30T10:00:00-00:00,2019-12-30T11:00:00-00:00,0,2019-12-30,3,0,ACTUAL,PACE,Total Actual Hourly Integrated Load,SYS_FCST_ACT_MW,3.8,5069,ACTUAL,501
2019-12-31T05:00:00-00:00,2019-12-31T06:00:00-00:00,0,2019-12-30,22,0,ACTUAL,PACE,Total Actual Hourly Integrated Load,SYS_FCST_ACT_MW,3.8,5739,ACTUAL,501
2019-12-30T23:00:00-00:00,2019-12-31T00:00:00-00:00,0,2019-12-30,16,0,ACTUAL,PACE,Total Actual Hourly Integrated Load,SYS_FCST_ACT_MW,3.8,5978,ACTUAL,501
2019-12-30T18:00:00-00:00,2019-12-30T19:00:00-00:00,0,2019-12-30,11,0,ACTUAL,PACE,Total Actual Hourly Integrated Load,SYS_FCST_ACT_MW,3.8,5978,ACTUAL,501
2019-12-31T04:00:00-00:00,2019-12-31T05:00:00-00:00,0,2019-12-30,21,0,ACTUAL,PACE,Total Actual Hourly Integrated Load,SYS_FCST_ACT_MW,3.8,5985,ACTUAL,501
2019-12-30T18:00:00-00:00,2019-12-30T19:00:00-00:00,0,2019-12-30,11,0,ACTUAL,PACW,Total Actual Hourly Integrated Load,SYS_FCST_ACT_MW,3.8,2965,ACTUAL,502
2019-12-30T12:00:00-00:00,2019-12-30T13:00:00-00:00,0,2019-12-30,5,0,ACTUAL,PACW,Total Actual Hourly Integrated Load,SYS_FCST_ACT_MW,3.8,2256,ACTUAL,502
2019-12-30T19:00:00-00:00,2019-12-30T20:00:00-00:00,0,2019-12-30,12,0,ACTUAL,PACW,Total Actual Hourly Integrated Load,SYS_FCST_ACT_MW,3.8,2900,ACTUAL,502
2019-12-30T10:00:00-00:00,2019-12-30T11:00:00-00:00,0,2019-12-30,3,0,ACTUAL,PACW,Total Actual Hourly Integrated Load,SYS_FCST_ACT_MW,3.8,2115,ACTUAL,502
2019-12-31T04:00:00-00:00,2019-12-31T05:00:00-00:00,0,2019-12-30,21,0,ACTUAL,PACW,Total Actual Hourly Integrated Load,SYS_FCST_ACT_MW,3.8,2786,ACTUAL,502
2019-12-31T03:00:00-00:00,2019-12-31T04:00:00-00:00,0,2019-12-30,20,0,ACTUAL,PACW,Total Actual Hourly Integrated Load,SYS_FCST_ACT_MW,3.8,2881,ACTUAL,502
2019-12-30T23:00:00-00:00,2019-12-31T00:00:00-00:00,0,2019-12-30,16,0,ACTUAL,PACW,Total Actual Hourly Integrated Load,SYS_FCST_ACT_MW,3.8,2757,ACTUAL,502
2019-12-30T14:00:00-00:00,2019-12-30T15:00:00-00:00,0,2019-12-30,7,0,ACTUAL,PACW,Total Actual Hourly Integrated Load,SYS_FCST_ACT_MW,3.8,2737,ACTUAL,502
2019-12-31T07:00:00-00:00,2019-12-31T08:00:00-00:00,0,2019-12-30,24,0,ACTUAL,PACW,Total Actual Hourly Integrated Load,SYS_FCST_ACT_MW,3.8,2299,ACTUAL,502
2019-12-30T15:00:00-00:00,2019-12-30T16:00:00-00:00,0,2019-12-30,8,0,ACTUAL,PACW,Total Actual Hourly Integrated Load,SYS_FCST_ACT_MW,3.8,2928,ACTUAL,502
2019-12-31T00:00:00-00:00,2019-12-31T01:00:00-00:00,0,2019-12-30,17,0,ACTUAL,PACW,Total Actual Hourly Integrated Load,SYS_FCST_ACT_MW,3.8,2870,ACTUAL,502
2019-12-30T09:00:00-00:00,2019-12-30T10:00:00-00:00,0,2019-12-30,2,0,ACTUAL,PACW,Total Actual Hourly Integrated Load,SYS_FCST_ACT_MW,3.8,2121,ACTUAL,502
2019-12-31T05:00:00-00:00,2019-12-31T06:00:00-00:00,0,2019-12-30,22,0,ACTUAL,PACW,Total Actual Hourly Integrated Load,SYS_FCST_ACT_MW,3.8,2633,ACTUAL,502
2019-12-30T08:00:00-00:00,2019-12-30T09:00:00-00:00,0,2019-12-30,1,0,ACTUAL,PACW,Total Actual Hourly Integrated Load,SYS_FCST_ACT_MW,3.8,2165,ACTUAL,502
2019-12-31T06:00:00-00:00,2019-12-31T07:00:00-00:00,0,2019-12-30,23,0,ACTUAL,PACW,Total Actual Hourly Integrated Load,SYS_FCST_ACT_MW,3.8,2450,ACTUAL,502
2019-12-30T22:00:00-00:00,2019-12-30T23:00:00-00:00,0,2019-12-30,15,0,ACTUAL,PACW,Total Actual Hourly Integrated Load,SYS_FCST_ACT_MW,3.8,2751,ACTUAL,502
2019-12-31T02:00:00-00:00,2019-12-31T03:00:00-00:00,0,2019-12-30,19,0,ACTUAL,PACW,Total Actual Hourly Integrated Load,SYS_FCST_ACT_MW,3.8,2947,ACTUAL,502
2019-12-30T11:00:00-00:00,2019-12-30T12:00:00-00:00,0,2019-12-30,4,0,ACTUAL,PACW,Total Actual Hourly Integrated Load,SYS_FCST_ACT_MW,3.8,2150,ACTUAL,502
2019-12-31T01:00:00-00:00,2019-12-31T02:00:00-00:00,0,2019-12-30,18,0,ACTUAL,PACW,Total Actual Hourly Integrated Load,SYS_FCST_ACT_MW,3.8,2981,ACTUAL,502
2019-12-30T17:00:00-00:00,2019-12-30T18:00:00-00:00,0,2019-12-30,10,0,ACTUAL,PACW,Total Actual Hourly Integrated Load,SYS_FCST_ACT_MW,3.8,3006,ACTUAL,502
2019-12-30T16:00:00-00:00,2019-12-30T17:00:00-00:00,0,2019-12-30,9,0,ACTUAL,PACW,Total Actual Hourly Integrated Load,SYS_FCST_ACT_MW,3.8,2993,ACTUAL,502
2019-12-30T13:00:00-00:00,2019-12-30T14:00:00-00:00,0,2019-12-30,6,0,ACTUAL,PACW,Total Actual Hourly Integrated Load,SYS_FCST_ACT_MW,3.8,2473,ACTUAL,502
2019-12-30T20:00:00-00:00,2019-12-30T21:00:00-00:00,0,2019-12-30,13,0,ACTUAL,PACW,Total Actual Hourly Integrated Load,SYS_FCST_ACT_MW,3.8,2845,ACTUAL,502
2019-12-30T13:00:00-00:00,2019-12-30T14:00:00-00:00,0,2019-12-30,6,0,ACTUAL,PGE,Total Actual Hourly Integrated Load,SYS_FCST_ACT_MW,3.8,2340,ACTUAL,503
2019-12-30T08:00:00-00:00,2019-12-30T09:00:00-00:00,0,2019-12-30,1,0,ACTUAL,PGE,Total Actual Hourly Integrated Load,SYS_FCST_ACT_MW,3.8,2119,ACTUAL,503
2019-12-30T18:00:00-00:00,2019-12-30T19:00:00-00:00,0,2019-12-30,11,0,ACTUAL,PGE,Total Actual Hourly Integrated Load,SYS_FCST_ACT_MW,3.8,2838,ACTUAL,503
2019-12-31T00:00:00-00:00,2019-12-31T01:00:00-00:00,0,2019-12-30,17,0,ACTUAL,PGE,Total Actual Hourly Integrated Load,SYS_FCST_ACT_MW,3.8,2865,ACTUAL,503
2019-12-31T05:00:00-00:00,2019-12-31T06:00:00-00:00,0,2019-12-30,22,0,ACTUAL,PGE,Total Actual Hourly Integrated Load,SYS_FCST_ACT_MW,3.8,2621,ACTUAL,503
2019-12-30T11:00:00-00:00,2019-12-30T12:00:00-00:00,0,2019-12-30,4,0,ACTUAL,PGE,Total Actual Hourly Integrated Load,SYS_FCST_ACT_MW,3.8,2054,ACTUAL,503
2019-12-30T12:00:00-00:00,2019-12-30T13:00:00-00:00,0,2019-12-30,5,0,ACTUAL,PGE,Total Actual Hourly Integrated Load,SYS_FCST_ACT_MW,3.8,2147,ACTUAL,503
2019-12-30T15:00:00-00:00,2019-12-30T16:00:00-00:00,0,2019-12-30,8,0,ACTUAL,PGE,Total Actual Hourly Integrated Load,SYS_FCST_ACT_MW,3.8,2757,ACTUAL,503
2019-12-30T17:00:00-00:00,2019-12-30T18:00:00-00:00,0,2019-12-30,10,0,ACTUAL,PGE,Total Actual Hourly Integrated Load,SYS_FCST_ACT_MW,3.8,2842,ACTUAL,503
2019-12-30T20:00:00-00:00,2019-12-30T21:00:00-00:00,0,2019-12-30,13,0,ACTUAL,PGE,Total Actual Hourly Integrated Load,SYS_FCST_ACT_MW,3.8,2771,ACTUAL,503
2019-12-31T03:00:00-00:00,2019-12-31T04:00:00-00:00,0,2019-12-30,20,0,ACTUAL,PGE,Total Actual Hourly Integrated Load,SYS_FCST_ACT_MW,3.8,2877,ACTUAL,503
2019-12-30T10:00:00-00:00,2019-12-30T11:00:00-00:00,0,2019-12-30,3,0,ACTUAL,PGE,Total Actual Hourly Integrated Load,SYS_FCST_ACT_MW,3.8,2026,ACTUAL,503
2019-12-31T06:00:00-00:00,2019-12-31T07:00:00-00:00,0,2019-12-30,23,0,ACTUAL,PGE,Total Actual Hourly Integrated Load,SYS_FCST_ACT_MW,3.8,2428,ACTUAL,503
2019-12-30T09:00:00-00:00,2019-12-30T10:00:00-00:00,0,2019-12-30,2,0,ACTUAL,PGE,Total Actual Hourly Integrated Load,SYS_FCST_ACT_MW,3.8,2051,ACTUAL,503
2019-12-30T16:00:00-00:00,2019-12-30T17:00:00-00:00,0,2019-12-30,9,0,ACTUAL,PGE,Total Actual Hourly Integrated Load,SYS_FCST_ACT_MW,3.8,2824,ACTUAL,503
2019-12-31T07:00:00-00:00,2019-12-31T08:00:00-00:00,0,2019-12-30,24,0,ACTUAL,PGE,Total Actual Hourly Integrated Load,SYS_FCST_ACT_MW,3.8,2251,ACTUAL,503
2019-12-30T19:00:00-00:00,2019-12-30T20:00:00-00:00,0,2019-12-30,12,0,ACTUAL,PGE,Total Actual Hourly Integrated Load,SYS_FCST_ACT_MW,3.8,2808,ACTUAL,503
2019-12-30T22:00:00-00:00,2019-12-30T23:00:00-00:00,0,2019-12-30,15,0,ACTUAL,PGE,Total Actual Hourly Integrated Load,SYS_FCST_ACT_MW,3.8,2702,ACTUAL,503
2019-12-30T23:00:00-00:00,2019-12-31T00:00:00-00:00,0,2019-12-30,16,0,ACTUAL,PGE,Total Actual Hourly Integrated Load,SYS_FCST_ACT_MW,3.8,2740,ACTUAL,503
2019-12-31T01:00:00-00:00,2019-12-31T02:00:00-00:00,0,2019-12-30,18,0,ACTUAL,PGE,Total Actual Hourly Integrated Load,SYS_FCST_ACT_MW,3.8,2993,ACTUAL,503
2019-12-31T04:00:00-00:00,2019-12-31T05:00:00-00:00,0,2019-12-30,21,0,ACTUAL,PGE,Total Actual Hourly Integrated Load,SYS_FCST_ACT_MW,3.8,2769,ACTUAL,503
2019-12-31T02:00:00-00:00,2019-12-31T03:00:00-00:00,0,2019-12-30,19,0,ACTUAL,PGE,Total Actual Hourly Integrated Load,SYS_FCST_ACT_MW,3.8,2958,ACTUAL,503
2019-12-30T14:00:00-00:00,2019-12-30T15:00:00-00:00,0,2019-12-30,7,0,ACTUAL,PGE,Total Actual Hourly Integrated Load,SYS_FCST_ACT_MW,3.8,2592,ACTUAL,503
2019-12-30T11:00:00-00:00,2019-12-30T12:00:00-00:00,0,2019-12-30,4,0,ACTUAL,PGE-TAC,Total Actual Hourly Integrated Load,SYS_FCST_ACT_MW,3.1,9000,ACTUAL,504
2019-12-30T12:00:00-00:00,2019-12-30T13:00:00-00:00,0,2019-12-30,5,0,ACTUAL,PGE-TAC,Total Actual Hourly Integrated Load,SYS_FCST_ACT_MW,3.1,9239,ACTUAL,504
2019-12-31T02:00:00-00:00,2019-12-31T03:00:00-00:00,0,2019-12-30,19,0,ACTUAL,PGE-TAC,Total Actual Hourly Integrated Load,SYS_FCST_ACT_MW,3.1,12866,ACTUAL,504
2019-12-30T10:00:00-00:00,2019-12-30T11:00:00-00:00,0,2019-12-30,3,0,ACTUAL,PGE-TAC,Total Actual Hourly Integrated Load,SYS_FCST_ACT_MW,3.1,9014,ACTUAL,504
2019-12-30T13:00:00-00:00,2019-12-30T14:00:00-00:00,0,2019-12-30,6,0,ACTUAL,PGE-TAC,Total Actual Hourly Integrated Load,SYS_FCST_ACT_MW,3.1,9831,ACTUAL,504
2019-12-30T19:00:00-00:00,2019-12-30T20:00:00-00:00,0,2019-12-30,12,0,ACTUAL,PGE-TAC,Total Actual Hourly Integrated Load,SYS_FCST_ACT_MW,3.1,9986,ACTUAL,504
2019-12-30T22:00:00-00:00,2019-12-30T23:00:00-00:00,0,2019-12-30,15,0,ACTUAL,PGE-TAC,Total Actual Hourly Integrated Load,SYS_FCST_ACT_MW,3.1,9967,ACTUAL,504
2019-12-30T14:00:00-00:00,2019-12-30T15:00:00-00:00,0,2019-12-30,7,0,ACTUAL,PGE-TAC,Total Actual Hourly Integrated Load,SYS_FCST_ACT_MW,3.1,10693,ACTUAL,504
2019-12-30T15:00:00-00:00,2019-12-30T16:00:00-00:00,0,2019-12-30,8,0,ACTUAL,PGE-TAC,Total Actual Hourly Integrated Load,SYS_FCST_ACT_MW,3.1,11313,ACTUAL,504
2019-12-31T03:00:00-00:00,2019-12-31T04:00:00-00:00,0,2019-12-30,20,0,ACTUAL,PGE-TAC,Total Actual Hourly Integrated Load,SYS_FCST_ACT_MW,3.1,12650,ACTUAL,504
2019-12-31T05:00:00-00:00,2019-12-31T06:00:00-00:00,0,2019-12-30,22,0,ACTUAL,PGE-TAC,Total Actual Hourly Integrated Load,SYS_FCST_ACT_MW,3.1,11813,ACTUAL,504
2019-12-31T06:00:00-00:00,2019-12-31T07:00:00-00:00,0,2019-12-30,23,0,ACTUAL,PGE-TAC,Total Actual Hourly Integrated Load,SYS_FCST_ACT_MW,3.1,11048,ACTUAL,504
2019-12-30T18:00:00-00:00,2019-12-30T19:00:00-00:00,0,2019-12-30,11,0,ACTUAL,PGE-TAC,Total Actual Hourly Integrated Load,SYS_FCST_ACT_MW,3.1,10395,ACTUAL,504
2019-12-31T07:00:00-00:00,2019-12-31T08:00:00-00:00,0,2019-12-30,24,0,ACTUAL,PGE-TAC,Total Actual Hourly Integrated Load,SYS_FCST_ACT_MW,3.1,10290,ACTUAL,504
2019-12-30T16:00:00-00:00,2019-12-30T17:00:00-00:00,0,2019-12-30,9,0,ACTUAL,PGE-TAC,Total Actual Hourly Integrated Load,SYS_FCST_ACT_MW,3.1,11284,ACTUAL,504
2019-12-31T00:00:00-00:00,2019-12-31T01:00:00-00:00,0,2019-12-30,17,0,ACTUAL,PGE-TAC,Total Actual Hourly Integrated Load,SYS_FCST_ACT_MW,3.1,11568,ACTUAL,504
2019-12-30T08:00:00-00:00,2019-12-30T09:00:00-00:00,0,2019-12-30,1,0,ACTUAL,PGE-TAC,Total Actual Hourly Integrated Load,SYS_FCST_ACT_MW,3.1,9503,ACTUAL,504
2019-12-30T17:00:00-00:00,2019-12-30T18:00:00-00:00,0,2019-12-30,10,0,ACTUAL,PGE-TAC,Total Actual Hourly Integrated Load,SYS_FCST_ACT_MW,3.1,10872,ACTUAL,504
2019-12-30T20:00:00-00:00,2019-12-30T21:00:00-00:00,0,2019-12-30,13,0,ACTUAL,PGE-TAC,Total Actual Hourly Integrated Load,SYS_FCST_ACT_MW,3.1,9743,ACTUAL,504
2019-12-30T23:00:00-00:00,2019-12-31T00:00:00-00:00,0,2019-12-30,16,0,ACTUAL,PGE-TAC,Total Actual Hourly Integrated Load,SYS_FCST_ACT_MW,3.1,10598,ACTUAL,504
2019-12-31T01:00:00-00:00,2019-12-31T02:00:00-00:00,0,2019-12-30,18,0,ACTUAL,PGE-TAC,Total Actual Hourly Integrated Load,SYS_FCST_ACT_MW,3.1,12715,ACTUAL,504
2019-12-31T04:00:00-00:00,2019-12-31T05:00:00-00:00,0,2019-12-30,21,0,ACTUAL,PGE-TAC,Total Actual Hourly Integrated Load,SYS_FCST_ACT_MW,3.1,12321,ACTUAL,504
2019-12-30T09:00:00-00:00,2019-12-30T10:00:00-00:00,0,2019-12-30,2,0,ACTUAL,PGE-TAC,Total Actual Hourly Integrated Load,SYS_FCST_ACT_MW,3.1,9187,ACTUAL,504
2019-12-30T18:00:00-00:00,2019-12-30T19:00:00-00:00,0,2019-12-30,11,0,ACTUAL,PSEI,Total Actual Hourly Integrated Load,SYS_FCST_ACT_MW,3.8,3450,ACTUAL,505
2019-12-31T05:00:00-00:00,2019-12-31T06:00:00-00:00,0,2019-12-30,22,0,ACTUAL,PSEI,Total Actual Hourly Integrated Load,SYS_FCST_ACT_MW,3.8,3203,ACTUAL,505
2019-12-30T13:00:00-00:00,2019-12-30T14:00:00-00:00,0,2019-12-30,6,0,ACTUAL,PSEI,Total Actual Hourly Integrated Load,SYS_FCST_ACT_MW,3.8,2820,ACTUAL,505
2019-12-30T08:00:00-00:00,2019-12-30T09:00:00-00:00,0,2019-12-30,1,0,ACTUAL,PSEI,Total Actual Hourly Integrated Load,SYS_FCST_ACT_MW,3.8,2500,ACTUAL,505
2019-12-30T16:00:00-00:00,2019-12-30T17:00:00-00:00,0,2019-12-30,9,0,ACTUAL,PSEI,Total Actual Hourly Integrated Load,SYS_FCST_ACT_MW,3.8,3367,ACTUAL,505
2019-12-30T09:00:00-00:00,2019-12-30T10:00:00-00:00,0,2019-12-30,2,0,ACTUAL,PSEI,Total Actual Hourly Integrated Load,SYS_FCST_ACT_MW,3.8,2418,ACTUAL,505
2019-12-31T04:00:00-00:00,2019-12-31T05:00:00-00:00,0,2019-12-30,21,0,ACTUAL,PSEI,Total Actual Hourly Integrated Load,SYS_FCST_ACT_MW,3.8,3395,ACTUAL,505
2019-12-30T14:00:00-00:00,2019-12-30T15:00:00-00:00,0,2019-12-30,7,0,ACTUAL,PSEI,Total Actual Hourly Integrated Load,SYS_FCST_ACT_MW,3.8,3094,ACTUAL,505
2019-12-30T17:00:00-00:00,2019-12-30T18:00:00-00:00,0,2019-12-30,10,0,ACTUAL,PSEI,Total Actual Hourly Integrated Load,SYS_FCST_ACT_MW,3.8,3418,ACTUAL,505
2019-12-30T20:00:00-00:00,2019-12-30T21:00:00-00:00,0,2019-12-30,13,0,ACTUAL,PSEI,Total Actual Hourly Integrated Load,SYS_FCST_ACT_MW,3.8,3422,ACTUAL,505
2019-12-31T07:00:00-00:00,2019-12-31T08:00:00-00:00,0,2019-12-30,24,0,ACTUAL,PSEI,Total Actual Hourly Integrated Load,SYS_FCST_ACT_MW,3.8,2715,ACTUAL,505
2019-12-31T06:00:00-00:00,2019-12-31T07:00:00-00:00,0,2019-12-30,23,0,ACTUAL,PSEI,Total Actual Hourly Integrated Load,SYS_FCST_ACT_MW,3.8,2950,ACTUAL,505
2019-12-30T10:00:00-00:00,2019-12-30T11:00:00-00:00,0,2019-12-30,3,0,ACTUAL,PSEI,Total Actual Hourly Integrated Load,SYS_FCST_ACT_MW,3.8,2395,ACTUAL,505
2019-12-30T11:00:00-00:00,2019-12-30T12:00:00-00:00,0,2019-12-30,4,0,ACTUAL,PSEI,Total Actual Hourly Integrated Load,SYS_FCST_ACT_MW,3.8,2437,ACTUAL,505
2019-12-30T12:00:00-00:00,2019-12-30T13:00:00-00:00,0,2019-12-30,5,0,ACTUAL,PSEI,Total Actual Hourly Integrated Load,SYS_FCST_ACT_MW,3.8,2573,ACTUAL,505
2019-12-30T23:00:00-00:00,2019-12-31T00:00:00-00:00,0,2019-12-30,16,0,ACTUAL,PSEI,Total Actual Hourly Integrated Load,SYS_FCST_ACT_MW,3.8,3400,ACTUAL,505
2019-12-30T19:00:00-00:00,2019-12-30T20:00:00-00:00,0,2019-12-30,12,0,ACTUAL,PSEI,Total Actual Hourly Integrated Load,SYS_FCST_ACT_MW,3.8,3443,ACTUAL,505
2019-12-31T02:00:00-00:00,2019-12-31T03:00:00-00:00,0,2019-12-30,19,0,ACTUAL,PSEI,Total Actual Hourly Integrated Load,SYS_FCST_ACT_MW,3.8,3639,ACTUAL,505
2019-12-31T03:00:00-00:00,2019-12-31T04:00:00-00:00,0,2019-12-30,20,0,ACTUAL,PSEI,Total Actual Hourly Integrated Load,SYS_FCST_ACT_MW,3.8,3524,ACTUAL,505
2019-12-30T22:00:00-00:00,2019-12-30T23:00:00-00:00,0,2019-12-30,15,0,ACTUAL,PSEI,Total Actual Hourly Integrated Load,SYS_FCST_ACT_MW,3.8,3361,ACTUAL,505
2019-12-31T00:00:00-00:00,2019-12-31T01:00:00-00:00,0,2019-12-30,17,0,ACTUAL,PSEI,Total Actual Hourly Integrated Load,SYS_FCST_ACT_MW,3.8,3571,ACTUAL,505
2019-12-31T01:00:00-00:00,2019-12-31T02:00:00-00:00,0,2019-12-30,18,0,ACTUAL,PSEI,Total Actual Hourly Integrated Load,SYS_FCST_ACT_MW,3.8,3701,ACTUAL,505
2019-12-30T15:00:00-00:00,2019-12-30T16:00:00-00:00,0,2019-12-30,8,0,ACTUAL,PSEI,Total Actual Hourly Integrated Load,SYS_FCST_ACT_MW,3.8,3281,ACTUAL,505
2019-12-31T06:00:00-00:00,2019-12-31T07:00:00-00:00,0,2019-12-30,23,0,ACTUAL,SCE-TAC,Total Actual Hourly Integrated Load,SYS_FCST_ACT_MW,3.2,11040,ACTUAL,506
2019-12-30T09:00:00-00:00,2019-12-30T10:00:00-00:00,0,2019-12-30,2,0,ACTUAL,SCE-TAC,Total Actual Hourly Integrated Load,SYS_FCST_ACT_MW,3.2,9042,ACTUAL,506
2019-12-30T13:00:00-00:00,2019-12-30T14:00:00-00:00,0,2019-12-30,6,0,ACTUAL,SCE-TAC,Total Actual Hourly Integrated Load,SYS_FCST_ACT_MW,3.2,9603,ACTUAL,506
2019-12-30T20:00:00-00:00,2019-12-30T21:00:00-00:00,0,2019-12-30,13,0,ACTUAL,SCE-TAC,Total Actual Hourly Integrated Load,SYS_FCST_ACT_MW,3.2,11012,ACTUAL,506
2019-12-31T05:00:00-00:00,2019-12-31T06:00:00-00:00,0,2019-12-30,22,0,ACTUAL,SCE-TAC,Total Actual Hourly Integrated Load,SYS_FCST_ACT_MW,3.2,11780,ACTUAL,506
2019-12-31T01:00:00-00:00,2019-12-31T02:00:00-00:00,0,2019-12-30,18,0,ACTUAL,SCE-TAC,Total Actual Hourly Integrated Load,SYS_FCST_ACT_MW,3.2,12574,ACTUAL,506
2019-12-30T08:00:00-00:00,2019-12-30T09:00:00-00:00,0,2019-12-30,1,0,ACTUAL,SCE-TAC,Total Actual Hourly Integrated Load,SYS_FCST_ACT_MW,3.2,9381,ACTUAL,506
2019-12-30T14:00:00-00:00,2019-12-30T15:00:00-00:00,0,2019-12-30,7,0,ACTUAL,SCE-TAC,Total Actual Hourly Integrated Load,SYS_FCST_ACT_MW,3.2,10458,ACTUAL,506
2019-12-31T00:00:00-00:00,2019-12-31T01:00:00-00:00,0,2019-12-30,17,0,ACTUAL,SCE-TAC,Total Actual Hourly Integrated Load,SYS_FCST_ACT_MW,3.2,11570,ACTUAL,506
2019-12-30T22:00:00-00:00,2019-12-30T23:00:00-00:00,0,2019-12-30,15,0,ACTUAL,SCE-TAC,Total Actual Hourly Integrated Load,SYS_FCST_ACT_MW,3.2,10884,ACTUAL,506
2019-12-31T03:00:00-00:00,2019-12-31T04:00:00-00:00,0,2019-12-30,20,0,ACTUAL,SCE-TAC,Total Actual Hourly Integrated Load,SYS_FCST_ACT_MW,3.2,12484,ACTUAL,506
2019-12-31T02:00:00-00:00,2019-12-31T03:00:00-00:00,0,2019-12-30,19,0,ACTUAL,SCE-TAC,Total Actual Hourly Integrated Load,SYS_FCST_ACT_MW,3.2,12635,ACTUAL,506
2019-12-30T16:00:00-00:00,2019-12-30T17:00:00-00:00,0,2019-12-30,9,0,ACTUAL,SCE-TAC,Total Actual Hourly Integrated Load,SYS_FCST_ACT_MW,3.2,11276,ACTUAL,506
2019-12-30T15:00:00-00:00,2019-12-30T16:00:00-00:00,0,2019-12-30,8,0,ACTUAL,SCE-TAC,Total Actual Hourly Integrated Load,SYS_FCST_ACT_MW,3.2,10911,ACTUAL,506
2019-12-31T07:00:00-00:00,2019-12-31T08:00:00-00:00,0,2019-12-30,24,0,ACTUAL,SCE-TAC,Total Actual Hourly Integrated Load,SYS_FCST_ACT_MW,3.2,10229,ACTUAL,506
2019-12-31T04:00:00-00:00,2019-12-31T05:00:00-00:00,0,2019-12-30,21,0,ACTUAL,SCE-TAC,Total Actual Hourly Integrated Load,SYS_FCST_ACT_MW,3.2,12235,ACTUAL,506
2019-12-30T11:00:00-00:00,2019-12-30T12:00:00-00:00,0,2019-12-30,4,0,ACTUAL,SCE-TAC,Total Actual Hourly Integrated Load,SYS_FCST_ACT_MW,3.2,8818,ACTUAL,506
2019-12-30T23:00:00-00:00,2019-12-31T00:00:00-00:00,0,2019-12-30,16,0,ACTUAL,SCE-TAC,Total Actual Hourly Integrated Load,SYS_FCST_ACT_MW,3.2,11114,ACTUAL,506
2019-12-30T17:00:00-00:00,2019-12-30T18:00:00-00:00,0,2019-12-30,10,0,ACTUAL,SCE-TAC,Total Actual Hourly Integrated Load,SYS_FCST_ACT_MW,3.2,11356,ACTUAL,506
2019-12-30T12:00:00-00:00,2019-12-30T13:00:00-00:00,0,2019-12-30,5,0,ACTUAL,SCE-TAC,Total Actual Hourly Integrated Load,SYS_FCST_ACT_MW,3.2,9048,ACTUAL,506
2019-12-30T19:00:00-00:00,2019-12-30T20:00:00-00:00,0,2019-12-30,12,0,ACTUAL,SCE-TAC,Total Actual Hourly Integrated Load,SYS_FCST_ACT_MW,3.2,11113,ACTUAL,506
2019-12-30T18:00:00-00:00,2019-12-30T19:00:00-00:00,0,2019-12-30,11,0,ACTUAL,SCE-TAC,Total Actual Hourly Integrated Load,SYS_FCST_ACT_MW,3.2,11344,ACTUAL,506
2019-12-30T10:00:00-00:00,2019-12-30T11:00:00-00:00,0,2019-12-30,3,0,ACTUAL,SCE-TAC,Total Actual Hourly Integrated Load,SYS_FCST_ACT_MW,3.2,8852,ACTUAL,506
2019-12-30T15:00:00-00:00,2019-12-30T16:00:00-00:00,0,2019-12-30,8,0,ACTUAL,SCL,Total Actual Hourly Integrated Load,SYS_FCST_ACT_MW,3.8,1305,ACTUAL,507
2019-12-30T16:00:00-00:00,2019-12-30T17:00:00-00:00,0,2019-12-30,9,0,ACTUAL,SCL,Total Actual Hourly Integrated Load,SYS_FCST_ACT_MW,3.8,1333,ACTUAL,507
2019-12-30T09:00:00-00:00,2019-12-30T10:00:00-00:00,0,2019-12-30,2,0,ACTUAL,SCL,Total Actual Hourly Integrated Load,SYS_FCST_ACT_MW,3.8,927,ACTUAL,507
2019-12-30T23:00:00-00:00,2019-12-31T00:00:00-00:00,0,2019-12-30,16,0,ACTUAL,SCL,Total Actual Hourly Integrated Load,SYS_FCST_ACT_MW,3.8,1325,ACTUAL,507
2019-12-31T05:00:00-00:00,2019-12-31T06:00:00-00:00,0,2019-12-30,22,0,ACTUAL,SCL,Total Actual Hourly Integrated Load,SYS_FCST_ACT_MW,3.8,1209,ACTUAL,507
2019-12-30T18:00:00-00:00,2019-12-30T19:00:00-00:00,0,2019-12-30,11,0,ACTUAL,SCL,Total Actual Hourly Integrated Load,SYS_FCST_ACT_MW,3.8,1356,ACTUAL,507
2019-12-30T14:00:00-00:00,2019-12-30T15:00:00-00:00,0,2019-12-30,7,0,ACTUAL,SCL,Total Actual Hourly Integrated Load,SYS_FCST_ACT_MW,3.8,1219,ACTUAL,507
2019-12-31T04:00:00-00:00,2019-12-31T05:00:00-00:00,0,2019-12-30,21,0,ACTUAL,SCL,Total Actual Hourly Integrated Load,SYS_FCST_ACT_MW,3.8,1267,ACTUAL,507
2019-12-31T03:00:00-00:00,2019-12-31T04:00:00-00:00,0,2019-12-30,20,0,ACTUAL,SCL,Total Actual Hourly Integrated Load,SYS_FCST_ACT_MW,3.8,1315,ACTUAL,507
2019-12-31T01:00:00-00:00,2019-12-31T02:00:00-00:00,0,2019-12-30,18,0,ACTUAL,SCL,Total Actual Hourly Integrated Load,SYS_FCST_ACT_MW,3.8,1401,ACTUAL,507
2019-12-31T00:00:00-00:00,2019-12-31T01:00:00-00:00,0,2019-12-30,17,0,ACTUAL,SCL,Total Actual Hourly Integrated Load,SYS_FCST_ACT_MW,3.8,1374,ACTUAL,507
2019-12-31T06:00:00-00:00,2019-12-31T07:00:00-00:00,0,2019-12-30,23,0,ACTUAL,SCL,Total Actual Hourly Integrated Load,SYS_FCST_ACT_MW,3.8,1125,ACTUAL,507
2019-12-30T20:00:00-00:00,2019-12-30T21:00:00-00:00,0,2019-12-30,13,0,ACTUAL,SCL,Total Actual Hourly Integrated Load,SYS_FCST_ACT_MW,3.8,1348,ACTUAL,507
2019-12-30T08:00:00-00:00,2019-12-30T09:00:00-00:00,0,2019-12-30,1,0,ACTUAL,SCL,Total Actual Hourly Integrated Load,SYS_FCST_ACT_MW,3.8,959,ACTUAL,507
2019-12-30T13:00:00-00:00,2019-12-30T14:00:00-00:00,0,2019-12-30,6,0,ACTUAL,SCL,Total Actual Hourly Integrated Load,SYS_FCST_ACT_MW,3.8,1091,ACTUAL,507
2019-12-31T07:00:00-00:00,2019-12-31T08:00:00-00:00,0,2019-12-30,24,0,ACTUAL,SCL,Total Actual Hourly Integrated Load,SYS_FCST_ACT_MW,3.8,1041,ACTUAL,507
2019-12-30T19:00:00-00:00,2019-12-30T20:00:00-00:00,0,2019-12-30,12,0,ACTUAL,SCL,Total Actual Hourly Integrated Load,SYS_FCST_ACT_MW,3.8,1353,ACTUAL,507
2019-12-30T12:00:00-00:00,2019-12-30T13:00:00-00:00,0,2019-12-30,5,0,ACTUAL,SCL,Total Actual Hourly Integrated Load,SYS_FCST_ACT_MW,3.8,988,ACTUAL,507
2019-12-30T17:00:00-00:00,2019-12-30T18:00:00-00:00,0,2019-12-30,10,0,ACTUAL,SCL,Total Actual Hourly Integrated Load,SYS_FCST_ACT_MW,3.8,1349,ACTUAL,507
2019-12-30T11:00:00-00:00,2019-12-30T12:00:00-00:00,0,2019-12-30,4,0,ACTUAL,SCL,Total Actual Hourly Integrated Load,SYS_FCST_ACT_MW,3.8,931,ACTUAL,507
2019-12-30T10:00:00-00:00,2019-12-30T11:00:00-00:00,0,2019-12-30,3,0,ACTUAL,SCL,Total Actual Hourly Integrated Load,SYS_FCST_ACT_MW,3.8,917,ACTUAL,507
2019-12-30T22:00:00-00:00,2019-12-30T23:00:00-00:00,0,2019-12-30,15,0,ACTUAL,SCL,Total Actual Hourly Integrated Load,SYS_FCST_ACT_MW,3.8,1321,ACTUAL,507
2019-12-31T02:00:00-00:00,2019-12-31T03:00:00-00:00,0,2019-12-30,19,0,ACTUAL,SCL,Total Actual Hourly Integrated Load,SYS_FCST_ACT_MW,3.8,1362,ACTUAL,507
2019-12-30T12:00:00-00:00,2019-12-30T13:00:00-00:00,0,2019-12-30,5,0,ACTUAL,SDGE-TAC,Total Actual Hourly Integrated Load,SYS_FCST_ACT_MW,3.4,1893,ACTUAL,508
2019-12-30T23:00:00-00:00,2019-12-31T00:00:00-00:00,0,2019-12-30,16,0,ACTUAL,SDGE-TAC,Total Actual Hourly Integrated Load,SYS_FCST_ACT_MW,3.4,2358,ACTUAL,508
2019-12-30T19:00:00-00:00,2019-12-30T20:00:00-00:00,0,2019-12-30,12,0,ACTUAL,SDGE-TAC,Total Actual Hourly Integrated Load,SYS_FCST_ACT_MW,3.4,2322,ACTUAL,508
2019-12-31T05:00:00-00:00,2019-12-31T06:00:00-00:00,0,2019-12-30,22,0,ACTUAL,SDGE-TAC,Total Actual Hourly Integrated Load,SYS_FCST_ACT_MW,3.4,2541,ACTUAL,508
2019-12-30T10:00:00-00:00,2019-12-30T11:00:00-00:00,0,2019-12-30,3,0,ACTUAL,SDGE-TAC,Total Actual Hourly Integrated Load,SYS_FCST_ACT_MW,3.4,1842,ACTUAL,508
2019-12-31T06:00:00-00:00,2019-12-31T07:00:00-00:00,0,2019-12-30,23,0,ACTUAL,SDGE-TAC,Total Actual Hourly Integrated Load,SYS_FCST_ACT_MW,3.4,2327,ACTUAL,508
2019-12-30T14:00:00-00:00,2019-12-30T15:00:00-00:00,0,2019-12-30,7,0,ACTUAL,SDGE-TAC,Total Actual Hourly Integrated Load,SYS_FCST_ACT_MW,3.4,2250,ACTUAL,508
2019-12-31T02:00:00-00:00,2019-12-31T03:00:00-00:00,0,2019-12-30,19,0,ACTUAL,SDGE-TAC,Total Actual Hourly Integrated Load,SYS_FCST_ACT_MW,3.4,2838,ACTUAL,508
2019-12-30T16:00:00-00:00,2019-12-30T17:00:00-00:00,0,2019-12-30,9,0,ACTUAL,SDGE-TAC,Total Actual Hourly Integrated Load,SYS_FCST_ACT_MW,3.4,2415,ACTUAL,508
2019-12-30T08:00:00-00:00,2019-12-30T09:00:00-00:00,0,2019-12-30,1,0,ACTUAL,SDGE-TAC,Total Actual Hourly Integrated Load,SYS_FCST_ACT_MW,3.4,1968,ACTUAL,508
2019-12-30T15:00:00-00:00,2019-12-30T16:00:00-00:00,0,2019-12-30,8,0,ACTUAL,SDGE-TAC,Total Actual Hourly Integrated Load,SYS_FCST_ACT_MW,3.4,2389,ACTUAL,508
2019-12-30T20:00:00-00:00,2019-12-30T21:00:00-00:00,0,2019-12-30,13,0,ACTUAL,SDGE-TAC,Total Actual Hourly Integrated Load,SYS_FCST_ACT_MW,3.4,2357,ACTUAL,508
2019-12-31T03:00:00-00:00,2019-12-31T04:00:00-00:00,0,2019-12-30,20,0,ACTUAL,SDGE-TAC,Total Actual Hourly Integrated Load,SYS_FCST_ACT_MW,3.4,2778,ACTUAL,508
2019-12-31T04:00:00-00:00,2019-12-31T05:00:00-00:00,0,2019-12-30,21,0,ACTUAL,SDGE-TAC,Total Actual Hourly Integrated Load,SYS_FCST_ACT_MW,3.4,2685,ACTUAL,508
2019-12-30T09:00:00-00:00,2019-12-30T10:00:00-00:00,0,2019-12-30,2,0,ACTUAL,SDGE-TAC,Total Actual Hourly Integrated Load,SYS_FCST_ACT_MW,3.4,1884,ACTUAL,508
2019-12-31T00:00:00-00:00,2019-12-31T01:00:00-00:00,0,2019-12-30,17,0,ACTUAL,SDGE-TAC,Total Actual Hourly Integrated Load,SYS_FCST_ACT_MW,3.4,2565,ACTUAL,508
2019-12-31T07:00:00-00:00,2019-12-31T08:00:00-00:00,0,2019-12-30,24,0,ACTUAL,SDGE-TAC,Total Actual Hourly Integrated Load,SYS_FCST_ACT_MW,3.4,2115,ACTUAL,508
2019-12-30T11:00:00-00:00,2019-12-30T12:00:00-00:00,0,2019-12-30,4,0,ACTUAL,SDGE-TAC,Total Actual Hourly Integrated Load,SYS_FCST_ACT_MW,3.4,1833,ACTUAL,508
2019-12-30T17:00:00-00:00,2019-12-30T18:00:00-00:00,0,2019-12-30,10,0,ACTUAL,SDGE-TAC,Total Actual Hourly Integrated Load,SYS_FCST_ACT_MW,3.4,2284,ACTUAL,508
2019-12-31T01:00:00-00:00,2019-12-31T02:00:00-00:00,0,2019-12-30,18,0,ACTUAL,SDGE-TAC,Total Actual Hourly Integrated Load,SYS_FCST_ACT_MW,3.4,2831,ACTUAL,508
2019-12-30T18:00:00-00:00,2019-12-30T19:00:00-00:00,0,2019-12-30,11,0,ACTUAL,SDGE-TAC,Total Actual Hourly Integrated Load,SYS_FCST_ACT_MW,3.4,2227,ACTUAL,508
2019-12-30T22:00:00-00:00,2019-12-30T23:00:00-00:00,0,2019-12-30,15,0,ACTUAL,SDGE-TAC,Total Actual Hourly Integrated Load,SYS_FCST_ACT_MW,3.4,2302,ACTUAL,508
2019-12-30T13:00:00-00:00,2019-12-30T14:00:00-00:00,0,2019-12-30,6,0,ACTUAL,SDGE-TAC,Total Actual Hourly Integrated Load,SYS_FCST_ACT_MW,3.4,2039,ACTUAL,508
2019-12-30T11:00:00-00:00,2019-12-30T12:00:00-00:00,0,2019-12-30,4,0,ACTUAL,SRP,Total Actual Hourly Integrated Load,SYS_FCST_ACT_MW,3.8,3098,ACTUAL,509
2019-12-30T16:00:00-00:00,2019-12-30T17:00:00-00:00,0,2019-12-30,9,0,ACTUAL,SRP,Total Actual Hourly Integrated Load,SYS_FCST_ACT_MW,3.8,3530,ACTUAL,509
2019-12-30T08:00:00-00:00,2019-12-30T09:00:00-00:00,0,2019-12-30,1,0,ACTUAL,SRP,Total Actual Hourly Integrated Load,SYS_FCST_ACT_MW,3.8,2892,ACTUAL,509
2019-12-31T07:00:00-00:00,2019-12-31T08:00:00-00:00,0,2019-12-30,24,0,ACTUAL,SRP,Total Actual Hourly Integrated Load,SYS_FCST_ACT_MW,3.8,2800,ACTUAL,509
2019-12-30T10:00:00-00:00,2019-12-30T11:00:00-00:00,0,2019-12-30,3,0,ACTUAL,SRP,Total Actual Hourly Integrated Load,SYS_FCST_ACT_MW,3.8,2973,ACTUAL,509
2019-12-30T14:00:00-00:00,2019-12-30T15:00:00-00:00,0,2019-12-30,7,0,ACTUAL,SRP,Total Actual Hourly Integrated Load,SYS_FCST_ACT_MW,3.8,3583,ACTUAL,509
2019-12-31T06:00:00-00:00,2019-12-31T07:00:00-00:00,0,2019-12-30,23,0,ACTUAL,SRP,Total Actual Hourly Integrated Load,SYS_FCST_ACT_MW,3.8,2950,ACTUAL,509
2019-12-31T05:00:00-00:00,2019-12-31T06:00:00-00:00,0,2019-12-30,22,0,ACTUAL,SRP,Total Actual Hourly Integrated Load,SYS_FCST_ACT_MW,3.8,3150,ACTUAL,509
2019-12-30T09:00:00-00:00,2019-12-30T10:00:00-00:00,0,2019-12-30,2,0,ACTUAL,SRP,Total Actual Hourly Integrated Load,SYS_FCST_ACT_MW,3.8,2902,ACTUAL,509
2019-12-30T19:00:00-00:00,2019-12-30T20:00:00-00:00,0,2019-12-30,12,0,ACTUAL,SRP,Total Actual Hourly Integrated Load,SYS_FCST_ACT_MW,3.8,3269,ACTUAL,509
2019-12-31T01:00:00-00:00,2019-12-31T02:00:00-00:00,0,2019-12-30,18,0,ACTUAL,SRP,Total Actual Hourly Integrated Load,SYS_FCST_ACT_MW,3.8,3557,ACTUAL,509
2019-12-30T12:00:00-00:00,2019-12-30T13:00:00-00:00,0,2019-12-30,5,0,ACTUAL,SRP,Total Actual Hourly Integrated Load,SYS_FCST_ACT_MW,3.8,3289,ACTUAL,509
2019-12-30T23:00:00-00:00,2019-12-31T00:00:00-00:00,0,2019-12-30,16,0,ACTUAL,SRP,Total Actual Hourly Integrated Load,SYS_FCST_ACT_MW,3.8,3132,ACTUAL,509
2019-12-31T02:00:00-00:00,2019-12-31T03:00:00-00:00,0,2019-12-30,19,0,ACTUAL,SRP,Total Actual Hourly Integrated Load,SYS_FCST_ACT_MW,3.8,3513,ACTUAL,509
2019-12-31T03:00:00-00:00,2019-12-31T04:00:00-00:00,0,2019-12-30,20,0,ACTUAL,SRP,Total Actual Hourly Integrated Load,SYS_FCST_ACT_MW,3.8,3452,ACTUAL,509
2019-12-30T13:00:00-00:00,2019-12-30T14:00:00-00:00,0,2019-12-30,6,0,ACTUAL,SRP,Total Actual Hourly Integrated Load,SYS_FCST_ACT_MW,3.8,3490,ACTUAL,509
2019-12-30T18:00:00-00:00,2019-12-30T19:00:00-00:00,0,2019-12-30,11,0,ACTUAL,SRP,Total Actual Hourly Integrated Load,SYS_FCST_ACT_MW,3.8,3343,ACTUAL,509
2019-12-30T20:00:00-00:00,2019-12-30T21:00:00-00:00,0,2019-12-30,13,0,ACTUAL,SRP,Total Actual Hourly Integrated Load,SYS_FCST_ACT_MW,3.8,3190,ACTUAL,509
2019-12-30T22:00:00-00:00,2019-12-30T23:00:00-00:00,0,2019-12-30,15,0,ACTUAL,SRP,Total Actual Hourly Integrated Load,SYS_FCST_ACT_MW,3.8,3069,ACTUAL,509
2019-12-31T04:00:00-00:00,2019-12-31T05:00:00-00:00,0,2019-12-30,21,0,ACTUAL,SRP,Total Actual Hourly Integrated Load,SYS_FCST_ACT_MW,3.8,3342,ACTUAL,509
2019-12-30T15:00:00-00:00,2019-12-30T16:00:00-00:00,0,2019-12-30,8,0,ACTUAL,SRP,Total Actual Hourly Integrated Load,SYS_FCST_ACT_MW,3.8,3537,ACTUAL,509
2019-12-30T17:00:00-00:00,2019-12-30T18:00:00-00:00,0,2019-12-30,10,0,ACTUAL,SRP,Total Actual Hourly Integrated Load,SYS_FCST_ACT_MW,3.8,3441,ACTUAL,509
2019-12-31T00:00:00-00:00,2019-12-31T01:00:00-00:00,0,2019-12-30,17,0,ACTUAL,SRP,Total Actual Hourly Integrated Load,SYS_FCST_ACT_MW,3.8,3384,ACTUAL,509
2019-12-31T03:00:00-00:00,2019-12-31T04:00:00-00:00,0,2019-12-30,20,0,ACTUAL,VEA-TAC,Total Actual Hourly Integrated Load,SYS_FCST_ACT_MW,3.5,87,ACTUAL,510
2019-12-30T11:00:00-00:00,2019-12-30T12:00:00-00:00,0,2019-12-30,4,0,ACTUAL,VEA-TAC,Total Actual Hourly Integrated Load,SYS_FCST_ACT_MW,3.5,83,ACTUAL,510
2019-12-30T22:00:00-00:00,2019-12-30T23:00:00-00:00,0,2019-12-30,15,0,ACTUAL,VEA-TAC,Total Actual Hourly Integrated Load,SYS_FCST_ACT_MW,3.5,61,ACTUAL,510
2019-12-30T23:00:00-00:00,2019-12-31T00:00:00-00:00,0,2019-12-30,16,0,ACTUAL,VEA-TAC,Total Actual Hourly Integrated Load,SYS_FCST_ACT_MW,3.5,63,ACTUAL,510
2019-12-31T05:00:00-00:00,2019-12-31T06:00:00-00:00,0,2019-12-30,22,0,ACTUAL,VEA-TAC,Total Actual Hourly Integrated Load,SYS_FCST_ACT_MW,3.5,87,ACTUAL,510
2019-12-31T00:00:00-00:00,2019-12-31T01:00:00-00:00,0,2019-12-30,17,0,ACTUAL,VEA-TAC,Total Actual Hourly Integrated Load,SYS_FCST_ACT_MW,3.5,72,ACTUAL,510
2019-12-30T19:00:00-00:00,2019-12-30T20:00:00-00:00,0,2019-12-30,12,0,ACTUAL,VEA-TAC,Total Actual Hourly Integrated Load,SYS_FCST_ACT_MW,3.5,71,ACTUAL,510
2019-12-30T14:00:00-00:00,2019-12-30T15:00:00-00:00,0,2019-12-30,7,0,ACTUAL,VEA-TAC,Total Actual Hourly Integrated Load,SYS_FCST_ACT_MW,3.5,103,ACTUAL,510
2019-12-30T20:00:00-00:00,2019-12-30T21:00:00-00:00,0,2019-12-30,13,0,ACTUAL,VEA-TAC,Total Actual Hourly Integrated Load,SYS_FCST_ACT_MW,3.5,66,ACTUAL,510
2019-12-31T01:00:00-00:00,2019-12-31T02:00:00-00:00,0,2019-12-30,18,0,ACTUAL,VEA-TAC,Total Actual Hourly Integrated Load,SYS_FCST_ACT_MW,3.5,82,ACTUAL,510
2019-12-31T04:00:00-00:00,2019-12-31T05:00:00-00:00,0,2019-12-30,21,0,ACTUAL,VEA-TAC,Total Actual Hourly Integrated Load,SYS_FCST_ACT_MW,3.5,88,ACTUAL,510
2019-12-30T10:00:00-00:00,2019-12-30T11:00:00-00:00,0,2019-12-30,3,0,ACTUAL,VEA-TAC,Total Actual Hourly Integrated Load,SYS_FCST_ACT_MW,3.5,81,ACTUAL,510
2019-12-30T15:00:00-00:00,2019-12-30T16:00:00-00:00,0,2019-12-30,8,0,ACTUAL,VEA-TAC,Total Actual Hourly Integrated Load,SYS_FCST_ACT_MW,3.5,104,ACTUAL,510
2019-12-31T02:00:00-00:00,2019-12-31T03:00:00-00:00,0,2019-12-30,19,0,ACTUAL,VEA-TAC,Total Actual Hourly Integrated Load,SYS_FCST_ACT_MW,3.5,85,ACTUAL,510
2019-12-30T17:00:00-00:00,2019-12-30T18:00:00-00:00,0,2019-12-30,10,0,ACTUAL,VEA-TAC,Total Actual Hourly Integrated Load,SYS_FCST_ACT_MW,3.5,91,ACTUAL,510
2019-12-31T06:00:00-00:00,2019-12-31T07:00:00-00:00,0,2019-12-30,23,0,ACTUAL,VEA-TAC,Total Actual Hourly Integrated Load,SYS_FCST_ACT_MW,3.5,85,ACTUAL,510
2019-12-30T08:00:00-00:00,2019-12-30T09:00:00-00:00,0,2019-12-30,1,0,ACTUAL,VEA-TAC,Total Actual Hourly Integrated Load,SYS_FCST_ACT_MW,3.5,79,ACTUAL,510
2019-12-30T12:00:00-00:00,2019-12-30T13:00:00-00:00,0,2019-12-30,5,0,ACTUAL,VEA-TAC,Total Actual Hourly Integrated Load,SYS_FCST_ACT_MW,3.5,88,ACTUAL,510
2019-12-30T13:00:00-00:00,2019-12-30T14:00:00-00:00,0,2019-12-30,6,0,ACTUAL,VEA-TAC,Total Actual Hourly Integrated Load,SYS_FCST_ACT_MW,3.5,95,ACTUAL,510
2019-12-30T16:00:00-00:00,2019-12-30T17:00:00-00:00,0,2019-12-30,9,0,ACTUAL,VEA-TAC,Total Actual Hourly Integrated Load,SYS_FCST_ACT_MW,3.5,99,ACTUAL,510
2019-12-30T18:00:00-00:00,2019-12-30T19:00:00-00:00,0,2019-12-30,11,0,ACTUAL,VEA-TAC,Total Actual Hourly Integrated Load,SYS_FCST_ACT_MW,3.5,80,ACTUAL,510
2019-12-31T07:00:00-00:00,2019-12-31T08:00:00-00:00,0,2019-12-30,24,0,ACTUAL,VEA-TAC,Total Actual Hourly Integrated Load,SYS_FCST_ACT_MW,3.5,84,ACTUAL,510
2019-12-30T09:00:00-00:00,2019-12-30T10:00:00-00:00,0,2019-12-30,2,0,ACTUAL,VEA-TAC,Total Actual Hourly Integrated Load,SYS_FCST_ACT_MW,3.5,80,ACTUAL,510
2020-01-01T00:00:00-00:00,2020-01-01T01:00:00-00:00,0,2019-12-31,17,0,ACTUAL,AZPS,Total Actual Hourly Integrated Load,SYS_FCST_ACT_MW,3.8,3239,ACTUAL,511
2019-12-31T12:00:00-00:00,2019-12-31T13:00:00-00:00,0,2019-12-31,5,0,ACTUAL,AZPS,Total Actual Hourly Integrated Load,SYS_FCST_ACT_MW,3.8,3116,ACTUAL,511
2019-12-31T14:00:00-00:00,2019-12-31T15:00:00-00:00,0,2019-12-31,7,0,ACTUAL,AZPS,Total Actual Hourly Integrated Load,SYS_FCST_ACT_MW,3.8,3441,ACTUAL,511
2020-01-01T02:00:00-00:00,2020-01-01T03:00:00-00:00,0,2019-12-31,19,0,ACTUAL,AZPS,Total Actual Hourly Integrated Load,SYS_FCST_ACT_MW,3.8,3333,ACTUAL,511
2020-01-01T05:00:00-00:00,2020-01-01T06:00:00-00:00,0,2019-12-31,22,0,ACTUAL,AZPS,Total Actual Hourly Integrated Load,SYS_FCST_ACT_MW,3.8,3167,ACTUAL,511
2019-12-31T15:00:00-00:00,2019-12-31T16:00:00-00:00,0,2019-12-31,8,0,ACTUAL,AZPS,Total Actual Hourly Integrated Load,SYS_FCST_ACT_MW,3.8,3414,ACTUAL,511
2019-12-31T18:00:00-00:00,2019-12-31T19:00:00-00:00,0,2019-12-31,11,0,ACTUAL,AZPS,Total Actual Hourly Integrated Load,SYS_FCST_ACT_MW,3.8,3031,ACTUAL,511
2019-12-31T20:00:00-00:00,2019-12-31T21:00:00-00:00,0,2019-12-31,13,0,ACTUAL,AZPS,Total Actual Hourly Integrated Load,SYS_FCST_ACT_MW,3.8,2856,ACTUAL,511
2019-12-31T09:00:00-00:00,2019-12-31T10:00:00-00:00,0,2019-12-31,2,0,ACTUAL,AZPS,Total Actual Hourly Integrated Load,SYS_FCST_ACT_MW,3.8,2847,ACTUAL,511
2020-01-01T03:00:00-00:00,2020-01-01T04:00:00-00:00,0,2019-12-31,20,0,ACTUAL,AZPS,Total Actual Hourly Integrated Load,SYS_FCST_ACT_MW,3.8,3295,ACTUAL,511
2020-01-01T06:00:00-00:00,2020-01-01T07:00:00-00:00,0,2019-12-31,23,0,ACTUAL,AZPS,Total Actual Hourly Integrated Load,SYS_FCST_ACT_MW,3.8,3089,ACTUAL,511
2020-01-01T07:00:00-00:00,2020-01-01T08:00:00-00:00,0,2019-12-31,24,0,ACTUAL,AZPS,Total Actual Hourly Integrated Load,SYS_FCST_ACT_MW,3.8,3044,ACTUAL,511
2019-12-31T19:00:00-00:00,2019-12-31T20:00:00-00:00,0,2019-12-31,12,0,ACTUAL,AZPS,Total Actual Hourly Integrated Load,SYS_FCST_ACT_MW,3.8,2895,ACTUAL,511
2020-01-01T01:00:00-00:00,2020-01-01T02:00:00-00:00,0,2019-12-31,18,0,ACTUAL,AZPS,Total Actual Hourly Integrated Load,SYS_FCST_ACT_MW,3.8,3398,ACTUAL,511
2019-12-31T13:00:00-00:00,2019-12-31T14:00:00-00:00,0,2019-12-31,6,0,ACTUAL,AZPS,Total Actual Hourly Integrated Load,SYS_FCST_ACT_MW,3.8,3330,ACTUAL,511
2019-12-31T16:00:00-00:00,2019-12-31T17:00:00-00:00,0,2019-12-31,9,0,ACTUAL,AZPS,Total Actual Hourly Integrated Load,SYS_FCST_ACT_MW,3.8,3306,ACTUAL,511
2019-12-31T22:00:00-00:00,2019-12-31T23:00:00-00:00,0,2019-12-31,15,0,ACTUAL,AZPS,Total Actual Hourly Integrated Load,SYS_FCST_ACT_MW,3.8,2861,ACTUAL,511
2019-12-31T23:00:00-00:00,2020-01-01T00:00:00-00:00,0,2019-12-31,16,0,ACTUAL,AZPS,Total Actual Hourly Integrated Load,SYS_FCST_ACT_MW,3.8,2959,ACTUAL,511
2020-01-01T04:00:00-00:00,2020-01-01T05:00:00-00:00,0,2019-12-31,21,0,ACTUAL,AZPS,Total Actual Hourly Integrated Load,SYS_FCST_ACT_MW,3.8,3240,ACTUAL,511
2019-12-31T10:00:00-00:00,2019-12-31T11:00:00-00:00,0,2019-12-31,3,0,ACTUAL,AZPS,Total Actual Hourly Integrated Load,SYS_FCST_ACT_MW,3.8,2848,ACTUAL,511
2019-12-31T17:00:00-00:00,2019-12-31T18:00:00-00:00,0,2019-12-31,10,0,ACTUAL,AZPS,Total Actual Hourly Integrated Load,SYS_FCST_ACT_MW,3.8,3194,ACTUAL,511
2019-12-31T21:00:00-00:00,2019-12-31T22:00:00-00:00,0,2019-12-31,14,0,ACTUAL,AZPS,Total Actual Hourly Integrated Load,SYS_FCST_ACT_MW,3.8,2839,ACTUAL,511
2019-12-31T08:00:00-00:00,2019-12-31T09:00:00-00:00,0,2019-12-31,1,0,ACTUAL,AZPS,Total Actual Hourly Integrated Load,SYS_FCST_ACT_MW,3.8,2878,ACTUAL,511
2019-12-31T11:00:00-00:00,2019-12-31T12:00:00-00:00,0,2019-12-31,4,0,ACTUAL,AZPS,Total Actual Hourly Integrated Load,SYS_FCST_ACT_MW,3.8,2930,ACTUAL,511
2020-01-01T04:00:00-00:00,2020-01-01T05:00:00-00:00,0,2019-12-31,21,0,ACTUAL,BANCSMUD,Total Actual Hourly Integrated Load,SYS_FCST_ACT_MW,3.8,1243,ACTUAL,512
2019-12-31T09:00:00-00:00,2019-12-31T10:00:00-00:00,0,2019-12-31,2,0,ACTUAL,BANCSMUD,Total Actual Hourly Integrated Load,SYS_FCST_ACT_MW,3.8,1001,ACTUAL,512
2019-12-31T22:00:00-00:00,2019-12-31T23:00:00-00:00,0,2019-12-31,15,0,ACTUAL,BANCSMUD,Total Actual Hourly Integrated Load,SYS_FCST_ACT_MW,3.8,1171,ACTUAL,512
2019-12-31T15:00:00-00:00,2019-12-31T16:00:00-00:00,0,2019-12-31,8,0,ACTUAL,BANCSMUD,Total Actual Hourly Integrated Load,SYS_FCST_ACT_MW,3.8,1291,ACTUAL,512
2019-12-31T13:00:00-00:00,2019-12-31T14:00:00-00:00,0,2019-12-31,6,0,ACTUAL,BANCSMUD,Total Actual Hourly Integrated Load,SYS_FCST_ACT_MW,3.8,1115,ACTUAL,512
2019-12-31T08:00:00-00:00,2019-12-31T09:00:00-00:00,0,2019-12-31,1,0,ACTUAL,BANCSMUD,Total Actual Hourly Integrated Load,SYS_FCST_ACT_MW,3.8,1043,ACTUAL,512
2019-12-31T12:00:00-00:00,2019-12-31T13:00:00-00:00,0,2019-12-31,5,0,ACTUAL,BANCSMUD,Total Actual Hourly Integrated Load,SYS_FCST_ACT_MW,3.8,1029,ACTUAL,512
2019-12-31T11:00:00-00:00,2019-12-31T12:00:00-00:00,0,2019-12-31,4,0,ACTUAL,BANCSMUD,Total Actual Hourly Integrated Load,SYS_FCST_ACT_MW,3.8,987,ACTUAL,512
2019-12-31T17:00:00-00:00,2019-12-31T18:00:00-00:00,0,2019-12-31,10,0,ACTUAL,BANCSMUD,Total Actual Hourly Integrated Load,SYS_FCST_ACT_MW,3.8,1286,ACTUAL,512
2019-12-31T18:00:00-00:00,2019-12-31T19:00:00-00:00,0,2019-12-31,11,0,ACTUAL,BANCSMUD,Total Actual Hourly Integrated Load,SYS_FCST_ACT_MW,3.8,1286,ACTUAL,512
2019-12-31T16:00:00-00:00,2019-12-31T17:00:00-00:00,0,2019-12-31,9,0,ACTUAL,BANCSMUD,Total Actual Hourly Integrated Load,SYS_FCST_ACT_MW,3.8,1304,ACTUAL,512
2019-12-31T23:00:00-00:00,2020-01-01T00:00:00-00:00,0,2019-12-31,16,0,ACTUAL,BANCSMUD,Total Actual Hourly Integrated Load,SYS_FCST_ACT_MW,3.8,1185,ACTUAL,512
2019-12-31T19:00:00-00:00,2019-12-31T20:00:00-00:00,0,2019-12-31,12,0,ACTUAL,BANCSMUD,Total Actual Hourly Integrated Load,SYS_FCST_ACT_MW,3.8,1247,ACTUAL,512
2019-12-31T21:00:00-00:00,2019-12-31T22:00:00-00:00,0,2019-12-31,14,0,ACTUAL,BANCSMUD,Total Actual Hourly Integrated Load,SYS_FCST_ACT_MW,3.8,1190,ACTUAL,512
2020-01-01T00:00:00-00:00,2020-01-01T01:00:00-00:00,0,2019-12-31,17,0,ACTUAL,BANCSMUD,Total Actual Hourly Integrated Load,SYS_FCST_ACT_MW,3.8,1248,ACTUAL,512
2019-12-31T10:00:00-00:00,2019-12-31T11:00:00-00:00,0,2019-12-31,3,0,ACTUAL,BANCSMUD,Total Actual Hourly Integrated Load,SYS_FCST_ACT_MW,3.8,984,ACTUAL,512
2020-01-01T05:00:00-00:00,2020-01-01T06:00:00-00:00,0,2019-12-31,22,0,ACTUAL,BANCSMUD,Total Actual Hourly Integrated Load,SYS_FCST_ACT_MW,3.8,1189,ACTUAL,512
2020-01-01T06:00:00-00:00,2020-01-01T07:00:00-00:00,0,2019-12-31,23,0,ACTUAL,BANCSMUD,Total Actual Hourly Integrated Load,SYS_FCST_ACT_MW,3.8,1133,ACTUAL,512
2020-01-01T02:00:00-00:00,2020-01-01T03:00:00-00:00,0,2019-12-31,19,0,ACTUAL,BANCSMUD,Total Actual Hourly Integrated Load,SYS_FCST_ACT_MW,3.8,1341,ACTUAL,512
2020-01-01T07:00:00-00:00,2020-01-01T08:00:00-00:00,0,2019-12-31,24,0,ACTUAL,BANCSMUD,Total Actual Hourly Integrated Load,SYS_FCST_ACT_MW,3.8,1078,ACTUAL,512
2019-12-31T14:00:00-00:00,2019-12-31T15:00:00-00:00,0,2019-12-31,7,0,ACTUAL,BANCSMUD,Total Actual Hourly Integrated Load,SYS_FCST_ACT_MW,3.8,1224,ACTUAL,512
2019-12-31T20:00:00-00:00,2019-12-31T21:00:00-00:00,0,2019-12-31,13,0,ACTUAL,BANCSMUD,Total Actual Hourly Integrated Load,SYS_FCST_ACT_MW,3.8,1210,ACTUAL,512
2020-01-01T01:00:00-00:00,2020-01-01T02:00:00-00:00,0,2019-12-31,18,0,ACTUAL,BANCSMUD,Total Actual Hourly Integrated Load,SYS_FCST_ACT_MW,3.8,1358,ACTUAL,512
2020-01-01T03:00:00-00:00,2020-01-01T04:00:00-00:00,0,2019-12-31,20,0,ACTUAL,BANCSMUD,Total Actual Hourly Integrated Load,SYS_FCST_ACT_MW,3.8,1289,ACTUAL,512
2020-01-01T05:00:00-00:00,2020-01-01T06:00:00-00:00,0,2019-12-31,22,0,ACTUAL,BCHA,Total Actual Hourly Integrated Load,SYS_FCST_ACT_MW,3.8,7527,ACTUAL,513
2019-12-31T17:00:00-00:00,2019-12-31T18:00:00-00:00,0,2019-12-31,10,0,ACTUAL,BCHA,Total Actual Hourly Integrated Load,SYS_FCST_ACT_MW,3.8,8324,ACTUAL,513
2019-12-31T08:00:00-00:00,2019-12-31T09:00:00-00:00,0,2019-12-31,1,0,ACTUAL,BCHA,Total Actual Hourly Integrated Load,SYS_FCST_ACT_MW,3.8,6860,ACTUAL,513
2020-01-01T04:00:00-00:00,2020-01-01T05:00:00-00:00,0,2019-12-31,21,0,ACTUAL,BCHA,Total Actual Hourly Integrated Load,SYS_FCST_ACT_MW,3.8,7784,ACTUAL,513
2020-01-01T02:00:00-00:00,2020-01-01T03:00:00-00:00,0,2019-12-31,19,0,ACTUAL,BCHA,Total Actual Hourly Integrated Load,SYS_FCST_ACT_MW,3.8,8506,ACTUAL,513
2020-01-01T01:00:00-00:00,2020-01-01T02:00:00-00:00,0,2019-12-31,18,0,ACTUAL,BCHA,Total Actual Hourly Integrated Load,SYS_FCST_ACT_MW,3.8,8807,ACTUAL,513
2019-12-31T13:00:00-00:00,2019-12-31T14:00:00-00:00,0,2019-12-31,6,0,ACTUAL,BCHA,Total Actual Hourly Integrated Load,SYS_FCST_ACT_MW,3.8,6868,ACTUAL,513
2019-12-31T21:00:00-00:00,2019-12-31T22:00:00-00:00,0,2019-12-31,14,0,ACTUAL,BCHA,Total Actual Hourly Integrated Load,SYS_FCST_ACT_MW,3.8,8464,ACTUAL,513
2019-12-31T15:00:00-00:00,2019-12-31T16:00:00-00:00,0,2019-12-31,8,0,ACTUAL,BCHA,Total Actual Hourly Integrated Load,SYS_FCST_ACT_MW,3.8,7808,ACTUAL,513
2020-01-01T07:00:00-00:00,2020-01-01T08:00:00-00:00,0,2019-12-31,24,0,ACTUAL,BCHA,Total Actual Hourly Integrated Load,SYS_FCST_ACT_MW,3.8,6947,ACTUAL,513
2020-01-01T06:00:00-00:00,2020-01-01T07:00:00-00:00,0,2019-12-31,23,0,ACTUAL,BCHA,Total Actual Hourly Integrated Load,SYS_FCST_ACT_MW,3.8,7244,ACTUAL,513
2019-12-31T23:00:00-00:00,2020-01-01T00:00:00-00:00,0,2019-12-31,16,0,ACTUAL,BCHA,Total Actual Hourly Integrated Load,SYS_FCST_ACT_MW,3.8,8422,ACTUAL,513
2019-12-31T19:00:00-00:00,2019-12-31T20:00:00-00:00,0,2019-12-31,12,0,ACTUAL,BCHA,Total Actual Hourly Integrated Load,SYS_FCST_ACT_MW,3.8,8571,ACTUAL,513
2019-12-31T16:00:00-00:00,2019-12-31T17:00:00-00:00,0,2019-12-31,9,0,ACTUAL,BCHA,Total Actual Hourly Integrated Load,SYS_FCST_ACT_MW,3.8,8127,ACTUAL,513
2019-12-31T11:00:00-00:00,2019-12-31T12:00:00-00:00,0,2019-12-31,4,0,ACTUAL,BCHA,Total Actual Hourly Integrated Load,SYS_FCST_ACT_MW,3.8,6520,ACTUAL,513
2019-12-31T22:00:00-00:00,2019-12-31T23:00:00-00:00,0,2019-12-31,15,0,ACTUAL,BCHA,Total Actual Hourly Integrated Load,SYS_FCST_ACT_MW,3.8,8411,ACTUAL,513
2019-12-31T10:00:00-00:00,2019-12-31T11:00:00-00:00,0,2019-12-31,3,0,ACTUAL,BCHA,Total Actual Hourly Integrated Load,SYS_FCST_ACT_MW,3.8,6556,ACTUAL,513
2020-01-01T03:00:00-00:00,2020-01-01T04:00:00-00:00,0,2019-12-31,20,0,ACTUAL,BCHA,Total Actual Hourly Integrated Load,SYS_FCST_ACT_MW,3.8,8129,ACTUAL,513
2020-01-01T00:00:00-00:00,2020-01-01T01:00:00-00:00,0,2019-12-31,17,0,ACTUAL,BCHA,Total Actual Hourly Integrated Load,SYS_FCST_ACT_MW,3.8,8751,ACTUAL,513
2019-12-31T20:00:00-00:00,2019-12-31T21:00:00-00:00,0,2019-12-31,13,0,ACTUAL,BCHA,Total Actual Hourly Integrated Load,SYS_FCST_ACT_MW,3.8,8542,ACTUAL,513
2019-12-31T14:00:00-00:00,2019-12-31T15:00:00-00:00,0,2019-12-31,7,0,ACTUAL,BCHA,Total Actual Hourly Integrated Load,SYS_FCST_ACT_MW,3.8,7330,ACTUAL,513
2019-12-31T12:00:00-00:00,2019-12-31T13:00:00-00:00,0,2019-12-31,5,0,ACTUAL,BCHA,Total Actual Hourly Integrated Load,SYS_FCST_ACT_MW,3.8,6602,ACTUAL,513
2019-12-31T09:00:00-00:00,2019-12-31T10:00:00-00:00,0,2019-12-31,2,0,ACTUAL,BCHA,Total Actual Hourly Integrated Load,SYS_FCST_ACT_MW,3.8,6672,ACTUAL,513
2019-12-31T18:00:00-00:00,2019-12-31T19:00:00-00:00,0,2019-12-31,11,0,ACTUAL,BCHA,Total Actual Hourly Integrated Load,SYS_FCST_ACT_MW,3.8,8499,ACTUAL,513
2019-12-31T10:00:00-00:00,2019-12-31T11:00:00-00:00,0,2019-12-31,3,0,ACTUAL,CA ISO-TAC,Total Actual Hourly Integrated Load,SYS_FCST_ACT_MW,3,20391,ACTUAL,514
2020-01-01T04:00:00-00:00,2020-01-01T05:00:00-00:00,0,2019-12-31,21,0,ACTUAL,CA ISO-TAC,Total Actual Hourly Integrated Load,SYS_FCST_ACT_MW,3,24949,ACTUAL,514
2019-12-31T17:00:00-00:00,2019-12-31T18:00:00-00:00,0,2019-12-31,10,0,ACTUAL,CA ISO-TAC,Total Actual Hourly Integrated Load,SYS_FCST_ACT_MW,3,23238,ACTUAL,514
2019-12-31T20:00:00-00:00,2019-12-31T21:00:00-00:00,0,2019-12-31,13,0,ACTUAL,CA ISO-TAC,Total Actual Hourly Integrated Load,SYS_FCST_ACT_MW,3,21858,ACTUAL,514
2019-12-31T11:00:00-00:00,2019-12-31T12:00:00-00:00,0,2019-12-31,4,0,ACTUAL,CA ISO-TAC,Total Actual Hourly Integrated Load,SYS_FCST_ACT_MW,3,20276,ACTUAL,514
2019-12-31T12:00:00-00:00,2019-12-31T13:00:00-00:00,0,2019-12-31,5,0,ACTUAL,CA ISO-TAC,Total Actual Hourly Integrated Load,SYS_FCST_ACT_MW,3,20679,ACTUAL,514
2019-12-31T15:00:00-00:00,2019-12-31T16:00:00-00:00,0,2019-12-31,8,0,ACTUAL,CA ISO-TAC,Total Actual Hourly Integrated Load,SYS_FCST_ACT_MW,3,24093,ACTUAL,514
2020-01-01T07:00:00-00:00,2020-01-01T08:00:00-00:00,0,2019-12-31,24,0,ACTUAL,CA ISO-TAC,Total Actual Hourly Integrated Load,SYS_FCST_ACT_MW,3,22396,ACTUAL,514
2020-01-01T00:00:00-00:00,2020-01-01T01:00:00-00:00,0,2019-12-31,17,0,ACTUAL,CA ISO-TAC,Total Actual Hourly Integrated Load,SYS_FCST_ACT_MW,3,24427,ACTUAL,514
2019-12-31T19:00:00-00:00,2019-12-31T20:00:00-00:00,0,2019-12-31,12,0,ACTUAL,CA ISO-TAC,Total Actual Hourly Integrated Load,SYS_FCST_ACT_MW,3,22205,ACTUAL,514
2019-12-31T21:00:00-00:00,2019-12-31T22:00:00-00:00,0,2019-12-31,14,0,ACTUAL,CA ISO-TAC,Total Actual Hourly Integrated Load,SYS_FCST_ACT_MW,3,21939,ACTUAL,514
2020-01-01T02:00:00-00:00,2020-01-01T03:00:00-00:00,0,2019-12-31,19,0,ACTUAL,CA ISO-TAC,Total Actual Hourly Integrated Load,SYS_FCST_ACT_MW,3,26744,ACTUAL,514
2020-01-01T05:00:00-00:00,2020-01-01T06:00:00-00:00,0,2019-12-31,22,0,ACTUAL,CA ISO-TAC,Total Actual Hourly Integrated Load,SYS_FCST_ACT_MW,3,24102,ACTUAL,514
2020-01-01T06:00:00-00:00,2020-01-01T07:00:00-00:00,0,2019-12-31,23,0,ACTUAL,CA ISO-TAC,Total Actual Hourly Integrated Load,SYS_FCST_ACT_MW,3,23229,ACTUAL,514
2019-12-31T08:00:00-00:00,2019-12-31T09:00:00-00:00,0,2019-12-31,1,0,ACTUAL,CA ISO-TAC,Total Actual Hourly Integrated Load,SYS_FCST_ACT_MW,3,21751,ACTUAL,514
2019-12-31T16:00:00-00:00,2019-12-31T17:00:00-00:00,0,2019-12-31,9,0,ACTUAL,CA ISO-TAC,Total Actual Hourly Integrated Load,SYS_FCST_ACT_MW,3,23896,ACTUAL,514
2020-01-01T01:00:00-00:00,2020-01-01T02:00:00-00:00,0,2019-12-31,18,0,ACTUAL,CA ISO-TAC,Total Actual Hourly Integrated Load,SYS_FCST_ACT_MW,3,26897,ACTUAL,514
2019-12-31T22:00:00-00:00,2019-12-31T23:00:00-00:00,0,2019-12-31,15,0,ACTUAL,CA ISO-TAC,Total Actual Hourly Integrated Load,SYS_FCST_ACT_MW,3,22149,ACTUAL,514
2019-12-31T23:00:00-00:00,2020-01-01T00:00:00-00:00,0,2019-12-31,16,0,ACTUAL,CA ISO-TAC,Total Actual Hourly Integrated Load,SYS_FCST_ACT_MW,3,22774,ACTUAL,514
2020-01-01T03:00:00-00:00,2020-01-01T04:00:00-00:00,0,2019-12-31,20,0,ACTUAL,CA ISO-TAC,Total Actual Hourly Integrated Load,SYS_FCST_ACT_MW,3,25866,ACTUAL,514
2019-12-31T09:00:00-00:00,2019-12-31T10:00:00-00:00,0,2019-12-31,2,0,ACTUAL,CA ISO-TAC,Total Actual Hourly Integrated Load,SYS_FCST_ACT_MW,3,20878,ACTUAL,514
2019-12-31T14:00:00-00:00,2019-12-31T15:00:00-00:00,0,2019-12-31,7,0,ACTUAL,CA ISO-TAC,Total Actual Hourly Integrated Load,SYS_FCST_ACT_MW,3,23406,ACTUAL,514
2019-12-31T18:00:00-00:00,2019-12-31T19:00:00-00:00,0,2019-12-31,11,0,ACTUAL,CA ISO-TAC,Total Actual Hourly Integrated Load,SYS_FCST_ACT_MW,3,22662,ACTUAL,514
2019-12-31T13:00:00-00:00,2019-12-31T14:00:00-00:00,0,2019-12-31,6,0,ACTUAL,CA ISO-TAC,Total Actual Hourly Integrated Load,SYS_FCST_ACT_MW,3,21836,ACTUAL,514
2020-01-01T05:00:00-00:00,2020-01-01T06:00:00-00:00,0,2019-12-31,22,0,ACTUAL,IPCO,Total Actual Hourly Integrated Load,SYS_FCST_ACT_MW,3.8,1832,ACTUAL,515
2019-12-31T08:00:00-00:00,2019-12-31T09:00:00-00:00,0,2019-12-31,1,0,ACTUAL,IPCO,Total Actual Hourly Integrated Load,SYS_FCST_ACT_MW,3.8,1729,ACTUAL,515
2019-12-31T12:00:00-00:00,2019-12-31T13:00:00-00:00,0,2019-12-31,5,0,ACTUAL,IPCO,Total Actual Hourly Integrated Load,SYS_FCST_ACT_MW,3.8,1833,ACTUAL,515
2019-12-31T09:00:00-00:00,2019-12-31T10:00:00-00:00,0,2019-12-31,2,0,ACTUAL,IPCO,Total Actual Hourly Integrated Load,SYS_FCST_ACT_MW,3.8,1714,ACTUAL,515
2019-12-31T16:00:00-00:00,2019-12-31T17:00:00-00:00,0,2019-12-31,9,0,ACTUAL,IPCO,Total Actual Hourly Integrated Load,SYS_FCST_ACT_MW,3.8,2136,ACTUAL,515
2019-12-31T22:00:00-00:00,2019-12-31T23:00:00-00:00,0,2019-12-31,15,0,ACTUAL,IPCO,Total Actual Hourly Integrated Load,SYS_FCST_ACT_MW,3.8,1981,ACTUAL,515
2020-01-01T00:00:00-00:00,2020-01-01T01:00:00-00:00,0,2019-12-31,17,0,ACTUAL,IPCO,Total Actual Hourly Integrated Load,SYS_FCST_ACT_MW,3.8,2135,ACTUAL,515
2020-01-01T04:00:00-00:00,2020-01-01T05:00:00-00:00,0,2019-12-31,21,0,ACTUAL,IPCO,Total Actual Hourly Integrated Load,SYS_FCST_ACT_MW,3.8,1899,ACTUAL,515
2019-12-31T11:00:00-00:00,2019-12-31T12:00:00-00:00,0,2019-12-31,4,0,ACTUAL,IPCO,Total Actual Hourly Integrated Load,SYS_FCST_ACT_MW,3.8,1751,ACTUAL,515
2020-01-01T06:00:00-00:00,2020-01-01T07:00:00-00:00,0,2019-12-31,23,0,ACTUAL,IPCO,Total Actual Hourly Integrated Load,SYS_FCST_ACT_MW,3.8,1758,ACTUAL,515
2019-12-31T13:00:00-00:00,2019-12-31T14:00:00-00:00,0,2019-12-31,6,0,ACTUAL,IPCO,Total Actual Hourly Integrated Load,SYS_FCST_ACT_MW,3.8,1956,ACTUAL,515
2019-12-31T23:00:00-00:00,2020-01-01T00:00:00-00:00,0,2019-12-31,16,0,ACTUAL,IPCO,Total Actual Hourly Integrated Load,SYS_FCST_ACT_MW,3.8,2040,ACTUAL,515
2020-01-01T01:00:00-00:00,2020-01-01T02:00:00-00:00,0,2019-12-31,18,0,ACTUAL,IPCO,Total Actual Hourly Integrated Load,SYS_FCST_ACT_MW,3.8,2120,ACTUAL,515
2020-01-01T02:00:00-00:00,2020-01-01T03:00:00-00:00,0,2019-12-31,19,0,ACTUAL,IPCO,Total Actual Hourly Integrated Load,SYS_FCST_ACT_MW,3.8,2038,ACTUAL,515
2020-01-01T03:00:00-00:00,2020-01-01T04:00:00-00:00,0,2019-12-31,20,0,ACTUAL,IPCO,Total Actual Hourly Integrated Load,SYS_FCST_ACT_MW,3.8,1964,ACTUAL,515
2019-12-31T10:00:00-00:00,2019-12-31T11:00:00-00:00,0,2019-12-31,3,0,ACTUAL,IPCO,Total Actual Hourly Integrated Load,SYS_FCST_ACT_MW,3.8,1718,ACTUAL,515
2019-12-31T20:00:00-00:00,2019-12-31T21:00:00-00:00,0,2019-12-31,13,0,ACTUAL,IPCO,Total Actual Hourly Integrated Load,SYS_FCST_ACT_MW,3.8,2017,ACTUAL,515
2019-12-31T21:00:00-00:00,2019-12-31T22:00:00-00:00,0,2019-12-31,14,0,ACTUAL,IPCO,Total Actual Hourly Integrated Load,SYS_FCST_ACT_MW,3.8,1992,ACTUAL,515
2019-12-31T17:00:00-00:00,2019-12-31T18:00:00-00:00,0,2019-12-31,10,0,ACTUAL,IPCO,Total Actual Hourly Integrated Load,SYS_FCST_ACT_MW,3.8,2135,ACTUAL,515
2019-12-31T14:00:00-00:00,2019-12-31T15:00:00-00:00,0,2019-12-31,7,0,ACTUAL,IPCO,Total Actual Hourly Integrated Load,SYS_FCST_ACT_MW,3.8,2057,ACTUAL,515
2019-12-31T15:00:00-00:00,2019-12-31T16:00:00-00:00,0,2019-12-31,8,0,ACTUAL,IPCO,Total Actual Hourly Integrated Load,SYS_FCST_ACT_MW,3.8,2115,ACTUAL,515
2019-12-31T18:00:00-00:00,2019-12-31T19:00:00-00:00,0,2019-12-31,11,0,ACTUAL,IPCO,Total Actual Hourly Integrated Load,SYS_FCST_ACT_MW,3.8,2101,ACTUAL,515
2019-12-31T19:00:00-00:00,2019-12-31T20:00:00-00:00,0,2019-12-31,12,0,ACTUAL,IPCO,Total Actual Hourly Integrated Load,SYS_FCST_ACT_MW,3.8,2055,ACTUAL,515
2020-01-01T07:00:00-00:00,2020-01-01T08:00:00-00:00,0,2019-12-31,24,0,ACTUAL,IPCO,Total Actual Hourly Integrated Load,SYS_FCST_ACT_MW,3.8,1699,ACTUAL,515
2020-01-01T02:00:00-00:00,2020-01-01T03:00:00-00:00,0,2019-12-31,19,0,ACTUAL,MWD-TAC,Total Actual Hourly Integrated Load,SYS_FCST_ACT_MW,3.3,128,ACTUAL,516
2020-01-01T04:00:00-00:00,2020-01-01T05:00:00-00:00,0,2019-12-31,21,0,ACTUAL,MWD-TAC,Total Actual Hourly Integrated Load,SYS_FCST_ACT_MW,3.3,133,ACTUAL,516
2019-12-31T10:00:00-00:00,2019-12-31T11:00:00-00:00,0,2019-12-31,3,0,ACTUAL,MWD-TAC,Total Actual Hourly Integrated Load,SYS_FCST_ACT_MW,3.3,150,ACTUAL,516
2019-12-31T14:00:00-00:00,2019-12-31T15:00:00-00:00,0,2019-12-31,7,0,ACTUAL,MWD-TAC,Total Actual Hourly Integrated Load,SYS_FCST_ACT_MW,3.3,141,ACTUAL,516
2019-12-31T15:00:00-00:00,2019-12-31T16:00:00-00:00,0,2019-12-31,8,0,ACTUAL,MWD-TAC,Total Actual Hourly Integrated Load,SYS_FCST_ACT_MW,3.3,129,ACTUAL,516
2020-01-01T01:00:00-00:00,2020-01-01T02:00:00-00:00,0,2019-12-31,18,0,ACTUAL,MWD-TAC,Total Actual Hourly Integrated Load,SYS_FCST_ACT_MW,3.3,126,ACTUAL,516
2020-01-01T05:00:00-00:00,2020-01-01T06:00:00-00:00,0,2019-12-31,22,0,ACTUAL,MWD-TAC,Total Actual Hourly Integrated Load,SYS_FCST_ACT_MW,3.3,131,ACTUAL,516
2019-12-31T21:00:00-00:00,2019-12-31T22:00:00-00:00,0,2019-12-31,14,0,ACTUAL,MWD-TAC,Total Actual Hourly Integrated Load,SYS_FCST_ACT_MW,3.3,125,ACTUAL,516
2019-12-31T13:00:00-00:00,2019-12-31T14:00:00-00:00,0,2019-12-31,6,0,ACTUAL,MWD-TAC,Total Actual Hourly Integrated Load,SYS_FCST_ACT_MW,3.3,145,ACTUAL,516
2019-12-31T18:00:00-00:00,2019-12-31T19:00:00-00:00,0,2019-12-31,11,0,ACTUAL,MWD-TAC,Total Actual Hourly Integrated Load,SYS_FCST_ACT_MW,3.3,125,ACTUAL,516
2019-12-31T22:00:00-00:00,2019-12-31T23:00:00-00:00,0,2019-12-31,15,0,ACTUAL,MWD-TAC,Total Actual Hourly Integrated Load,SYS_FCST_ACT_MW,3.3,126,ACTUAL,516
2020-01-01T00:00:00-00:00,2020-01-01T01:00:00-00:00,0,2019-12-31,17,0,ACTUAL,MWD-TAC,Total Actual Hourly Integrated Load,SYS_FCST_ACT_MW,3.3,127,ACTUAL,516
2020-01-01T03:00:00-00:00,2020-01-01T04:00:00-00:00,0,2019-12-31,20,0,ACTUAL,MWD-TAC,Total Actual Hourly Integrated Load,SYS_FCST_ACT_MW,3.3,134,ACTUAL,516
2020-01-01T07:00:00-00:00,2020-01-01T08:00:00-00:00,0,2019-12-31,24,0,ACTUAL,MWD-TAC,Total Actual Hourly Integrated Load,SYS_FCST_ACT_MW,3.3,127,ACTUAL,516
2019-12-31T12:00:00-00:00,2019-12-31T13:00:00-00:00,0,2019-12-31,5,0,ACTUAL,MWD-TAC,Total Actual Hourly Integrated Load,SYS_FCST_ACT_MW,3.3,146,ACTUAL,516
2019-12-31T16:00:00-00:00,2019-12-31T17:00:00-00:00,0,2019-12-31,9,0,ACTUAL,MWD-TAC,Total Actual Hourly Integrated Load,SYS_FCST_ACT_MW,3.3,126,ACTUAL,516
2019-12-31T17:00:00-00:00,2019-12-31T18:00:00-00:00,0,2019-12-31,10,0,ACTUAL,MWD-TAC,Total Actual Hourly Integrated Load,SYS_FCST_ACT_MW,3.3,125,ACTUAL,516
2019-12-31T08:00:00-00:00,2019-12-31T09:00:00-00:00,0,2019-12-31,1,0,ACTUAL,MWD-TAC,Total Actual Hourly Integrated Load,SYS_FCST_ACT_MW,3.3,149,ACTUAL,516
2019-12-31T09:00:00-00:00,2019-12-31T10:00:00-00:00,0,2019-12-31,2,0,ACTUAL,MWD-TAC,Total Actual Hourly Integrated Load,SYS_FCST_ACT_MW,3.3,154,ACTUAL,516
2019-12-31T11:00:00-00:00,2019-12-31T12:00:00-00:00,0,2019-12-31,4,0,ACTUAL,MWD-TAC,Total Actual Hourly Integrated Load,SYS_FCST_ACT_MW,3.3,149,ACTUAL,516
2019-12-31T19:00:00-00:00,2019-12-31T20:00:00-00:00,0,2019-12-31,12,0,ACTUAL,MWD-TAC,Total Actual Hourly Integrated Load,SYS_FCST_ACT_MW,3.3,125,ACTUAL,516
2019-12-31T20:00:00-00:00,2019-12-31T21:00:00-00:00,0,2019-12-31,13,0,ACTUAL,MWD-TAC,Total Actual Hourly Integrated Load,SYS_FCST_ACT_MW,3.3,125,ACTUAL,516
2019-12-31T23:00:00-00:00,2020-01-01T00:00:00-00:00,0,2019-12-31,16,0,ACTUAL,MWD-TAC,Total Actual Hourly Integrated Load,SYS_FCST_ACT_MW,3.3,127,ACTUAL,516
2020-01-01T06:00:00-00:00,2020-01-01T07:00:00-00:00,0,2019-12-31,23,0,ACTUAL,MWD-TAC,Total Actual Hourly Integrated Load,SYS_FCST_ACT_MW,3.3,127,ACTUAL,516
2019-12-31T11:00:00-00:00,2019-12-31T12:00:00-00:00,0,2019-12-31,4,0,ACTUAL,NEVP,Total Actual Hourly Integrated Load,SYS_FCST_ACT_MW,3.8,3625,ACTUAL,517
2019-12-31T17:00:00-00:00,2019-12-31T18:00:00-00:00,0,2019-12-31,10,0,ACTUAL,NEVP,Total Actual Hourly Integrated Load,SYS_FCST_ACT_MW,3.8,3856,ACTUAL,517
2019-12-31T23:00:00-00:00,2020-01-01T00:00:00-00:00,0,2019-12-31,16,0,ACTUAL,NEVP,Total Actual Hourly Integrated Load,SYS_FCST_ACT_MW,3.8,3785,ACTUAL,517
2020-01-01T02:00:00-00:00,2020-01-01T03:00:00-00:00,0,2019-12-31,19,0,ACTUAL,NEVP,Total Actual Hourly Integrated Load,SYS_FCST_ACT_MW,3.8,4322,ACTUAL,517
2020-01-01T06:00:00-00:00,2020-01-01T07:00:00-00:00,0,2019-12-31,23,0,ACTUAL,NEVP,Total Actual Hourly Integrated Load,SYS_FCST_ACT_MW,3.8,3958,ACTUAL,517
2019-12-31T14:00:00-00:00,2019-12-31T15:00:00-00:00,0,2019-12-31,7,0,ACTUAL,NEVP,Total Actual Hourly Integrated Load,SYS_FCST_ACT_MW,3.8,3958,ACTUAL,517
2019-12-31T18:00:00-00:00,2019-12-31T19:00:00-00:00,0,2019-12-31,11,0,ACTUAL,NEVP,Total Actual Hourly Integrated Load,SYS_FCST_ACT_MW,3.8,3807,ACTUAL,517
2019-12-31T09:00:00-00:00,2019-12-31T10:00:00-00:00,0,2019-12-31,2,0,ACTUAL,NEVP,Total Actual Hourly Integrated Load,SYS_FCST_ACT_MW,3.8,3658,ACTUAL,517
2019-12-31T10:00:00-00:00,2019-12-31T11:00:00-00:00,0,2019-12-31,3,0,ACTUAL,NEVP,Total Actual Hourly Integrated Load,SYS_FCST_ACT_MW,3.8,3623,ACTUAL,517
2019-12-31T16:00:00-00:00,2019-12-31T17:00:00-00:00,0,2019-12-31,9,0,ACTUAL,NEVP,Total Actual Hourly Integrated Load,SYS_FCST_ACT_MW,3.8,3892,ACTUAL,517
2019-12-31T22:00:00-00:00,2019-12-31T23:00:00-00:00,0,2019-12-31,15,0,ACTUAL,NEVP,Total Actual Hourly Integrated Load,SYS_FCST_ACT_MW,3.8,3690,ACTUAL,517
2019-12-31T19:00:00-00:00,2019-12-31T20:00:00-00:00,0,2019-12-31,12,0,ACTUAL,NEVP,Total Actual Hourly Integrated Load,SYS_FCST_ACT_MW,3.8,3762,ACTUAL,517
2020-01-01T01:00:00-00:00,2020-01-01T02:00:00-00:00,0,2019-12-31,18,0,ACTUAL,NEVP,Total Actual Hourly Integrated Load,SYS_FCST_ACT_MW,3.8,4335,ACTUAL,517
2019-12-31T12:00:00-00:00,2019-12-31T13:00:00-00:00,0,2019-12-31,5,0,ACTUAL,NEVP,Total Actual Hourly Integrated Load,SYS_FCST_ACT_MW,3.8,3689,ACTUAL,517
2020-01-01T00:00:00-00:00,2020-01-01T01:00:00-00:00,0,2019-12-31,17,0,ACTUAL,NEVP,Total Actual Hourly Integrated Load,SYS_FCST_ACT_MW,3.8,4059,ACTUAL,517
2020-01-01T04:00:00-00:00,2020-01-01T05:00:00-00:00,0,2019-12-31,21,0,ACTUAL,NEVP,Total Actual Hourly Integrated Load,SYS_FCST_ACT_MW,3.8,4161,ACTUAL,517
2019-12-31T13:00:00-00:00,2019-12-31T14:00:00-00:00,0,2019-12-31,6,0,ACTUAL,NEVP,Total Actual Hourly Integrated Load,SYS_FCST_ACT_MW,3.8,3808,ACTUAL,517
2019-12-31T15:00:00-00:00,2019-12-31T16:00:00-00:00,0,2019-12-31,8,0,ACTUAL,NEVP,Total Actual Hourly Integrated Load,SYS_FCST_ACT_MW,3.8,3959,ACTUAL,517
2019-12-31T20:00:00-00:00,2019-12-31T21:00:00-00:00,0,2019-12-31,13,0,ACTUAL,NEVP,Total Actual Hourly Integrated Load,SYS_FCST_ACT_MW,3.8,3714,ACTUAL,517
2019-12-31T21:00:00-00:00,2019-12-31T22:00:00-00:00,0,2019-12-31,14,0,ACTUAL,NEVP,Total Actual Hourly Integrated Load,SYS_FCST_ACT_MW,3.8,3681,ACTUAL,517
2020-01-01T03:00:00-00:00,2020-01-01T04:00:00-00:00,0,2019-12-31,20,0,ACTUAL,NEVP,Total Actual Hourly Integrated Load,SYS_FCST_ACT_MW,3.8,4248,ACTUAL,517
2020-01-01T05:00:00-00:00,2020-01-01T06:00:00-00:00,0,2019-12-31,22,0,ACTUAL,NEVP,Total Actual Hourly Integrated Load,SYS_FCST_ACT_MW,3.8,4057,ACTUAL,517
2020-01-01T07:00:00-00:00,2020-01-01T08:00:00-00:00,0,2019-12-31,24,0,ACTUAL,NEVP,Total Actual Hourly Integrated Load,SYS_FCST_ACT_MW,3.8,3865,ACTUAL,517
2019-12-31T08:00:00-00:00,2019-12-31T09:00:00-00:00,0,2019-12-31,1,0,ACTUAL,NEVP,Total Actual Hourly Integrated Load,SYS_FCST_ACT_MW,3.8,3736,ACTUAL,517
2019-12-31T08:00:00-00:00,2019-12-31T09:00:00-00:00,0,2019-12-31,1,0,ACTUAL,PACE,Total Actual Hourly Integrated Load,SYS_FCST_ACT_MW,3.8,5183,ACTUAL,518
2020-01-01T02:00:00-00:00,2020-01-01T03:00:00-00:00,0,2019-12-31,19,0,ACTUAL,PACE,Total Actual Hourly Integrated Load,SYS_FCST_ACT_MW,3.8,5926,ACTUAL,518
2020-01-01T03:00:00-00:00,2020-01-01T04:00:00-00:00,0,2019-12-31,20,0,ACTUAL,PACE,Total Actual Hourly Integrated Load,SYS_FCST_ACT_MW,3.8,5767,ACTUAL,518
2019-12-31T14:00:00-00:00,2019-12-31T15:00:00-00:00,0,2019-12-31,7,0,ACTUAL,PACE,Total Actual Hourly Integrated Load,SYS_FCST_ACT_MW,3.8,5803,ACTUAL,518
2019-12-31T11:00:00-00:00,2019-12-31T12:00:00-00:00,0,2019-12-31,4,0,ACTUAL,PACE,Total Actual Hourly Integrated Load,SYS_FCST_ACT_MW,3.8,5232,ACTUAL,518
2019-12-31T12:00:00-00:00,2019-12-31T13:00:00-00:00,0,2019-12-31,5,0,ACTUAL,PACE,Total Actual Hourly Integrated Load,SYS_FCST_ACT_MW,3.8,5377,ACTUAL,518
2019-12-31T10:00:00-00:00,2019-12-31T11:00:00-00:00,0,2019-12-31,3,0,ACTUAL,PACE,Total Actual Hourly Integrated Load,SYS_FCST_ACT_MW,3.8,5164,ACTUAL,518
2019-12-31T23:00:00-00:00,2020-01-01T00:00:00-00:00,0,2019-12-31,16,0,ACTUAL,PACE,Total Actual Hourly Integrated Load,SYS_FCST_ACT_MW,3.8,5796,ACTUAL,518
2020-01-01T04:00:00-00:00,2020-01-01T05:00:00-00:00,0,2019-12-31,21,0,ACTUAL,PACE,Total Actual Hourly Integrated Load,SYS_FCST_ACT_MW,3.8,5608,ACTUAL,518
2020-01-01T01:00:00-00:00,2020-01-01T02:00:00-00:00,0,2019-12-31,18,0,ACTUAL,PACE,Total Actual Hourly Integrated Load,SYS_FCST_ACT_MW,3.8,6082,ACTUAL,518
2019-12-31T18:00:00-00:00,2019-12-31T19:00:00-00:00,0,2019-12-31,11,0,ACTUAL,PACE,Total Actual Hourly Integrated Load,SYS_FCST_ACT_MW,3.8,5887,ACTUAL,518
2020-01-01T00:00:00-00:00,2020-01-01T01:00:00-00:00,0,2019-12-31,17,0,ACTUAL,PACE,Total Actual Hourly Integrated Load,SYS_FCST_ACT_MW,3.8,6071,ACTUAL,518
2019-12-31T22:00:00-00:00,2019-12-31T23:00:00-00:00,0,2019-12-31,15,0,ACTUAL,PACE,Total Actual Hourly Integrated Load,SYS_FCST_ACT_MW,3.8,5709,ACTUAL,518
2019-12-31T19:00:00-00:00,2019-12-31T20:00:00-00:00,0,2019-12-31,12,0,ACTUAL,PACE,Total Actual Hourly Integrated Load,SYS_FCST_ACT_MW,3.8,5778,ACTUAL,518
2019-12-31T13:00:00-00:00,2019-12-31T14:00:00-00:00,0,2019-12-31,6,0,ACTUAL,PACE,Total Actual Hourly Integrated Load,SYS_FCST_ACT_MW,3.8,5590,ACTUAL,518
2019-12-31T09:00:00-00:00,2019-12-31T10:00:00-00:00,0,2019-12-31,2,0,ACTUAL,PACE,Total Actual Hourly Integrated Load,SYS_FCST_ACT_MW,3.8,5154,ACTUAL,518
2020-01-01T07:00:00-00:00,2020-01-01T08:00:00-00:00,0,2019-12-31,24,0,ACTUAL,PACE,Total Actual Hourly Integrated Load,SYS_FCST_ACT_MW,3.8,5140,ACTUAL,518
2019-12-31T20:00:00-00:00,2019-12-31T21:00:00-00:00,0,2019-12-31,13,0,ACTUAL,PACE,Total Actual Hourly Integrated Load,SYS_FCST_ACT_MW,3.8,5741,ACTUAL,518
2019-12-31T17:00:00-00:00,2019-12-31T18:00:00-00:00,0,2019-12-31,10,0,ACTUAL,PACE,Total Actual Hourly Integrated Load,SYS_FCST_ACT_MW,3.8,5970,ACTUAL,518
2019-12-31T16:00:00-00:00,2019-12-31T17:00:00-00:00,0,2019-12-31,9,0,ACTUAL,PACE,Total Actual Hourly Integrated Load,SYS_FCST_ACT_MW,3.8,5980,ACTUAL,518
2019-12-31T15:00:00-00:00,2019-12-31T16:00:00-00:00,0,2019-12-31,8,0,ACTUAL,PACE,Total Actual Hourly Integrated Load,SYS_FCST_ACT_MW,3.8,5911,ACTUAL,518
2020-01-01T05:00:00-00:00,2020-01-01T06:00:00-00:00,0,2019-12-31,22,0,ACTUAL,PACE,Total Actual Hourly Integrated Load,SYS_FCST_ACT_MW,3.8,5442,ACTUAL,518
2020-01-01T06:00:00-00:00,2020-01-01T07:00:00-00:00,0,2019-12-31,23,0,ACTUAL,PACE,Total Actual Hourly Integrated Load,SYS_FCST_ACT_MW,3.8,5281,ACTUAL,518
2019-12-31T21:00:00-00:00,2019-12-31T22:00:00-00:00,0,2019-12-31,14,0,ACTUAL,PACE,Total Actual Hourly Integrated Load,SYS_FCST_ACT_MW,3.8,5711,ACTUAL,518
2020-01-01T01:00:00-00:00,2020-01-01T02:00:00-00:00,0,2019-12-31,18,0,ACTUAL,PACW,Total Actual Hourly Integrated Load,SYS_FCST_ACT_MW,3.8,2763,ACTUAL,519
2019-12-31T22:00:00-00:00,2019-12-31T23:00:00-00:00,0,2019-12-31,15,0,ACTUAL,PACW,Total Actual Hourly Integrated Load,SYS_FCST_ACT_MW,3.8,2544,ACTUAL,519
2019-12-31T21:00:00-00:00,2019-12-31T22:00:00-00:00,0,2019-12-31,14,0,ACTUAL,PACW,Total Actual Hourly Integrated Load,SYS_FCST_ACT_MW,3.8,2569,ACTUAL,519
2020-01-01T06:00:00-00:00,2020-01-01T07:00:00-00:00,0,2019-12-31,23,0,ACTUAL,PACW,Total Actual Hourly Integrated Load,SYS_FCST_ACT_MW,3.8,2165,ACTUAL,519
2020-01-01T02:00:00-00:00,2020-01-01T03:00:00-00:00,0,2019-12-31,19,0,ACTUAL,PACW,Total Actual Hourly Integrated Load,SYS_FCST_ACT_MW,3.8,2675,ACTUAL,519
2019-12-31T17:00:00-00:00,2019-12-31T18:00:00-00:00,0,2019-12-31,10,0,ACTUAL,PACW,Total Actual Hourly Integrated Load,SYS_FCST_ACT_MW,3.8,2821,ACTUAL,519
2019-12-31T15:00:00-00:00,2019-12-31T16:00:00-00:00,0,2019-12-31,8,0,ACTUAL,PACW,Total Actual Hourly Integrated Load,SYS_FCST_ACT_MW,3.8,2774,ACTUAL,519
2019-12-31T13:00:00-00:00,2019-12-31T14:00:00-00:00,0,2019-12-31,6,0,ACTUAL,PACW,Total Actual Hourly Integrated Load,SYS_FCST_ACT_MW,3.8,2400,ACTUAL,519
2019-12-31T10:00:00-00:00,2019-12-31T11:00:00-00:00,0,2019-12-31,3,0,ACTUAL,PACW,Total Actual Hourly Integrated Load,SYS_FCST_ACT_MW,3.8,2121,ACTUAL,519
2019-12-31T09:00:00-00:00,2019-12-31T10:00:00-00:00,0,2019-12-31,2,0,ACTUAL,PACW,Total Actual Hourly Integrated Load,SYS_FCST_ACT_MW,3.8,2147,ACTUAL,519
2020-01-01T05:00:00-00:00,2020-01-01T06:00:00-00:00,0,2019-12-31,22,0,ACTUAL,PACW,Total Actual Hourly Integrated Load,SYS_FCST_ACT_MW,3.8,2277,ACTUAL,519
2020-01-01T04:00:00-00:00,2020-01-01T05:00:00-00:00,0,2019-12-31,21,0,ACTUAL,PACW,Total Actual Hourly Integrated Load,SYS_FCST_ACT_MW,3.8,2404,ACTUAL,519
2020-01-01T03:00:00-00:00,2020-01-01T04:00:00-00:00,0,2019-12-31,20,0,ACTUAL,PACW,Total Actual Hourly Integrated Load,SYS_FCST_ACT_MW,3.8,2538,ACTUAL,519
2019-12-31T19:00:00-00:00,2019-12-31T20:00:00-00:00,0,2019-12-31,12,0,ACTUAL,PACW,Total Actual Hourly Integrated Load,SYS_FCST_ACT_MW,3.8,2687,ACTUAL,519
2019-12-31T16:00:00-00:00,2019-12-31T17:00:00-00:00,0,2019-12-31,9,0,ACTUAL,PACW,Total Actual Hourly Integrated Load,SYS_FCST_ACT_MW,3.8,2823,ACTUAL,519
2019-12-31T11:00:00-00:00,2019-12-31T12:00:00-00:00,0,2019-12-31,4,0,ACTUAL,PACW,Total Actual Hourly Integrated Load,SYS_FCST_ACT_MW,3.8,2135,ACTUAL,519
2019-12-31T23:00:00-00:00,2020-01-01T00:00:00-00:00,0,2019-12-31,16,0,ACTUAL,PACW,Total Actual Hourly Integrated Load,SYS_FCST_ACT_MW,3.8,2567,ACTUAL,519
2019-12-31T20:00:00-00:00,2019-12-31T21:00:00-00:00,0,2019-12-31,13,0,ACTUAL,PACW,Total Actual Hourly Integrated Load,SYS_FCST_ACT_MW,3.8,2618,ACTUAL,519
2019-12-31T14:00:00-00:00,2019-12-31T15:00:00-00:00,0,2019-12-31,7,0,ACTUAL,PACW,Total Actual Hourly Integrated Load,SYS_FCST_ACT_MW,3.8,2618,ACTUAL,519
2020-01-01T00:00:00-00:00,2020-01-01T01:00:00-00:00,0,2019-12-31,17,0,ACTUAL,PACW,Total Actual Hourly Integrated Load,SYS_FCST_ACT_MW,3.8,2701,ACTUAL,519
2019-12-31T18:00:00-00:00,2019-12-31T19:00:00-00:00,0,2019-12-31,11,0,ACTUAL,PACW,Total Actual Hourly Integrated Load,SYS_FCST_ACT_MW,3.8,2759,ACTUAL,519
2019-12-31T12:00:00-00:00,2019-12-31T13:00:00-00:00,0,2019-12-31,5,0,ACTUAL,PACW,Total Actual Hourly Integrated Load,SYS_FCST_ACT_MW,3.8,2224,ACTUAL,519
2020-01-01T07:00:00-00:00,2020-01-01T08:00:00-00:00,0,2019-12-31,24,0,ACTUAL,PACW,Total Actual Hourly Integrated Load,SYS_FCST_ACT_MW,3.8,2057,ACTUAL,519
2019-12-31T08:00:00-00:00,2019-12-31T09:00:00-00:00,0,2019-12-31,1,0,ACTUAL,PACW,Total Actual Hourly Integrated Load,SYS_FCST_ACT_MW,3.8,2194,ACTUAL,519
2019-12-31T08:00:00-00:00,2019-12-31T09:00:00-00:00,0,2019-12-31,1,0,ACTUAL,PGE,Total Actual Hourly Integrated Load,SYS_FCST_ACT_MW,3.8,2112,ACTUAL,520
2019-12-31T22:00:00-00:00,2019-12-31T23:00:00-00:00,0,2019-12-31,15,0,ACTUAL,PGE,Total Actual Hourly Integrated Load,SYS_FCST_ACT_MW,3.8,2795,ACTUAL,520
2019-12-31T21:00:00-00:00,2019-12-31T22:00:00-00:00,0,2019-12-31,14,0,ACTUAL,PGE,Total Actual Hourly Integrated Load,SYS_FCST_ACT_MW,3.8,2811,ACTUAL,520
2019-12-31T23:00:00-00:00,2020-01-01T00:00:00-00:00,0,2019-12-31,16,0,ACTUAL,PGE,Total Actual Hourly Integrated Load,SYS_FCST_ACT_MW,3.8,2806,ACTUAL,520
2020-01-01T00:00:00-00:00,2020-01-01T01:00:00-00:00,0,2019-12-31,17,0,ACTUAL,PGE,Total Actual Hourly Integrated Load,SYS_FCST_ACT_MW,3.8,2900,ACTUAL,520
2020-01-01T02:00:00-00:00,2020-01-01T03:00:00-00:00,0,2019-12-31,19,0,ACTUAL,PGE,Total Actual Hourly Integrated Load,SYS_FCST_ACT_MW,3.8,2824,ACTUAL,520
2020-01-01T03:00:00-00:00,2020-01-01T04:00:00-00:00,0,2019-12-31,20,0,ACTUAL,PGE,Total Actual Hourly Integrated Load,SYS_FCST_ACT_MW,3.8,2668,ACTUAL,520
2020-01-01T06:00:00-00:00,2020-01-01T07:00:00-00:00,0,2019-12-31,23,0,ACTUAL,PGE,Total Actual Hourly Integrated Load,SYS_FCST_ACT_MW,3.8,2241,ACTUAL,520
2019-12-31T16:00:00-00:00,2019-12-31T17:00:00-00:00,0,2019-12-31,9,0,ACTUAL,PGE,Total Actual Hourly Integrated Load,SYS_FCST_ACT_MW,3.8,2702,ACTUAL,520
2019-12-31T17:00:00-00:00,2019-12-31T18:00:00-00:00,0,2019-12-31,10,0,ACTUAL,PGE,Total Actual Hourly Integrated Load,SYS_FCST_ACT_MW,3.8,2757,ACTUAL,520
2019-12-31T20:00:00-00:00,2019-12-31T21:00:00-00:00,0,2019-12-31,13,0,ACTUAL,PGE,Total Actual Hourly Integrated Load,SYS_FCST_ACT_MW,3.8,2806,ACTUAL,520
2020-01-01T01:00:00-00:00,2020-01-01T02:00:00-00:00,0,2019-12-31,18,0,ACTUAL,PGE,Total Actual Hourly Integrated Load,SYS_FCST_ACT_MW,3.8,2941,ACTUAL,520
2020-01-01T04:00:00-00:00,2020-01-01T05:00:00-00:00,0,2019-12-31,21,0,ACTUAL,PGE,Total Actual Hourly Integrated Load,SYS_FCST_ACT_MW,3.8,2527,ACTUAL,520
2019-12-31T10:00:00-00:00,2019-12-31T11:00:00-00:00,0,2019-12-31,3,0,ACTUAL,PGE,Total Actual Hourly Integrated Load,SYS_FCST_ACT_MW,3.8,1998,ACTUAL,520
2019-12-31T11:00:00-00:00,2019-12-31T12:00:00-00:00,0,2019-12-31,4,0,ACTUAL,PGE,Total Actual Hourly Integrated Load,SYS_FCST_ACT_MW,3.8,2011,ACTUAL,520
2019-12-31T12:00:00-00:00,2019-12-31T13:00:00-00:00,0,2019-12-31,5,0,ACTUAL,PGE,Total Actual Hourly Integrated Load,SYS_FCST_ACT_MW,3.8,2087,ACTUAL,520
2020-01-01T05:00:00-00:00,2020-01-01T06:00:00-00:00,0,2019-12-31,22,0,ACTUAL,PGE,Total Actual Hourly Integrated Load,SYS_FCST_ACT_MW,3.8,2384,ACTUAL,520
2020-01-01T07:00:00-00:00,2020-01-01T08:00:00-00:00,0,2019-12-31,24,0,ACTUAL,PGE,Total Actual Hourly Integrated Load,SYS_FCST_ACT_MW,3.8,2118,ACTUAL,520
2019-12-31T15:00:00-00:00,2019-12-31T16:00:00-00:00,0,2019-12-31,8,0,ACTUAL,PGE,Total Actual Hourly Integrated Load,SYS_FCST_ACT_MW,3.8,2628,ACTUAL,520
2019-12-31T09:00:00-00:00,2019-12-31T10:00:00-00:00,0,2019-12-31,2,0,ACTUAL,PGE,Total Actual Hourly Integrated Load,SYS_FCST_ACT_MW,3.8,2030,ACTUAL,520
2019-12-31T18:00:00-00:00,2019-12-31T19:00:00-00:00,0,2019-12-31,11,0,ACTUAL,PGE,Total Actual Hourly Integrated Load,SYS_FCST_ACT_MW,3.8,2781,ACTUAL,520
2019-12-31T13:00:00-00:00,2019-12-31T14:00:00-00:00,0,2019-12-31,6,0,ACTUAL,PGE,Total Actual Hourly Integrated Load,SYS_FCST_ACT_MW,3.8,2259,ACTUAL,520
2019-12-31T19:00:00-00:00,2019-12-31T20:00:00-00:00,0,2019-12-31,12,0,ACTUAL,PGE,Total Actual Hourly Integrated Load,SYS_FCST_ACT_MW,3.8,2798,ACTUAL,520
2019-12-31T14:00:00-00:00,2019-12-31T15:00:00-00:00,0,2019-12-31,7,0,ACTUAL,PGE,Total Actual Hourly Integrated Load,SYS_FCST_ACT_MW,3.8,2479,ACTUAL,520
2019-12-31T11:00:00-00:00,2019-12-31T12:00:00-00:00,0,2019-12-31,4,0,ACTUAL,PGE-TAC,Total Actual Hourly Integrated Load,SYS_FCST_ACT_MW,3.1,9207,ACTUAL,521
2019-12-31T12:00:00-00:00,2019-12-31T13:00:00-00:00,0,2019-12-31,5,0,ACTUAL,PGE-TAC,Total Actual Hourly Integrated Load,SYS_FCST_ACT_MW,3.1,9428,ACTUAL,521
2019-12-31T13:00:00-00:00,2019-12-31T14:00:00-00:00,0,2019-12-31,6,0,ACTUAL,PGE-TAC,Total Actual Hourly Integrated Load,SYS_FCST_ACT_MW,3.1,9979,ACTUAL,521
2019-12-31T17:00:00-00:00,2019-12-31T18:00:00-00:00,0,2019-12-31,10,0,ACTUAL,PGE-TAC,Total Actual Hourly Integrated Load,SYS_FCST_ACT_MW,3.1,10852,ACTUAL,521
2019-12-31T20:00:00-00:00,2019-12-31T21:00:00-00:00,0,2019-12-31,13,0,ACTUAL,PGE-TAC,Total Actual Hourly Integrated Load,SYS_FCST_ACT_MW,3.1,10293,ACTUAL,521
2019-12-31T21:00:00-00:00,2019-12-31T22:00:00-00:00,0,2019-12-31,14,0,ACTUAL,PGE-TAC,Total Actual Hourly Integrated Load,SYS_FCST_ACT_MW,3.1,10352,ACTUAL,521
2020-01-01T06:00:00-00:00,2020-01-01T07:00:00-00:00,0,2019-12-31,23,0,ACTUAL,PGE-TAC,Total Actual Hourly Integrated Load,SYS_FCST_ACT_MW,3.1,10696,ACTUAL,521
2019-12-31T18:00:00-00:00,2019-12-31T19:00:00-00:00,0,2019-12-31,11,0,ACTUAL,PGE-TAC,Total Actual Hourly Integrated Load,SYS_FCST_ACT_MW,3.1,10687,ACTUAL,521
2019-12-31T09:00:00-00:00,2019-12-31T10:00:00-00:00,0,2019-12-31,2,0,ACTUAL,PGE-TAC,Total Actual Hourly Integrated Load,SYS_FCST_ACT_MW,3.1,9437,ACTUAL,521
2019-12-31T23:00:00-00:00,2020-01-01T00:00:00-00:00,0,2019-12-31,16,0,ACTUAL,PGE-TAC,Total Actual Hourly Integrated Load,SYS_FCST_ACT_MW,3.1,10655,ACTUAL,521
2020-01-01T00:00:00-00:00,2020-01-01T01:00:00-00:00,0,2019-12-31,17,0,ACTUAL,PGE-TAC,Total Actual Hourly Integrated Load,SYS_FCST_ACT_MW,3.1,11386,ACTUAL,521
2020-01-01T02:00:00-00:00,2020-01-01T03:00:00-00:00,0,2019-12-31,19,0,ACTUAL,PGE-TAC,Total Actual Hourly Integrated Load,SYS_FCST_ACT_MW,3.1,12376,ACTUAL,521
2019-12-31T16:00:00-00:00,2019-12-31T17:00:00-00:00,0,2019-12-31,9,0,ACTUAL,PGE-TAC,Total Actual Hourly Integrated Load,SYS_FCST_ACT_MW,3.1,11141,ACTUAL,521
2020-01-01T03:00:00-00:00,2020-01-01T04:00:00-00:00,0,2019-12-31,20,0,ACTUAL,PGE-TAC,Total Actual Hourly Integrated Load,SYS_FCST_ACT_MW,3.1,11931,ACTUAL,521
2020-01-01T05:00:00-00:00,2020-01-01T06:00:00-00:00,0,2019-12-31,22,0,ACTUAL,PGE-TAC,Total Actual Hourly Integrated Load,SYS_FCST_ACT_MW,3.1,11040,ACTUAL,521
2019-12-31T10:00:00-00:00,2019-12-31T11:00:00-00:00,0,2019-12-31,3,0,ACTUAL,PGE-TAC,Total Actual Hourly Integrated Load,SYS_FCST_ACT_MW,3.1,9233,ACTUAL,521
2020-01-01T04:00:00-00:00,2020-01-01T05:00:00-00:00,0,2019-12-31,21,0,ACTUAL,PGE-TAC,Total Actual Hourly Integrated Load,SYS_FCST_ACT_MW,3.1,11460,ACTUAL,521
2020-01-01T07:00:00-00:00,2020-01-01T08:00:00-00:00,0,2019-12-31,24,0,ACTUAL,PGE-TAC,Total Actual Hourly Integrated Load,SYS_FCST_ACT_MW,3.1,10414,ACTUAL,521
2019-12-31T08:00:00-00:00,2019-12-31T09:00:00-00:00,0,2019-12-31,1,0,ACTUAL,PGE-TAC,Total Actual Hourly Integrated Load,SYS_FCST_ACT_MW,3.1,9822,ACTUAL,521
2019-12-31T14:00:00-00:00,2019-12-31T15:00:00-00:00,0,2019-12-31,7,0,ACTUAL,PGE-TAC,Total Actual Hourly Integrated Load,SYS_FCST_ACT_MW,3.1,10750,ACTUAL,521
2019-12-31T19:00:00-00:00,2019-12-31T20:00:00-00:00,0,2019-12-31,12,0,ACTUAL,PGE-TAC,Total Actual Hourly Integrated Load,SYS_FCST_ACT_MW,3.1,10462,ACTUAL,521
2019-12-31T15:00:00-00:00,2019-12-31T16:00:00-00:00,0,2019-12-31,8,0,ACTUAL,PGE-TAC,Total Actual Hourly Integrated Load,SYS_FCST_ACT_MW,3.1,11252,ACTUAL,521
2019-12-31T22:00:00-00:00,2019-12-31T23:00:00-00:00,0,2019-12-31,15,0,ACTUAL,PGE-TAC,Total Actual Hourly Integrated Load,SYS_FCST_ACT_MW,3.1,10347,ACTUAL,521
2020-01-01T01:00:00-00:00,2020-01-01T02:00:00-00:00,0,2019-12-31,18,0,ACTUAL,PGE-TAC,Total Actual Hourly Integrated Load,SYS_FCST_ACT_MW,3.1,12478,ACTUAL,521
2019-12-31T08:00:00-00:00,2019-12-31T09:00:00-00:00,0,2019-12-31,1,0,ACTUAL,PSEI,Total Actual Hourly Integrated Load,SYS_FCST_ACT_MW,3.8,2550,ACTUAL,522
2020-01-01T06:00:00-00:00,2020-01-01T07:00:00-00:00,0,2019-12-31,23,0,ACTUAL,PSEI,Total Actual Hourly Integrated Load,SYS_FCST_ACT_MW,3.8,2714,ACTUAL,522
2019-12-31T15:00:00-00:00,2019-12-31T16:00:00-00:00,0,2019-12-31,8,0,ACTUAL,PSEI,Total Actual Hourly Integrated Load,SYS_FCST_ACT_MW,3.8,3204,ACTUAL,522
2019-12-31T20:00:00-00:00,2019-12-31T21:00:00-00:00,0,2019-12-31,13,0,ACTUAL,PSEI,Total Actual Hourly Integrated Load,SYS_FCST_ACT_MW,3.8,3479,ACTUAL,522
2020-01-01T00:00:00-00:00,2020-01-01T01:00:00-00:00,0,2019-12-31,17,0,ACTUAL,PSEI,Total Actual Hourly Integrated Load,SYS_FCST_ACT_MW,3.8,3595,ACTUAL,522
2019-12-31T11:00:00-00:00,2019-12-31T12:00:00-00:00,0,2019-12-31,4,0,ACTUAL,PSEI,Total Actual Hourly Integrated Load,SYS_FCST_ACT_MW,3.8,2438,ACTUAL,522
2019-12-31T12:00:00-00:00,2019-12-31T13:00:00-00:00,0,2019-12-31,5,0,ACTUAL,PSEI,Total Actual Hourly Integrated Load,SYS_FCST_ACT_MW,3.8,2558,ACTUAL,522
2019-12-31T10:00:00-00:00,2019-12-31T11:00:00-00:00,0,2019-12-31,3,0,ACTUAL,PSEI,Total Actual Hourly Integrated Load,SYS_FCST_ACT_MW,3.8,2417,ACTUAL,522
2019-12-31T22:00:00-00:00,2019-12-31T23:00:00-00:00,0,2019-12-31,15,0,ACTUAL,PSEI,Total Actual Hourly Integrated Load,SYS_FCST_ACT_MW,3.8,3437,ACTUAL,522
2020-01-01T01:00:00-00:00,2020-01-01T02:00:00-00:00,0,2019-12-31,18,0,ACTUAL,PSEI,Total Actual Hourly Integrated Load,SYS_FCST_ACT_MW,3.8,3637,ACTUAL,522
2019-12-31T17:00:00-00:00,2019-12-31T18:00:00-00:00,0,2019-12-31,10,0,ACTUAL,PSEI,Total Actual Hourly Integrated Load,SYS_FCST_ACT_MW,3.8,3391,ACTUAL,522
2019-12-31T18:00:00-00:00,2019-12-31T19:00:00-00:00,0,2019-12-31,11,0,ACTUAL,PSEI,Total Actual Hourly Integrated Load,SYS_FCST_ACT_MW,3.8,3450,ACTUAL,522
2019-12-31T19:00:00-00:00,2019-12-31T20:00:00-00:00,0,2019-12-31,12,0,ACTUAL,PSEI,Total Actual Hourly Integrated Load,SYS_FCST_ACT_MW,3.8,3474,ACTUAL,522
2020-01-01T02:00:00-00:00,2020-01-01T03:00:00-00:00,0,2019-12-31,19,0,ACTUAL,PSEI,Total Actual Hourly Integrated Load,SYS_FCST_ACT_MW,3.8,3476,ACTUAL,522
2020-01-01T04:00:00-00:00,2020-01-01T05:00:00-00:00,0,2019-12-31,21,0,ACTUAL,PSEI,Total Actual Hourly Integrated Load,SYS_FCST_ACT_MW,3.8,3089,ACTUAL,522
2020-01-01T05:00:00-00:00,2020-01-01T06:00:00-00:00,0,2019-12-31,22,0,ACTUAL,PSEI,Total Actual Hourly Integrated Load,SYS_FCST_ACT_MW,3.8,2903,ACTUAL,522
2019-12-31T09:00:00-00:00,2019-12-31T10:00:00-00:00,0,2019-12-31,2,0,ACTUAL,PSEI,Total Actual Hourly Integrated Load,SYS_FCST_ACT_MW,3.8,2455,ACTUAL,522
2019-12-31T13:00:00-00:00,2019-12-31T14:00:00-00:00,0,2019-12-31,6,0,ACTUAL,PSEI,Total Actual Hourly Integrated Load,SYS_FCST_ACT_MW,3.8,2777,ACTUAL,522
2020-01-01T07:00:00-00:00,2020-01-01T08:00:00-00:00,0,2019-12-31,24,0,ACTUAL,PSEI,Total Actual Hourly Integrated Load,SYS_FCST_ACT_MW,3.8,2556,ACTUAL,522
2019-12-31T16:00:00-00:00,2019-12-31T17:00:00-00:00,0,2019-12-31,9,0,ACTUAL,PSEI,Total Actual Hourly Integrated Load,SYS_FCST_ACT_MW,3.8,3310,ACTUAL,522
2019-12-31T21:00:00-00:00,2019-12-31T22:00:00-00:00,0,2019-12-31,14,0,ACTUAL,PSEI,Total Actual Hourly Integrated Load,SYS_FCST_ACT_MW,3.8,3464,ACTUAL,522
2019-12-31T23:00:00-00:00,2020-01-01T00:00:00-00:00,0,2019-12-31,16,0,ACTUAL,PSEI,Total Actual Hourly Integrated Load,SYS_FCST_ACT_MW,3.8,3456,ACTUAL,522
2020-01-01T03:00:00-00:00,2020-01-01T04:00:00-00:00,0,2019-12-31,20,0,ACTUAL,PSEI,Total Actual Hourly Integrated Load,SYS_FCST_ACT_MW,3.8,3284,ACTUAL,522
2019-12-31T14:00:00-00:00,2019-12-31T15:00:00-00:00,0,2019-12-31,7,0,ACTUAL,PSEI,Total Actual Hourly Integrated Load,SYS_FCST_ACT_MW,3.8,3027,ACTUAL,522
2019-12-31T19:00:00-00:00,2019-12-31T20:00:00-00:00,0,2019-12-31,12,0,ACTUAL,SCE-TAC,Total Actual Hourly Integrated Load,SYS_FCST_ACT_MW,3.2,9694,ACTUAL,523
2019-12-31T13:00:00-00:00,2019-12-31T14:00:00-00:00,0,2019-12-31,6,0,ACTUAL,SCE-TAC,Total Actual Hourly Integrated Load,SYS_FCST_ACT_MW,3.2,9605,ACTUAL,523
2019-12-31T21:00:00-00:00,2019-12-31T22:00:00-00:00,0,2019-12-31,14,0,ACTUAL,SCE-TAC,Total Actual Hourly Integrated Load,SYS_FCST_ACT_MW,3.2,9560,ACTUAL,523
2019-12-31T22:00:00-00:00,2019-12-31T23:00:00-00:00,0,2019-12-31,15,0,ACTUAL,SCE-TAC,Total Actual Hourly Integrated Load,SYS_FCST_ACT_MW,3.2,9639,ACTUAL,523
2020-01-01T04:00:00-00:00,2020-01-01T05:00:00-00:00,0,2019-12-31,21,0,ACTUAL,SCE-TAC,Total Actual Hourly Integrated Load,SYS_FCST_ACT_MW,3.2,10844,ACTUAL,523
2019-12-31T20:00:00-00:00,2019-12-31T21:00:00-00:00,0,2019-12-31,13,0,ACTUAL,SCE-TAC,Total Actual Hourly Integrated Load,SYS_FCST_ACT_MW,3.2,9571,ACTUAL,523
2020-01-01T07:00:00-00:00,2020-01-01T08:00:00-00:00,0,2019-12-31,24,0,ACTUAL,SCE-TAC,Total Actual Hourly Integrated Load,SYS_FCST_ACT_MW,3.2,9681,ACTUAL,523
2019-12-31T17:00:00-00:00,2019-12-31T18:00:00-00:00,0,2019-12-31,10,0,ACTUAL,SCE-TAC,Total Actual Hourly Integrated Load,SYS_FCST_ACT_MW,3.2,10113,ACTUAL,523
2019-12-31T12:00:00-00:00,2019-12-31T13:00:00-00:00,0,2019-12-31,5,0,ACTUAL,SCE-TAC,Total Actual Hourly Integrated Load,SYS_FCST_ACT_MW,3.2,9130,ACTUAL,523
2019-12-31T10:00:00-00:00,2019-12-31T11:00:00-00:00,0,2019-12-31,3,0,ACTUAL,SCE-TAC,Total Actual Hourly Integrated Load,SYS_FCST_ACT_MW,3.2,9034,ACTUAL,523
2019-12-31T08:00:00-00:00,2019-12-31T09:00:00-00:00,0,2019-12-31,1,0,ACTUAL,SCE-TAC,Total Actual Hourly Integrated Load,SYS_FCST_ACT_MW,3.2,9697,ACTUAL,523
2020-01-01T05:00:00-00:00,2020-01-01T06:00:00-00:00,0,2019-12-31,22,0,ACTUAL,SCE-TAC,Total Actual Hourly Integrated Load,SYS_FCST_ACT_MW,3.2,10519,ACTUAL,523
2019-12-31T15:00:00-00:00,2019-12-31T16:00:00-00:00,0,2019-12-31,8,0,ACTUAL,SCE-TAC,Total Actual Hourly Integrated Load,SYS_FCST_ACT_MW,3.2,10344,ACTUAL,523
2019-12-31T18:00:00-00:00,2019-12-31T19:00:00-00:00,0,2019-12-31,11,0,ACTUAL,SCE-TAC,Total Actual Hourly Integrated Load,SYS_FCST_ACT_MW,3.2,9877,ACTUAL,523
2019-12-31T09:00:00-00:00,2019-12-31T10:00:00-00:00,0,2019-12-31,2,0,ACTUAL,SCE-TAC,Total Actual Hourly Integrated Load,SYS_FCST_ACT_MW,3.2,9287,ACTUAL,523
2020-01-01T06:00:00-00:00,2020-01-01T07:00:00-00:00,0,2019-12-31,23,0,ACTUAL,SCE-TAC,Total Actual Hourly Integrated Load,SYS_FCST_ACT_MW,3.2,10116,ACTUAL,523
2020-01-01T02:00:00-00:00,2020-01-01T03:00:00-00:00,0,2019-12-31,19,0,ACTUAL,SCE-TAC,Total Actual Hourly Integrated Load,SYS_FCST_ACT_MW,3.2,11522,ACTUAL,523
2019-12-31T23:00:00-00:00,2020-01-01T00:00:00-00:00,0,2019-12-31,16,0,ACTUAL,SCE-TAC,Total Actual Hourly Integrated Load,SYS_FCST_ACT_MW,3.2,9812,ACTUAL,523
2019-12-31T16:00:00-00:00,2019-12-31T17:00:00-00:00,0,2019-12-31,9,0,ACTUAL,SCE-TAC,Total Actual Hourly Integrated Load,SYS_FCST_ACT_MW,3.2,10312,ACTUAL,523
2019-12-31T14:00:00-00:00,2019-12-31T15:00:00-00:00,0,2019-12-31,7,0,ACTUAL,SCE-TAC,Total Actual Hourly Integrated Load,SYS_FCST_ACT_MW,3.2,10216,ACTUAL,523
2019-12-31T11:00:00-00:00,2019-12-31T12:00:00-00:00,0,2019-12-31,4,0,ACTUAL,SCE-TAC,Total Actual Hourly Integrated Load,SYS_FCST_ACT_MW,3.2,8959,ACTUAL,523
2020-01-01T03:00:00-00:00,2020-01-01T04:00:00-00:00,0,2019-12-31,20,0,ACTUAL,SCE-TAC,Total Actual Hourly Integrated Load,SYS_FCST_ACT_MW,3.2,11187,ACTUAL,523
2020-01-01T01:00:00-00:00,2020-01-01T02:00:00-00:00,0,2019-12-31,18,0,ACTUAL,SCE-TAC,Total Actual Hourly Integrated Load,SYS_FCST_ACT_MW,3.2,11561,ACTUAL,523
2020-01-01T00:00:00-00:00,2020-01-01T01:00:00-00:00,0,2019-12-31,17,0,ACTUAL,SCE-TAC,Total Actual Hourly Integrated Load,SYS_FCST_ACT_MW,3.2,10462,ACTUAL,523
2020-01-01T01:00:00-00:00,2020-01-01T02:00:00-00:00,0,2019-12-31,18,0,ACTUAL,SCL,Total Actual Hourly Integrated Load,SYS_FCST_ACT_MW,3.8,1405,ACTUAL,524
2019-12-31T21:00:00-00:00,2019-12-31T22:00:00-00:00,0,2019-12-31,14,0,ACTUAL,SCL,Total Actual Hourly Integrated Load,SYS_FCST_ACT_MW,3.8,1339,ACTUAL,524
2019-12-31T20:00:00-00:00,2019-12-31T21:00:00-00:00,0,2019-12-31,13,0,ACTUAL,SCL,Total Actual Hourly Integrated Load,SYS_FCST_ACT_MW,3.8,1343,ACTUAL,524
2019-12-31T16:00:00-00:00,2019-12-31T17:00:00-00:00,0,2019-12-31,9,0,ACTUAL,SCL,Total Actual Hourly Integrated Load,SYS_FCST_ACT_MW,3.8,1292,ACTUAL,524
2019-12-31T13:00:00-00:00,2019-12-31T14:00:00-00:00,0,2019-12-31,6,0,ACTUAL,SCL,Total Actual Hourly Integrated Load,SYS_FCST_ACT_MW,3.8,1057,ACTUAL,524
2020-01-01T07:00:00-00:00,2020-01-01T08:00:00-00:00,0,2019-12-31,24,0,ACTUAL,SCL,Total Actual Hourly Integrated Load,SYS_FCST_ACT_MW,3.8,980,ACTUAL,524
2020-01-01T05:00:00-00:00,2020-01-01T06:00:00-00:00,0,2019-12-31,22,0,ACTUAL,SCL,Total Actual Hourly Integrated Load,SYS_FCST_ACT_MW,3.8,1098,ACTUAL,524
2019-12-31T09:00:00-00:00,2019-12-31T10:00:00-00:00,0,2019-12-31,2,0,ACTUAL,SCL,Total Actual Hourly Integrated Load,SYS_FCST_ACT_MW,3.8,943,ACTUAL,524
2020-01-01T03:00:00-00:00,2020-01-01T04:00:00-00:00,0,2019-12-31,20,0,ACTUAL,SCL,Total Actual Hourly Integrated Load,SYS_FCST_ACT_MW,3.8,1245,ACTUAL,524
2019-12-31T08:00:00-00:00,2019-12-31T09:00:00-00:00,0,2019-12-31,1,0,ACTUAL,SCL,Total Actual Hourly Integrated Load,SYS_FCST_ACT_MW,3.8,983,ACTUAL,524
2019-12-31T23:00:00-00:00,2020-01-01T00:00:00-00:00,0,2019-12-31,16,0,ACTUAL,SCL,Total Actual Hourly Integrated Load,SYS_FCST_ACT_MW,3.8,1337,ACTUAL,524
2020-01-01T06:00:00-00:00,2020-01-01T07:00:00-00:00,0,2019-12-31,23,0,ACTUAL,SCL,Total Actual Hourly Integrated Load,SYS_FCST_ACT_MW,3.8,1033,ACTUAL,524
2020-01-01T04:00:00-00:00,2020-01-01T05:00:00-00:00,0,2019-12-31,21,0,ACTUAL,SCL,Total Actual Hourly Integrated Load,SYS_FCST_ACT_MW,3.8,1168,ACTUAL,524
2019-12-31T22:00:00-00:00,2019-12-31T23:00:00-00:00,0,2019-12-31,15,0,ACTUAL,SCL,Total Actual Hourly Integrated Load,SYS_FCST_ACT_MW,3.8,1329,ACTUAL,524
2019-12-31T18:00:00-00:00,2019-12-31T19:00:00-00:00,0,2019-12-31,11,0,ACTUAL,SCL,Total Actual Hourly Integrated Load,SYS_FCST_ACT_MW,3.8,1329,ACTUAL,524
2019-12-31T19:00:00-00:00,2019-12-31T20:00:00-00:00,0,2019-12-31,12,0,ACTUAL,SCL,Total Actual Hourly Integrated Load,SYS_FCST_ACT_MW,3.8,1340,ACTUAL,524
2019-12-31T11:00:00-00:00,2019-12-31T12:00:00-00:00,0,2019-12-31,4,0,ACTUAL,SCL,Total Actual Hourly Integrated Load,SYS_FCST_ACT_MW,3.8,926,ACTUAL,524
2020-01-01T02:00:00-00:00,2020-01-01T03:00:00-00:00,0,2019-12-31,19,0,ACTUAL,SCL,Total Actual Hourly Integrated Load,SYS_FCST_ACT_MW,3.8,1334,ACTUAL,524
2019-12-31T17:00:00-00:00,2019-12-31T18:00:00-00:00,0,2019-12-31,10,0,ACTUAL,SCL,Total Actual Hourly Integrated Load,SYS_FCST_ACT_MW,3.8,1317,ACTUAL,524
2019-12-31T12:00:00-00:00,2019-12-31T13:00:00-00:00,0,2019-12-31,5,0,ACTUAL,SCL,Total Actual Hourly Integrated Load,SYS_FCST_ACT_MW,3.8,967,ACTUAL,524
2020-01-01T00:00:00-00:00,2020-01-01T01:00:00-00:00,0,2019-12-31,17,0,ACTUAL,SCL,Total Actual Hourly Integrated Load,SYS_FCST_ACT_MW,3.8,1385,ACTUAL,524
2019-12-31T15:00:00-00:00,2019-12-31T16:00:00-00:00,0,2019-12-31,8,0,ACTUAL,SCL,Total Actual Hourly Integrated Load,SYS_FCST_ACT_MW,3.8,1274,ACTUAL,524
2019-12-31T14:00:00-00:00,2019-12-31T15:00:00-00:00,0,2019-12-31,7,0,ACTUAL,SCL,Total Actual Hourly Integrated Load,SYS_FCST_ACT_MW,3.8,1168,ACTUAL,524
2019-12-31T10:00:00-00:00,2019-12-31T11:00:00-00:00,0,2019-12-31,3,0,ACTUAL,SCL,Total Actual Hourly Integrated Load,SYS_FCST_ACT_MW,3.8,921,ACTUAL,524
2019-12-31T22:00:00-00:00,2019-12-31T23:00:00-00:00,0,2019-12-31,15,0,ACTUAL,SDGE-TAC,Total Actual Hourly Integrated Load,SYS_FCST_ACT_MW,3.4,1976,ACTUAL,525
2020-01-01T00:00:00-00:00,2020-01-01T01:00:00-00:00,0,2019-12-31,17,0,ACTUAL,SDGE-TAC,Total Actual Hourly Integrated Load,SYS_FCST_ACT_MW,3.4,2384,ACTUAL,525
2020-01-01T07:00:00-00:00,2020-01-01T08:00:00-00:00,0,2019-12-31,24,0,ACTUAL,SDGE-TAC,Total Actual Hourly Integrated Load,SYS_FCST_ACT_MW,3.4,2091,ACTUAL,525
2019-12-31T10:00:00-00:00,2019-12-31T11:00:00-00:00,0,2019-12-31,3,0,ACTUAL,SDGE-TAC,Total Actual Hourly Integrated Load,SYS_FCST_ACT_MW,3.4,1886,ACTUAL,525
2019-12-31T08:00:00-00:00,2019-12-31T09:00:00-00:00,0,2019-12-31,1,0,ACTUAL,SDGE-TAC,Total Actual Hourly Integrated Load,SYS_FCST_ACT_MW,3.4,1999,ACTUAL,525
2019-12-31T23:00:00-00:00,2020-01-01T00:00:00-00:00,0,2019-12-31,16,0,ACTUAL,SDGE-TAC,Total Actual Hourly Integrated Load,SYS_FCST_ACT_MW,3.4,2119,ACTUAL,525
2020-01-01T05:00:00-00:00,2020-01-01T06:00:00-00:00,0,2019-12-31,22,0,ACTUAL,SDGE-TAC,Total Actual Hourly Integrated Load,SYS_FCST_ACT_MW,3.4,2329,ACTUAL,525
2019-12-31T19:00:00-00:00,2019-12-31T20:00:00-00:00,0,2019-12-31,12,0,ACTUAL,SDGE-TAC,Total Actual Hourly Integrated Load,SYS_FCST_ACT_MW,3.4,1853,ACTUAL,525
2020-01-01T02:00:00-00:00,2020-01-01T03:00:00-00:00,0,2019-12-31,19,0,ACTUAL,SDGE-TAC,Total Actual Hourly Integrated Load,SYS_FCST_ACT_MW,3.4,2639,ACTUAL,525
2019-12-31T14:00:00-00:00,2019-12-31T15:00:00-00:00,0,2019-12-31,7,0,ACTUAL,SDGE-TAC,Total Actual Hourly Integrated Load,SYS_FCST_ACT_MW,3.4,2188,ACTUAL,525
2019-12-31T17:00:00-00:00,2019-12-31T18:00:00-00:00,0,2019-12-31,10,0,ACTUAL,SDGE-TAC,Total Actual Hourly Integrated Load,SYS_FCST_ACT_MW,3.4,2058,ACTUAL,525
2019-12-31T21:00:00-00:00,2019-12-31T22:00:00-00:00,0,2019-12-31,14,0,ACTUAL,SDGE-TAC,Total Actual Hourly Integrated Load,SYS_FCST_ACT_MW,3.4,1840,ACTUAL,525
2020-01-01T06:00:00-00:00,2020-01-01T07:00:00-00:00,0,2019-12-31,23,0,ACTUAL,SDGE-TAC,Total Actual Hourly Integrated Load,SYS_FCST_ACT_MW,3.4,2208,ACTUAL,525
2019-12-31T11:00:00-00:00,2019-12-31T12:00:00-00:00,0,2019-12-31,4,0,ACTUAL,SDGE-TAC,Total Actual Hourly Integrated Load,SYS_FCST_ACT_MW,3.4,1869,ACTUAL,525
2020-01-01T04:00:00-00:00,2020-01-01T05:00:00-00:00,0,2019-12-31,21,0,ACTUAL,SDGE-TAC,Total Actual Hourly Integrated Load,SYS_FCST_ACT_MW,3.4,2430,ACTUAL,525
2019-12-31T09:00:00-00:00,2019-12-31T10:00:00-00:00,0,2019-12-31,2,0,ACTUAL,SDGE-TAC,Total Actual Hourly Integrated Load,SYS_FCST_ACT_MW,3.4,1915,ACTUAL,525
2019-12-31T13:00:00-00:00,2019-12-31T14:00:00-00:00,0,2019-12-31,6,0,ACTUAL,SDGE-TAC,Total Actual Hourly Integrated Load,SYS_FCST_ACT_MW,3.4,2004,ACTUAL,525
2019-12-31T20:00:00-00:00,2019-12-31T21:00:00-00:00,0,2019-12-31,13,0,ACTUAL,SDGE-TAC,Total Actual Hourly Integrated Load,SYS_FCST_ACT_MW,3.4,1804,ACTUAL,525
2020-01-01T01:00:00-00:00,2020-01-01T02:00:00-00:00,0,2019-12-31,18,0,ACTUAL,SDGE-TAC,Total Actual Hourly Integrated Load,SYS_FCST_ACT_MW,3.4,2655,ACTUAL,525
2020-01-01T03:00:00-00:00,2020-01-01T04:00:00-00:00,0,2019-12-31,20,0,ACTUAL,SDGE-TAC,Total Actual Hourly Integrated Load,SYS_FCST_ACT_MW,3.4,2533,ACTUAL,525
2019-12-31T12:00:00-00:00,2019-12-31T13:00:00-00:00,0,2019-12-31,5,0,ACTUAL,SDGE-TAC,Total Actual Hourly Integrated Load,SYS_FCST_ACT_MW,3.4,1878,ACTUAL,525
2019-12-31T15:00:00-00:00,2019-12-31T16:00:00-00:00,0,2019-12-31,8,0,ACTUAL,SDGE-TAC,Total Actual Hourly Integrated Load,SYS_FCST_ACT_MW,3.4,2256,ACTUAL,525
2019-12-31T18:00:00-00:00,2019-12-31T19:00:00-00:00,0,2019-12-31,11,0,ACTUAL,SDGE-TAC,Total Actual Hourly Integrated Load,SYS_FCST_ACT_MW,3.4,1894,ACTUAL,525
2019-12-31T16:00:00-00:00,2019-12-31T17:00:00-00:00,0,2019-12-31,9,0,ACTUAL,SDGE-TAC,Total Actual Hourly Integrated Load,SYS_FCST_ACT_MW,3.4,2216,ACTUAL,525
2019-12-31T17:00:00-00:00,2019-12-31T18:00:00-00:00,0,2019-12-31,10,0,ACTUAL,SRP,Total Actual Hourly Integrated Load,SYS_FCST_ACT_MW,3.8,3180,ACTUAL,526
2019-12-31T23:00:00-00:00,2020-01-01T00:00:00-00:00,0,2019-12-31,16,0,ACTUAL,SRP,Total Actual Hourly Integrated Load,SYS_FCST_ACT_MW,3.8,2894,ACTUAL,526
2019-12-31T10:00:00-00:00,2019-12-31T11:00:00-00:00,0,2019-12-31,3,0,ACTUAL,SRP,Total Actual Hourly Integrated Load,SYS_FCST_ACT_MW,3.8,2675,ACTUAL,526
2020-01-01T00:00:00-00:00,2020-01-01T01:00:00-00:00,0,2019-12-31,17,0,ACTUAL,SRP,Total Actual Hourly Integrated Load,SYS_FCST_ACT_MW,3.8,3076,ACTUAL,526
2020-01-01T06:00:00-00:00,2020-01-01T07:00:00-00:00,0,2019-12-31,23,0,ACTUAL,SRP,Total Actual Hourly Integrated Load,SYS_FCST_ACT_MW,3.8,2877,ACTUAL,526
2019-12-31T08:00:00-00:00,2019-12-31T09:00:00-00:00,0,2019-12-31,1,0,ACTUAL,SRP,Total Actual Hourly Integrated Load,SYS_FCST_ACT_MW,3.8,2721,ACTUAL,526
2019-12-31T11:00:00-00:00,2019-12-31T12:00:00-00:00,0,2019-12-31,4,0,ACTUAL,SRP,Total Actual Hourly Integrated Load,SYS_FCST_ACT_MW,3.8,2757,ACTUAL,526
2020-01-01T07:00:00-00:00,2020-01-01T08:00:00-00:00,0,2019-12-31,24,0,ACTUAL,SRP,Total Actual Hourly Integrated Load,SYS_FCST_ACT_MW,3.8,2827,ACTUAL,526
2019-12-31T12:00:00-00:00,2019-12-31T13:00:00-00:00,0,2019-12-31,5,0,ACTUAL,SRP,Total Actual Hourly Integrated Load,SYS_FCST_ACT_MW,3.8,2903,ACTUAL,526
2019-12-31T15:00:00-00:00,2019-12-31T16:00:00-00:00,0,2019-12-31,8,0,ACTUAL,SRP,Total Actual Hourly Integrated Load,SYS_FCST_ACT_MW,3.8,3177,ACTUAL,526
2019-12-31T20:00:00-00:00,2019-12-31T21:00:00-00:00,0,2019-12-31,13,0,ACTUAL,SRP,Total Actual Hourly Integrated Load,SYS_FCST_ACT_MW,3.8,3006,ACTUAL,526
2020-01-01T03:00:00-00:00,2020-01-01T04:00:00-00:00,0,2019-12-31,20,0,ACTUAL,SRP,Total Actual Hourly Integrated Load,SYS_FCST_ACT_MW,3.8,3097,ACTUAL,526
2019-12-31T09:00:00-00:00,2019-12-31T10:00:00-00:00,0,2019-12-31,2,0,ACTUAL,SRP,Total Actual Hourly Integrated Load,SYS_FCST_ACT_MW,3.8,2677,ACTUAL,526
2019-12-31T14:00:00-00:00,2019-12-31T15:00:00-00:00,0,2019-12-31,7,0,ACTUAL,SRP,Total Actual Hourly Integrated Load,SYS_FCST_ACT_MW,3.8,3165,ACTUAL,526
2019-12-31T19:00:00-00:00,2019-12-31T20:00:00-00:00,0,2019-12-31,12,0,ACTUAL,SRP,Total Actual Hourly Integrated Load,SYS_FCST_ACT_MW,3.8,3034,ACTUAL,526
2020-01-01T01:00:00-00:00,2020-01-01T02:00:00-00:00,0,2019-12-31,18,0,ACTUAL,SRP,Total Actual Hourly Integrated Load,SYS_FCST_ACT_MW,3.8,3264,ACTUAL,526
2019-12-31T13:00:00-00:00,2019-12-31T14:00:00-00:00,0,2019-12-31,6,0,ACTUAL,SRP,Total Actual Hourly Integrated Load,SYS_FCST_ACT_MW,3.8,3079,ACTUAL,526
2020-01-01T05:00:00-00:00,2020-01-01T06:00:00-00:00,0,2019-12-31,22,0,ACTUAL,SRP,Total Actual Hourly Integrated Load,SYS_FCST_ACT_MW,3.8,2957,ACTUAL,526
2019-12-31T16:00:00-00:00,2019-12-31T17:00:00-00:00,0,2019-12-31,9,0,ACTUAL,SRP,Total Actual Hourly Integrated Load,SYS_FCST_ACT_MW,3.8,3220,ACTUAL,526
2019-12-31T18:00:00-00:00,2019-12-31T19:00:00-00:00,0,2019-12-31,11,0,ACTUAL,SRP,Total Actual Hourly Integrated Load,SYS_FCST_ACT_MW,3.8,3098,ACTUAL,526
2019-12-31T21:00:00-00:00,2019-12-31T22:00:00-00:00,0,2019-12-31,14,0,ACTUAL,SRP,Total Actual Hourly Integrated Load,SYS_FCST_ACT_MW,3.8,2923,ACTUAL,526
2020-01-01T02:00:00-00:00,2020-01-01T03:00:00-00:00,0,2019-12-31,19,0,ACTUAL,SRP,Total Actual Hourly Integrated Load,SYS_FCST_ACT_MW,3.8,3190,ACTUAL,526
2019-12-31T22:00:00-00:00,2019-12-31T23:00:00-00:00,0,2019-12-31,15,0,ACTUAL,SRP,Total Actual Hourly Integrated Load,SYS_FCST_ACT_MW,3.8,2846,ACTUAL,526
2020-01-01T04:00:00-00:00,2020-01-01T05:00:00-00:00,0,2019-12-31,21,0,ACTUAL,SRP,Total Actual Hourly Integrated Load,SYS_FCST_ACT_MW,3.8,3030,ACTUAL,526
2020-01-01T00:00:00-00:00,2020-01-01T01:00:00-00:00,0,2019-12-31,17,0,ACTUAL,VEA-TAC,Total Actual Hourly Integrated Load,SYS_FCST_ACT_MW,3.5,68,ACTUAL,527
2020-01-01T06:00:00-00:00,2020-01-01T07:00:00-00:00,0,2019-12-31,23,0,ACTUAL,VEA-TAC,Total Actual Hourly Integrated Load,SYS_FCST_ACT_MW,3.5,82,ACTUAL,527
2019-12-31T20:00:00-00:00,2019-12-31T21:00:00-00:00,0,2019-12-31,13,0,ACTUAL,VEA-TAC,Total Actual Hourly Integrated Load,SYS_FCST_ACT_MW,3.5,65,ACTUAL,527
2019-12-31T23:00:00-00:00,2020-01-01T00:00:00-00:00,0,2019-12-31,16,0,ACTUAL,VEA-TAC,Total Actual Hourly Integrated Load,SYS_FCST_ACT_MW,3.5,61,ACTUAL,527
2019-12-31T13:00:00-00:00,2019-12-31T14:00:00-00:00,0,2019-12-31,6,0,ACTUAL,VEA-TAC,Total Actual Hourly Integrated Load,SYS_FCST_ACT_MW,3.5,103,ACTUAL,527
2019-12-31T17:00:00-00:00,2019-12-31T18:00:00-00:00,0,2019-12-31,10,0,ACTUAL,VEA-TAC,Total Actual Hourly Integrated Load,SYS_FCST_ACT_MW,3.5,90,ACTUAL,527
2020-01-01T03:00:00-00:00,2020-01-01T04:00:00-00:00,0,2019-12-31,20,0,ACTUAL,VEA-TAC,Total Actual Hourly Integrated Load,SYS_FCST_ACT_MW,3.5,81,ACTUAL,527
2019-12-31T11:00:00-00:00,2019-12-31T12:00:00-00:00,0,2019-12-31,4,0,ACTUAL,VEA-TAC,Total Actual Hourly Integrated Load,SYS_FCST_ACT_MW,3.5,92,ACTUAL,527
2019-12-31T21:00:00-00:00,2019-12-31T22:00:00-00:00,0,2019-12-31,14,0,ACTUAL,VEA-TAC,Total Actual Hourly Integrated Load,SYS_FCST_ACT_MW,3.5,62,ACTUAL,527
2020-01-01T01:00:00-00:00,2020-01-01T02:00:00-00:00,0,2019-12-31,18,0,ACTUAL,VEA-TAC,Total Actual Hourly Integrated Load,SYS_FCST_ACT_MW,3.5,77,ACTUAL,527
2019-12-31T22:00:00-00:00,2019-12-31T23:00:00-00:00,0,2019-12-31,15,0,ACTUAL,VEA-TAC,Total Actual Hourly Integrated Load,SYS_FCST_ACT_MW,3.5,61,ACTUAL,527
2020-01-01T02:00:00-00:00,2020-01-01T03:00:00-00:00,0,2019-12-31,19,0,ACTUAL,VEA-TAC,Total Actual Hourly Integrated Load,SYS_FCST_ACT_MW,3.5,79,ACTUAL,527
2020-01-01T07:00:00-00:00,2020-01-01T08:00:00-00:00,0,2019-12-31,24,0,ACTUAL,VEA-TAC,Total Actual Hourly Integrated Load,SYS_FCST_ACT_MW,3.5,83,ACTUAL,527
2019-12-31T10:00:00-00:00,2019-12-31T11:00:00-00:00,0,2019-12-31,3,0,ACTUAL,VEA-TAC,Total Actual Hourly Integrated Load,SYS_FCST_ACT_MW,3.5,88,ACTUAL,527
2019-12-31T12:00:00-00:00,2019-12-31T13:00:00-00:00,0,2019-12-31,5,0,ACTUAL,VEA-TAC,Total Actual Hourly Integrated Load,SYS_FCST_ACT_MW,3.5,97,ACTUAL,527
2019-12-31T16:00:00-00:00,2019-12-31T17:00:00-00:00,0,2019-12-31,9,0,ACTUAL,VEA-TAC,Total Actual Hourly Integrated Load,SYS_FCST_ACT_MW,3.5,101,ACTUAL,527
2019-12-31T14:00:00-00:00,2019-12-31T15:00:00-00:00,0,2019-12-31,7,0,ACTUAL,VEA-TAC,Total Actual Hourly Integrated Load,SYS_FCST_ACT_MW,3.5,111,ACTUAL,527
2019-12-31T19:00:00-00:00,2019-12-31T20:00:00-00:00,0,2019-12-31,12,0,ACTUAL,VEA-TAC,Total Actual Hourly Integrated Load,SYS_FCST_ACT_MW,3.5,71,ACTUAL,527
2019-12-31T08:00:00-00:00,2019-12-31T09:00:00-00:00,0,2019-12-31,1,0,ACTUAL,VEA-TAC,Total Actual Hourly Integrated Load,SYS_FCST_ACT_MW,3.5,84,ACTUAL,527
2019-12-31T15:00:00-00:00,2019-12-31T16:00:00-00:00,0,2019-12-31,8,0,ACTUAL,VEA-TAC,Total Actual Hourly Integrated Load,SYS_FCST_ACT_MW,3.5,112,ACTUAL,527
2019-12-31T18:00:00-00:00,2019-12-31T19:00:00-00:00,0,2019-12-31,11,0,ACTUAL,VEA-TAC,Total Actual Hourly Integrated Load,SYS_FCST_ACT_MW,3.5,79,ACTUAL,527
2020-01-01T04:00:00-00:00,2020-01-01T05:00:00-00:00,0,2019-12-31,21,0,ACTUAL,VEA-TAC,Total Actual Hourly Integrated Load,SYS_FCST_ACT_MW,3.5,82,ACTUAL,527
2020-01-01T05:00:00-00:00,2020-01-01T06:00:00-00:00,0,2019-12-31,22,0,ACTUAL,VEA-TAC,Total Actual Hourly Integrated Load,SYS_FCST_ACT_MW,3.5,83,ACTUAL,527
2019-12-31T09:00:00-00:00,2019-12-31T10:00:00-00:00,0,2019-12-31,2,0,ACTUAL,VEA-TAC,Total Actual Hourly Integrated Load,SYS_FCST_ACT_MW,3.5,85,ACTUAL,527
